ID,TARGET
2,0.015051214911922028
5,0.030148250429212927
6,0.004251673937931879
7,0.014745731342702163
9,0.0036959112850874225
11,0.14499510385629188
12,0.0010044873657353121
15,0.05445913996513234
16,0.07195525219920577
17,0.03217606842925045
19,0.004001723750309244
21,0.003799633936135968
22,0.09593522425744183
24,0.004953564782474445
27,0.0021799514303071288
28,0.0026912199268703937
30,0.041330176338171334
33,0.003036498667803489
35,0.005491176741797389
37,0.09940979436803246
38,0.006999531955694901
40,0.1340316903781172
41,0.02514630270342324
44,0.008196129455424798
46,0.1401162932326809
47,0.060979130714832346
48,0.0031552710880536202
50,0.00567430292023458
52,0.08381231917799226
53,0.010735008285558218
55,0.025164435864417748
57,0.003677844931086153
58,0.0002956647549530095
59,0.019396870525942845
62,0.008228969108308915
63,0.0038829316539767175
64,0.005701359291745423
65,0.011864087776080038
67,0.004426895609974935
69,0.030226046192683043
70,0.003430683467092918
71,0.0029934743942524144
72,0.007027130804301853
73,0.00010918566219885732
76,0.0026211328562703385
78,0.0024016599183039585
79,0.015314017896231642
81,0.004495790175554752
85,0.00825587730902675
86,0.003036590504192882
89,0.008580072195233112
94,0.041409475922927895
96,0.002315209026249926
97,0.023614054707881648
98,0.0035084664962470157
99,0.01663642128673591
100,0.1560409405384439
103,0.06735377861790154
104,0.006502933569284285
108,0.006932308820889525
110,0.008436171470490776
112,0.023706839465015773
114,0.018827601079061815
116,0.0004954689740503353
117,0.0026162764399296733
119,0.014745517914816045
120,0.0003528679672560955
121,0.0034065436744700056
123,0.0484592373560763
124,0.005846621198855539
126,0.003176337796940355
128,0.00370661270217364
129,0.03475875589209892
133,0.012083794457035012
138,0.0034641354028271936
147,0.02408277962798593
149,0.02114058914317967
158,0.0031552153027229724
160,0.0039800570908521465
164,0.02083646775609059
167,0.04865673802701419
168,0.0003563714578174918
174,0.002982446354414723
181,0.11958810832196905
185,0.013992452113962455
187,0.010010570691900544
189,0.00902052243695148
190,0.023182966095538306
194,0.006940716972955422
197,0.013393120839906458
198,0.02550267443447649
201,0.04552069200048445
205,0.0029992769064231613
208,0.017546102837225724
211,0.00947160513546757
216,0.02236146423165535
219,0.05799039028970923
223,0.00238316948578251
224,0.08666863439070688
226,0.022406000563697195
229,0.005493218420704784
230,0.05472569149007335
237,0.020821564010541103
238,0.02714406748295622
240,0.04753042688850585
243,0.005943185418636563
245,0.13174204592395203
246,0.14145272270623524
247,0.008619404372523383
248,0.003304805718834845
249,0.003036505141945131
250,0.14766684899851615
251,0.0032930710248052285
255,0.05543771989096458
256,0.059393419986330395
257,0.03297089944346304
260,0.09875819732977076
261,0.00057812226740837
263,0.06671288693395483
264,0.07960667991098876
267,0.0002969750118832426
268,0.007752880638685715
272,0.005975032214637431
274,0.021305862429566884
275,0.003763571392726381
277,0.12067004419061876
278,0.1369125944322241
280,0.00017983557948639085
281,0.012226119272911153
282,0.05409812646117747
283,0.004117150039064727
284,0.06602099322955522
286,0.022060773144657188
290,0.002149671344304977
291,0.007602396657084738
293,0.02977226829667033
295,0.04562280863438789
297,0.0049186150302076796
298,0.029533375616567888
300,0.00015035432567189107
304,0.0007353977823971383
305,2.9284492211975618e-05
308,0.004273548821792628
309,0.0034165605731354257
310,0.003503510738829407
312,0.006633834487448812
313,0.06543836916266384
315,0.0004893397813977012
317,0.03409292601032794
318,0.0319917480911906
321,0.006518219179524397
323,0.009263090816248414
325,0.00033726107115048025
326,0.020037481548665907
327,0.00842722493569885
328,0.024434199124948066
329,0.009561518317324331
330,0.009590703397556905
331,0.00986148762867813
334,0.014918344147203905
335,0.012949748183287708
336,0.04188192265427344
337,0.0010327628093604092
338,0.022199286508306607
339,0.021894965422158814
341,0.11858841420311972
343,5.652231462270629e-12
346,0.005558795706922668
348,0.0036699860545761783
350,0.08971846223501977
351,0.0026308556556572426
352,0.018052224324887445
357,0.031805153870589166
358,0.003882824878959785
360,0.014267450769937294
361,0.01818469888074728
364,0.050349912119066725
365,0.034331110764908135
366,0.011165912270130715
367,0.0048604594048147496
368,0.021259118328522175
370,0.002761949517675143
372,0.00027608107489496714
376,0.0029286481245515902
377,0.005996674984312413
379,0.0047710458646017416
380,0.017050422915759467
381,0.010937979242708734
385,0.006503128900023744
386,0.007935935651394228
389,0.021796110691295126
391,0.030137178628290528
392,0.006998021017921271
393,0.0017082654372629195
395,0.021230049797530275
396,0.0027593580351109983
397,0.0018551880740144073
398,0.027204656843258877
399,0.0189710566506635
400,0.005617342971374821
401,0.16327277801220308
403,0.0010652996280820046
405,0.015394923749579655
406,0.003260525979663407
409,0.010027248049120323
411,0.015602282692012352
413,0.012283382426915365
418,4.144275528962892e-06
419,0.015694757922736346
422,0.018052224324887445
424,0.135424110598519
425,0.0001064869608730325
427,0.002315209026249926
430,0.0029961388166959433
431,0.021655380633574348
434,0.018800153716997982
435,0.006307904368336759
437,0.018021719073733348
438,1.275231051846843e-05
439,0.12982035278847578
442,0.0038829419009527777
446,0.005303129900544738
450,0.17261073781557787
451,0.0029405314962683265
452,0.00416327928211849
454,0.003734839205942534
455,3.692730098390188e-05
463,0.01317199550632139
464,0.005407824821834754
465,0.004408923776946107
467,0.056608439596459496
468,0.14323631217440003
470,0.018790163469206134
472,0.06474237567422389
473,0.02202966862735168
475,0.0006025756802310465
476,0.004141490622709689
479,0.023150753371472686
481,0.0001315115937628056
483,0.010318533727856582
484,0.0032246624698678886
486,0.006630048291167235
487,0.003874239988598536
491,0.00512101866368549
494,0.004576068213463359
495,0.017538954914031155
497,0.04262331042495215
498,0.00012556590838020535
499,0.003947446278832521
503,0.024821003065297057
504,0.009241642325538332
505,0.004400242502664096
506,0.0013023875715452925
507,2.299429063978627e-05
508,0.06470314235719683
509,0.027469378662892507
510,9.4977018523324e-05
511,8.521453779235344e-06
512,0.024079192764456855
516,0.006546586011811442
518,0.00621429317951141
519,0.03388077331329986
520,0.0009117731899316446
521,0.004161521303797151
522,2.364501136802212e-05
524,0.11265339156111595
525,0.00016654648258792936
526,0.0017239367754577277
528,0.02302694259958043
529,0.045449813089926065
531,0.02421262965824977
532,0.08829331835612342
534,0.04164363410275049
536,0.04156538184666155
539,0.022445159675936497
540,0.010562864441465843
541,0.0030363986420127863
542,0.03779391441308808
545,0.006959414491053284
546,0.0035022567831250583
552,0.003296926183412309
556,0.006170536187183196
557,0.0023006045711055946
559,0.026657005089950603
562,0.0005660593913975427
563,0.007854481487034397
565,0.06657217443972563
569,0.008020123094750331
570,0.03313450967287473
574,0.07603278260477647
575,0.005935126546058197
585,0.006013699906837011
589,0.001241213019051618
590,0.018730182443037938
592,0.019025173800109065
593,0.01621029351070681
594,0.005960865209058122
595,0.016533358470710503
597,0.0002182113986190812
601,0.005161296548166468
603,0.005330220508212052
604,0.0036698163120552165
605,0.004372037846302324
607,0.0030365805931883328
608,1.940677460523066e-06
610,0.02588506992585017
612,0.00019902257887398077
613,0.01963983183511813
615,0.02793654502632004
616,0.30191605655572723
617,0.007009870900420844
619,0.006572996890042565
620,0.07494944116308325
621,0.0018181246246530666
624,0.035488301527295915
625,1.7770194613919324e-05
628,0.006751598228007784
629,0.11043151700133969
630,0.005722131863485858
632,0.007292448561358945
634,0.002752565078337151
637,0.013166875975307872
638,0.04454081042155143
642,0.00960228364736133
643,0.002189284759716993
644,0.030590954337871273
646,0.002920626101626618
655,0.002846044682397889
660,0.023026618329129236
664,0.039597691562012705
665,0.021211090970229298
666,0.0027730558470298724
670,0.05303818719770701
671,0.14692774385441626
672,0.0006223052455479578
675,0.005171043209821198
676,0.008902628875832735
677,0.025232766922115686
678,0.02368705040602272
680,0.004005518878903459
683,0.08491681800800756
684,0.017722386007202936
685,0.012484944538952289
691,0.13061370580914167
693,0.004136002360515701
696,0.0036101456415477597
698,0.00014599648791907725
699,0.02287420643408498
700,0.008107396894824669
703,0.02176039163328604
704,0.032208842616278245
705,0.0028867739180934164
707,0.07927874898055524
709,0.030266642035688362
711,0.13224260219838793
713,0.01965847798585989
716,0.0037800685176706933
719,0.0030365413485375923
721,0.004223088324042265
722,0.0026578893714824616
723,0.012909361168083933
724,0.004492963712226116
727,0.003166955371302183
728,0.017274142105329314
729,0.0024272125219959606
733,0.009448155611198349
736,1.8231286274293144e-14
739,0.0131538288951243
742,0.1490484218202047
743,0.024118148527246218
744,4.480797986122421e-05
745,0.14762945033665845
747,0.0010383847567458134
749,0.017769974539908386
750,0.006073993456595818
751,0.013256828632262914
752,0.006692413795557723
755,0.0032971775647121404
756,0.0017950536426496605
762,0.008110695027692145
763,0.02906441840065168
764,0.010900159830550852
765,0.004208111723402493
766,0.0022238886282491674
769,0.006434020948588498
770,0.08675301516214742
773,0.0041370036500076495
774,0.010332805533285937
776,0.009608943962045053
777,0.00340966577095186
778,0.0011385447789314391
779,0.005515312562903612
780,0.003437846281858767
781,0.010665539907828727
786,0.021794038635703006
788,0.0033686119559145572
794,0.02132816956739955
796,0.1094197594438142
801,0.030019179491292878
802,0.00995126006944222
803,0.00010193540718088198
804,0.002422689296604991
805,0.0042461787652617105
809,0.016143836728866906
810,0.04045835082215459
817,0.0055493996931381025
819,0.014463631821714205
821,0.003462452506037705
824,0.1064489555865387
825,0.01610946450647513
826,0.05482592469078348
830,0.003631935035623621
831,0.02227620960683287
832,0.008907882059918989
833,0.0025144440127301626
837,0.023607502739255267
839,0.0025114343951330013
840,0.002164418835177638
841,0.011023200125993969
842,0.009789983203029817
843,0.0033826736878778633
844,0.01762677053856252
845,0.005310204265541883
848,0.0024542062156987215
853,0.005756426072522066
854,0.0028584308569948942
855,0.0038676761006677268
856,0.01643565318540225
861,0.007071681796607171
865,0.02407971146980219
866,0.0061768507446974385
867,0.02413561131526354
870,0.00396115587937071
871,0.015622461718653578
872,0.008014343916610095
873,0.022004154936282314
874,0.07898523318715729
875,1.7379926780768403e-06
876,0.009592057714399348
879,0.022706175039292606
880,0.00303659697852973
883,0.004731634530201404
884,0.0050473041804888095
886,0.016003093822482006
890,0.002986406192943805
892,0.03659608443613047
893,0.023530774929581586
894,0.008955758838979094
895,0.03204204515187526
896,0.005080265516661852
897,0.0010176680891045477
899,0.09426970610548381
900,0.004744074221379423
901,0.007504853686407181
902,0.08773034976144452
905,0.005344777299077099
912,0.02743841731325729
914,0.1297174319000582
915,0.009053819942025346
917,0.0017013341141322027
918,0.003237125002327123
919,0.010673631374279392
921,4.6025382064598824e-06
922,0.006143458065633852
923,0.002891952103909062
926,0.0028348947928864532
929,0.007127826114700414
930,0.004322232049782815
931,0.01636643692730632
937,0.003940268126289105
938,0.008252076613288972
939,0.015473687714420993
941,0.009760493445286917
946,0.012789542636156087
947,0.00014009902443643625
950,0.0025919570915702364
951,0.003107112330365956
952,0.020417327904306316
953,0.03129702826530148
954,0.0034701431604368537
955,0.016312038800422642
956,0.11151113519897714
957,0.01873607596187858
960,0.00887187115171442
963,0.14057217876878234
966,0.06107766778758905
969,0.0010046372192530713
971,0.002109161359848263
972,0.004102383512873425
975,0.0013656685906974454
980,0.01895915563564186
982,0.036391121949544955
983,0.002288052789353913
985,0.031135592388066426
987,4.328967348315338e-05
988,0.00011420276299421528
991,0.0074174699696925445
992,0.0048943806950398384
995,0.1572640087148789
996,0.004000722436335298
998,0.004168706397357959
1001,0.132935190896259
1002,0.004339431415767792
1004,0.019288568153946632
1005,0.20399809420143564
1010,0.0036570897441527443
1011,0.001877535085598748
1012,0.0034412675354454883
1013,0.03654810787510031
1014,0.006513370749096016
1015,0.0818229186658469
1016,0.003947308519497602
1022,0.003161997159082466
1023,0.009303877475741596
1024,0.0012862161897858012
1025,0.020284917125108232
1026,0.047851277961310286
1028,0.002171808184608925
1029,0.016318891408020623
1032,0.039447217601746874
1034,0.012584826879446053
1036,0.01092602053752296
1037,0.00012056646686402424
1039,0.007887145426970582
1042,0.016543280266425577
1045,0.024151588043727388
1046,0.12445830593711008
1050,0.001043032716328796
1052,0.0001458881462348142
1055,0.020199893780024618
1057,0.0007611495942026729
1058,0.002033223094546455
1060,0.0030981553640211756
1062,0.0030876386300971075
1063,0.025191895164392162
1064,0.026665274292483634
1065,0.0016618323022653944
1066,0.009641305738630037
1067,0.10393643270630316
1068,0.13305341211548327
1070,0.11262747322283458
1072,0.003157517159739954
1077,0.14357843196043144
1078,0.0038827531528463385
1079,0.004058053587754116
1081,0.008512883408507116
1082,0.07562261356574411
1093,0.09039136112610369
1094,0.026265979850124837
1102,0.03487840432501243
1103,0.03302505433132342
1106,0.0055649266888809935
1107,0.14213668336641913
1112,0.008864966853593387
1113,0.001313694976041916
1114,0.008308558643371279
1116,0.0003393564678283072
1118,0.0005453174504275799
1120,0.025878007481092716
1121,0.006474671550880665
1128,0.0019503099009535823
1130,0.028641801781940205
1132,0.0042918642315434834
1135,0.0052419367037397965
1138,0.058200530123585434
1139,0.00395912326111348
1141,0.021730263566119158
1143,0.09667859851679199
1146,0.0707666045608945
1148,0.018052224324887445
1149,0.040450170996902526
1151,0.0045120643504525885
1152,0.020607128085141698
1153,0.0044211066376618246
1155,0.005274543958952874
1157,0.0031880774433750655
1160,0.006004049535654327
1161,0.0041438615329455
1162,0.010588366861900374
1164,0.030289784857354753
1168,0.0074307869832394725
1169,0.007516467156435277
1174,0.13383504023962745
1176,0.005885642825470316
1177,0.061116225829715924
1178,0.005773762640584983
1180,0.003847205998562968
1181,0.03652891121053602
1182,0.016733605107372478
1185,0.003405249309923773
1190,0.007541229732986425
1194,0.004000131959969079
1196,0.016112446198718437
1199,0.014071678630571917
1200,0.00657333942173675
1201,0.008077844689722797
1202,0.08564443156557104
1206,0.07323647484370426
1207,0.017877842672787463
1208,0.004071679787875571
1212,0.028401749034946855
1216,0.002948917551429254
1219,0.014299035377363527
1221,0.005053169751513263
1222,0.0030364477953649673
1225,0.004039583796270022
1227,0.016146613276761982
1230,0.00030392055015371155
1231,0.0216423210652815
1232,0.015246109108490006
1233,0.0033522845181281615
1234,0.021603622789369996
1235,0.004222777502617938
1236,0.11614935308005282
1237,0.005805601147294606
1238,0.06111016673226938
1239,0.0051488414519299626
1240,0.2061341466193968
1241,0.004423555091912225
1244,0.021857201241838226
1245,0.0066012131955634655
1247,0.016663871335087663
1250,0.08535124252169646
1251,0.002864477143592268
1257,0.0028460622418655926
1259,0.0035887898610709144
1266,0.04605930082193908
1267,0.09839991556855936
1268,0.001352452910060919
1270,0.1471117348928306
1272,0.015914732935958638
1273,0.0135092610710496
1276,0.014775430711695866
1278,0.0023312918761806338
1279,0.027544588736639532
1283,0.011064828839051785
1284,0.023124893093373858
1286,0.005088313919445872
1289,0.019598423007032184
1290,0.004142723538988138
1292,0.0033744569744988792
1293,0.005721967339822209
1294,0.024041382262161872
1296,0.046369912954560694
1298,0.004490817740789991
1299,0.12632335076130774
1301,0.004445233577055375
1304,0.014451531286214993
1306,0.005123715529164385
1308,0.04441609183033839
1310,0.06092198676965606
1311,0.008892585528356192
1312,0.06225601817701607
1315,0.00394497222314823
1318,0.02619326223182224
1319,0.004364627114294225
1320,0.003494030529925004
1323,0.00530946936529019
1324,0.016486014523783378
1325,0.21888258258170146
1326,0.005751520319280342
1329,0.11253525678003083
1331,0.031292904242723026
1332,0.01844154191496462
1335,0.0029462255398073874
1336,0.09354021788359668
1338,0.044501478092138363
1340,0.02098888291080014
1342,0.0029862560289283502
1345,0.004247844887793653
1347,0.001835047234853549
1349,0.023117042887631313
1350,0.05304936611084091
1351,0.0039275046359009145
1354,0.0002729773826040119
1355,0.016230858237030462
1356,0.019046657030619515
1359,0.044235128217978516
1361,0.11287187018002488
1362,0.058799782800778855
1363,0.07702476759064832
1365,0.006076557950219569
1366,0.03861335796351916
1367,0.024408700072172617
1368,0.003417462155210093
1369,0.00202477351416931
1370,0.007952330572546658
1371,0.0060464540592715214
1372,0.11143733373222744
1374,0.007109228088817997
1375,0.05245067665717608
1376,0.039006297029906774
1379,8.681589370534563e-06
1380,0.008368451310079999
1383,0.018052224324887445
1387,0.03275276994914271
1388,0.03204096091847009
1389,9.967642083878693e-05
1390,0.025375989678604726
1394,0.0063518933614697464
1396,0.11318145535359429
1397,0.023011539570754903
1399,0.013065190376469736
1400,0.020613468844406284
1402,0.09207799583552334
1403,0.12646842125446708
1404,0.06418958142112871
1405,1.782361916133863e-08
1407,0.0008065844355803601
1409,0.004194500584905108
1413,0.006603075958707434
1415,0.033501385058033496
1416,0.01449708708824319
1418,0.0030399106681974772
1422,0.003434387207531415
1423,0.004723299119424119
1425,5.813516489530109e-05
1428,0.02260130354611327
1429,0.009369226532133708
1430,0.018052224324887445
1431,0.21305117082822095
1432,0.004402751120995208
1434,0.003235151726487629
1435,0.0025011996353906138
1436,0.10728245951034603
1438,0.0036653615535118815
1443,0.01582553234121618
1445,0.2678665680518545
1446,0.059389303576657004
1453,0.0022262045371963892
1456,0.015964664567997118
1458,0.013585838564567045
1459,0.0020191332130554064
1460,0.04670837625743731
1461,0.0012543699153533439
1462,0.06425807340201903
1463,0.02118361763386758
1466,0.09752970790638119
1467,0.02003805075855752
1469,0.02286324388421944
1470,0.0008209862606197379
1471,0.10145757932483329
1473,0.004844768312150505
1476,0.004564255381403887
1477,0.08232660849559582
1481,0.018052224324887445
1482,0.030280858274172713
1485,0.038038928667264486
1486,0.13488519987365497
1490,0.03939935677235693
1491,0.1019136031462462
1493,0.004025560656409455
1494,0.025748323427713986
1500,0.005540569934477483
1504,0.014719568638551696
1506,0.003563541959314549
1509,0.008243286967492434
1512,0.009168947969300428
1514,0.03147100835605021
1518,0.018597128582856327
1520,0.002581881686333028
1522,0.08727078033857055
1525,0.10323397815349193
1526,0.021177326315791386
1529,0.10220176280998572
1530,0.02857562234542359
1532,0.0029863949657216783
1533,0.01360974708981327
1537,0.0063253719637879555
1542,0.009432170786082276
1544,0.00705727088092139
1545,0.13884011078079744
1546,0.07702476759064832
1549,0.0529787570767719
1551,0.0025501001262668737
1552,0.00240745198520137
1555,0.023464878644729965
1556,0.003648405630211244
1558,0.1324984910354203
1560,0.004071497889096378
1561,0.023683211487551547
1562,0.00383554575627628
1563,0.004062311512974787
1566,0.016223768540444272
1568,0.012844443563076341
1570,0.012736381606686368
1575,0.11794251131668451
1577,0.004834887307440837
1579,0.0029551478938463147
1581,0.005096724379410756
1582,0.015105101183300999
1585,0.03143328640038862
1586,0.005241136918740713
1587,0.011989218046097278
1593,0.032176601421181845
1597,0.06125942250379092
1599,0.005091566974178586
1608,0.004985731481255034
1609,0.018052224324887445
1612,0.023462498627104547
1615,0.003708014697634181
1616,0.012899021276426
1618,0.048321839838097395
1619,0.003036496949510424
1624,0.0051763574976710965
1625,0.019848831490743044
1627,0.0036594208932614817
1628,0.10045365003917857
1635,0.0037899641221235203
1636,0.03300790368998149
1637,0.020595899424378696
1640,0.010346928182738325
1642,0.03556832328092475
1645,0.02408616317156435
1647,0.005777320744582743
1648,0.09027512805849387
1650,0.00022512087783726215
1651,0.02749688088288479
1653,0.0036490927514666745
1654,0.003486629550631809
1655,0.0037690994471023137
1656,0.0602004547040985
1657,0.03839419558070613
1659,0.05000073075802196
1661,0.0387300225735575
1662,0.05001847927096741
1663,0.10979836945536965
1664,0.006494191178710569
1671,0.02272423898190145
1673,0.018052224324887445
1674,0.006323492280882569
1678,0.005089506674523053
1680,0.060357286909197054
1682,0.048927713832750526
1687,0.004465784264566731
1689,0.0048116970706542275
1690,0.02296923519946549
1691,0.013990193138753965
1692,0.004656297314681242
1696,0.004835139216368389
1701,0.08251577327876522
1702,0.024206756296589117
1705,0.014665964347642082
1707,0.0328876671600753
1711,0.023079175776995087
1714,0.020154947946784
1715,0.12424010816609081
1716,0.019224587718926395
1717,0.003485818129684636
1719,0.004266251758254496
1723,0.0037983842937897964
1725,9.950381605493306e-05
1726,0.10488642662015688
1728,0.003000056939799411
1730,0.002465371746405173
1731,0.004023642274030416
1736,0.003936483220817283
1742,0.13913739876560013
1745,0.039905605164334994
1747,0.10629949566268171
1749,0.020274201776261894
1750,0.04458803826628711
1751,0.004137653719804734
1752,0.06221770414011335
1753,0.1274507848089101
1754,0.0055686829190909745
1758,0.13871891819511534
1759,0.007805690049779828
1760,0.00020521304523955382
1761,0.0192628858405531
1763,0.027986902163781986
1765,0.13027292420396724
1767,0.017611641696285728
1768,0.005986469998093679
1769,0.0010669078674543232
1774,0.03993028819649997
1775,0.027730874668753597
1776,0.002273140338664703
1777,0.004499848919980476
1779,0.02954904090205277
1780,0.004942971783595276
1783,0.007981957053440925
1784,6.693801241600784e-05
1785,0.006227058856650909
1789,0.022186798264306182
1790,0.022813820984461757
1792,0.021951775554500664
1793,0.0308257727166327
1795,0.007479519037067169
1796,7.331946669510691e-05
1798,0.014712010850668228
1802,0.03671316548955764
1803,0.008137571909990956
1805,0.002062879588851203
1806,0.0666603831608041
1809,0.03617694984411008
1810,0.006013233731638215
1812,0.02815367760647044
1813,0.01525362475695292
1814,0.03804756340300761
1815,3.266331587401325e-08
1817,0.05820795588621437
1818,0.03099972403131902
1819,0.007112031388716166
1820,0.03897498127398366
1821,0.10946654519620054
1823,0.053543668280720776
1826,0.04572337954067323
1827,0.012934684548083076
1829,0.11133434577317282
1831,0.0037170310452642806
1833,0.37998521791229317
1834,0.07748702304422003
1837,0.006951092916121675
1838,0.0034841605448069574
1839,0.008825875044448062
1840,0.02450322159978092
1841,0.0594335334446968
1842,0.008064355026023037
1844,0.015686268715166388
1845,0.011744431706864374
1846,0.001970288411265042
1847,0.0031656634146457587
1850,0.0037929171855343364
1851,0.005186129759158537
1852,0.0030006204027520403
1860,0.01335272298475766
1862,0.01770993948713729
1864,0.050251888926462165
1865,0.006408703923042653
1866,0.005045697851795948
1867,0.010329350494891401
1870,0.06525360848539619
1871,0.04058698566849185
1872,0.015747918038950193
1873,0.003417257133833882
1874,0.03444633327109567
1876,0.07057262613548498
1878,0.005594654644199325
1879,0.08073453983203138
1884,0.01672238425085369
1885,0.004276028830479771
1888,0.00850992119157022
1893,0.007479631699811002
1897,0.008984558936543024
1901,0.0033451348023748493
1902,0.0034292788714352534
1903,0.004434925904861075
1905,0.01570066880540005
1907,0.004124372349139531
1908,0.14642458612970594
1919,0.07548692524730276
1921,0.1054427981588701
1926,0.003462314402464476
1928,0.005093116352026985
1930,0.056608439596459496
1933,0.02609828699855259
1934,0.007799385517326555
1935,0.037557114401084384
1939,0.11738651262706497
1940,0.02256786606845538
1942,0.005526597158838286
1943,0.0001733027237595818
1945,0.005657424942272694
1946,0.018598019088435704
1948,0.0055763851239484475
1949,0.011211364405656534
1952,0.006474574468346218
1953,0.007729316740276091
1955,0.016351138815493257
1959,4.418030741956496e-08
1963,0.003942588386556865
1965,0.0010206327510889073
1967,0.019635788415826777
1968,0.02311609360975168
1969,0.00665931654541031
1970,0.037110984736365565
1973,0.005997343908475437
1977,0.02186908294566917
1978,0.005674297001581759
1979,4.329777618880915e-08
1988,0.02539124467860955
1991,0.030678142416494934
1994,0.005427010137957156
1996,0.0037515810282319467
1997,0.0008034233602104677
1998,0.000311759310751594
2000,0.03847041238399933
2002,7.414156860895145e-11
2004,0.023017853100843567
2007,0.0064441633874553934
2008,0.0038984027315216575
2010,0.004377584035373769
2011,0.02672610953774576
2012,0.04799181805603564
2015,0.01843332023983032
2018,0.003037831282723506
2019,0.0037697259249810672
2023,0.026894935878528127
2024,0.03968306407859888
2026,0.0034051990489875126
2028,0.009221256543247222
2029,0.0038827531528463385
2031,0.005466058748153676
2033,0.003399026191481804
2034,0.1683288236171446
2037,0.0999140045293875
2038,0.019616155966970392
2039,0.0025024660512990653
2040,0.002986301786550017
2042,0.002158576931997073
2045,0.005371817288747472
2048,0.004796536214080148
2049,0.0063794612383119564
2050,0.0012039688079600631
2057,0.031183682862010714
2061,0.004539087550027105
2063,0.03173767050537643
2067,0.007241411027534382
2069,0.050441366863296574
2070,0.02117646591046003
2072,0.15594497917065
2073,0.07130500131643076
2075,0.006852954098397772
2076,0.04183361638827303
2081,0.0232427822047344
2082,0.0408488813725429
2084,0.02828900710934059
2085,0.03416703086786141
2086,0.020607128085141698
2088,0.01974815206944498
2092,0.007141072598483509
2093,0.006263389434856552
2094,0.0018474984764710186
2096,0.10533523154700251
2102,0.00787882607472781
2103,0.0393455174493897
2104,0.014767743366531791
2108,0.1189540816323907
2109,0.013260373295609376
2111,0.007008228547243529
2113,0.0006215583971278335
2116,0.012492630025863363
2117,0.011213436513067387
2118,0.016386509284356275
2119,0.007194940639607343
2120,0.0028406021820910447
2121,0.010595326018067749
2124,0.051893992625068705
2125,0.00324501788565719
2126,0.0045369809134371344
2127,0.0740561432492662
2131,0.0022842691996037626
2133,0.039987090452706014
2134,0.06906596004023084
2136,0.005227885333432762
2137,0.0892588046972559
2139,0.027278425840508998
2144,0.006659828466702053
2145,0.030602761102945318
2146,0.053605089644359186
2149,0.002395631008132392
2150,7.54303177645608e-05
2151,0.010527927213777146
2152,0.009724826619920527
2153,0.003918594946238805
2157,0.10293521737937922
2158,0.003970064057501051
2159,0.0011745097964598683
2161,0.0017710918039082334
2163,0.003799218412596804
2166,0.007616478703362613
2169,0.005186807096804247
2171,0.05444089880328553
2177,0.0009056501891472498
2179,0.035568868744062544
2182,0.003963695619196619
2184,0.08964523930679723
2185,0.006460812353300476
2186,0.004510794580012868
2187,0.0015010754689512018
2188,0.02736349591883439
2189,0.004232624169649523
2190,0.10010035354183767
2194,1.3356599788328427e-05
2195,0.004484753097610159
2196,0.05774217659393782
2198,0.03977844140104989
2199,0.024193348315136837
2200,0.00525463040199437
2201,0.006165207091772539
2203,0.046077682990304084
2208,0.004889431730733893
2209,0.004189474723555036
2210,0.010440556570097148
2211,0.003938693814058481
2213,0.006604410471171016
2214,0.0004347350522294995
2215,0.06242636188997738
2216,0.006324920126379466
2218,0.00022090159782227393
2222,0.005177064447904377
2224,0.005565325334716144
2229,0.002975215501341752
2230,0.003369520025968158
2234,0.1214649387972957
2235,0.004814588468389151
2237,0.015848692180208547
2239,0.0031020815154890633
2241,0.0023396547348503065
2242,0.0032057278046615195
2243,0.010761091309143215
2244,0.003562842273478396
2245,0.002230446116200004
2248,0.2120122082794166
2251,0.001300465890591996
2253,0.13703445594658104
2254,0.0021568848517513864
2257,0.0030350657166723907
2261,0.03766940035749033
2262,0.015469647813314811
2266,0.00426349031739164
2269,0.004512712054762222
2275,0.0007900321539540741
2278,0.007717712387665274
2279,0.005495309346860062
2283,0.003378795060889796
2284,0.013261475596836833
2285,0.000514339028170755
2286,0.004111911841976421
2287,0.006881747398433612
2289,0.03909301963347288
2290,0.0942640141377673
2291,0.020607128085141698
2293,0.02182511336561119
2300,0.024313065917364842
2301,0.003572459749216717
2302,0.06069660696960959
2303,0.11813217415052539
2304,0.0021653636939511687
2305,0.045200155317405524
2306,0.004419451144862267
2307,0.023462498627104547
2308,0.05522886446443363
2311,0.028435968904627552
2313,0.011729065103940174
2315,0.006072029332317896
2316,0.025044353288891857
2318,0.058326460204632995
2322,0.0002166558800286302
2323,0.0031183521920109853
2325,0.007464006462870941
2327,0.022218563125080346
2328,0.01464995718150593
2329,0.04428109535919265
2330,0.009287560943079714
2332,0.00401435224187697
2333,0.007585841209235276
2334,0.06858469546679982
2337,0.0031388019413581426
2338,0.034965323824858334
2341,0.036941904387160905
2344,0.026665274292483634
2345,0.0012443504932740464
2347,0.021222659851683343
2348,0.038271749946305424
2349,0.004113521898220309
2350,0.003997912759410875
2351,0.017824498953367542
2358,0.0104193682482309
2359,0.02025457888482764
2361,0.005703848627623096
2363,0.053761198515617066
2364,0.0017959096039029071
2366,1.4794206482889896e-10
2369,0.002986426580039406
2370,0.09829182988501221
2373,0.014790297415536027
2375,0.005356511755396514
2377,0.028466912040947413
2384,0.030289784857354753
2385,0.07018947972396974
2386,0.007169451934144779
2387,0.0028895155111465062
2388,0.002465349049635286
2392,0.017526164215469705
2393,0.024830854722202884
2394,0.018052224324887445
2395,0.025379954301331314
2396,0.019208120371881007
2397,0.005876664165765404
2400,0.018052224324887445
2401,0.005651764228667791
2403,0.08636587402839697
2407,0.013000437996104112
2408,0.008557859912178672
2410,0.0034624151556216427
2414,0.037550081025729355
2416,0.14067083295601204
2421,0.0027325228856564156
2422,0.026665274292483634
2423,0.03163500818655218
2425,0.006895605060885022
2430,0.0025167312315006922
2433,0.00040183875762391316
2434,0.09826195048125469
2437,0.006991361257011713
2438,0.017387339340460214
2439,0.01777458441698331
2440,0.039204672179163805
2442,0.020044661311056814
2444,0.0074957544660485
2449,0.0049584941324638575
2456,0.01888712904548595
2458,0.03452039723476095
2462,0.0041500858207927415
2463,0.005503728892335805
2464,0.005102028566264279
2465,0.005556229227224609
2466,0.004684211517713365
2470,0.050974937082831726
2476,0.01395024357676627
2478,0.00629231984302389
2482,0.11635540099679387
2483,0.012413188128856318
2484,0.06187558979806722
2487,0.0023949477305892472
2488,0.005536934491184894
2493,0.0026133764477242584
2494,6.709219075264503e-05
2495,0.008259485516298846
2499,0.02064606758616716
2501,0.06242848729105829
2503,0.0585563219707869
2504,0.0025535889383424765
2507,0.014924299607611428
2509,0.01045003491257826
2511,0.026384831855585007
2512,0.05301763814954901
2515,0.002601655737797564
2516,0.005481238566053529
2517,0.011170348757883692
2521,0.09815675551749108
2525,0.003892323258619879
2527,0.025058278193275756
2528,0.003765375101059074
2529,0.056284499215423875
2530,6.135131889070843e-06
2531,0.04954088069552445
2533,8.579318911746146e-05
2537,0.004500066244615793
2538,0.014971324808519875
2539,0.018766738430999613
2541,0.006757698971845366
2542,0.03909301963347288
2543,0.005257034149396512
2544,0.005946878879330374
2545,0.00044369119349086376
2546,0.0049105557767796446
2548,0.006074265401863218
2549,2.669417795076083e-05
2555,0.004294745200224451
2556,0.02687842037987086
2558,0.3531894084726958
2561,0.10903677402384016
2563,0.10672117089708892
2566,0.001397287233642206
2567,0.03203143757904622
2572,0.003597737610551594
2573,0.05743810407912231
2574,0.02269674079445826
2578,0.002946438344802212
2580,0.012936125229245544
2581,0.0014481287622795525
2582,0.00336266669685021
2586,0.04392489137627746
2588,0.003508920522501255
2589,0.05915908586766231
2591,0.015422414937511736
2594,0.00590488920409058
2595,0.016338374396296238
2596,0.043490007497457454
2597,0.006710911685769225
2599,0.027720098641781828
2600,0.022571203825485376
2601,0.006517884579095524
2611,0.006153276473476268
2613,0.008187287128067725
2614,0.003518211824293271
2615,0.02503096498666942
2616,0.1144068706163845
2617,0.007579482840515422
2618,0.0014889721013107724
2619,0.014874316698081664
2626,0.0008655302059166678
2630,0.1420367557601516
2632,0.011226988097522449
2636,0.010604575107495915
2639,0.006766821664243401
2642,0.002687080313782135
2644,0.06714922905808676
2647,0.02185992430486446
2648,0.1469061576258663
2649,0.015169792857298395
2651,0.0024558287401697026
2652,0.02180979931441197
2656,0.11491364337861161
2658,0.0974076290032674
2664,0.007844806678989772
2667,0.012386877555762853
2669,0.04591337374145283
2670,0.003036480564707132
2671,0.0632627526115117
2672,0.10339138301932675
2673,0.003431002440727808
2678,0.011199483746142129
2679,0.013916460215471016
2682,0.0015774096653498539
2684,0.00014841589674170966
2685,0.006949335300058602
2687,0.003980692476308755
2689,0.004095456723392113
2700,0.003004093307180803
2701,0.019467113515962038
2702,0.008843699761809614
2704,0.016215216104690344
2707,0.001826976321262659
2710,0.0008231624536164069
2713,0.020607128085141698
2715,0.02530404741980044
2716,0.037325954310581375
2724,0.006086808115102702
2726,0.024869973526599684
2727,0.0051072553649189134
2728,6.547979090366968e-06
2730,0.0043809349655308995
2731,0.1202901508403092
2733,0.007730863700068402
2736,0.005754511473144529
2737,0.011094535465522833
2739,0.041660238255698076
2740,0.005977112014411427
2741,0.0018294672039202474
2745,0.04985652630400838
2747,0.1472399955198779
2749,0.04625422428572423
2751,0.0037993555982738683
2752,0.1560598870554246
2759,0.1387902743096485
2760,0.0031539874100172402
2764,0.002608446650541482
2766,0.02008120158866114
2769,0.1293301027483026
2772,0.01963392938199574
2773,0.004295513768702133
2774,0.004816232783103262
2776,1.9218874940330894e-05
2779,0.01648269348782534
2782,0.13812553877524025
2783,0.0034623910599918643
2788,0.003036521526880638
2789,0.0007979312388629172
2791,0.005317300752662623
2793,0.017492544442375624
2794,0.003688561808620359
2796,0.005263381352182388
2801,0.02420401698882601
2803,0.03457483230969363
2804,0.0018128456530151495
2805,0.02065466462784286
2806,0.15208811698277253
2808,0.006812966259353777
2809,0.02428208753840213
2812,0.004703078296622805
2814,0.11786833388971804
2815,0.00394206542324646
2816,0.04006268730393368
2817,0.0838748929573599
2819,0.0027392466590156306
2821,0.13233108985319286
2822,0.03820433753839166
2825,0.007333319754191434
2827,0.00231515683788632
2829,0.005814937601865373
2830,0.004761097220770009
2831,0.00315043017867019
2833,0.0029385268164462907
2838,0.0062028558855403045
2839,0.01157638319959312
2843,0.00458770385500877
2845,0.005722825092786202
2849,0.005211658192617659
2850,0.00038702927122817593
2852,0.010407340403187046
2859,0.0033676018782434662
2861,0.0027815666955483044
2862,0.11058891735807554
2863,0.006673932018488193
2865,0.006871830727395792
2866,0.10239440374461957
2867,0.01736032146259676
2869,0.06965011450359898
2871,0.0029862764150018974
2872,0.020551787210503422
2873,0.10840229597263325
2874,0.0012689918635234753
2876,0.0049730392167875665
2877,0.0009223895543585938
2880,0.0334307516974858
2881,0.0037547797382478315
2882,0.005055778429522314
2885,0.061055031667074655
2886,0.0015664818235963224
2888,0.008193473314349668
2889,0.05524548332057449
2891,0.022361439366490713
2892,0.007904818230116947
2893,0.1338122466373768
2897,0.030415094343026392
2898,0.006653769304460464
2899,0.01337928223620003
2901,0.012429782600832433
2903,0.05906883135657602
2904,0.00011203649776196451
2905,0.011515027371641897
2906,0.020241329200999116
2908,0.0005532972683702848
2910,0.1172438461015172
2913,0.0032918389525262944
2914,0.0030162397772731976
2915,0.004149403152375766
2917,0.005279729988221141
2918,0.11482686166549913
2919,0.1346132644224808
2920,0.02584923346903911
2921,0.016821785393657196
2922,0.07117922930148118
2925,0.0310792676221229
2926,0.024466301231714383
2927,0.020149760416446515
2928,0.036346041382025206
2929,0.0016693897912175724
2930,0.005059311615428943
2936,0.003224523258050925
2944,0.003036496949510424
2949,0.0009126682208380139
2950,0.04304136533980776
2951,0.029735723143518362
2952,0.004345798986727798
2955,0.006265470387153189
2957,0.0003785336275630828
2959,0.007077369784063054
2960,0.023383190308751793
2961,0.007332026956023124
2963,0.007111502697927239
2966,0.003561276500112247
2967,0.007058437110334419
2968,0.04131514365444747
2969,0.006642125802726183
2970,2.9434626937240556e-05
2972,0.0661615996555707
2973,0.015629042413850155
2974,0.002999776708365301
2975,0.1428548813264865
2976,5.3274711549894705e-08
2980,0.002164627732125873
2983,0.023462498627104547
2984,0.0766867397882104
2986,4.036328336517033e-06
2988,0.012795047068293826
2989,0.10045044910984466
2990,0.0038142556934862514
2991,0.032446529742040736
2994,0.014479612893789203
2995,0.023317951567834203
2997,0.007231529112107148
3000,0.006074369045942748
3001,0.03241860257078659
3002,0.0041556971421041825
3003,0.02655624242076448
3005,0.006517864179082308
3007,0.003643587559404919
3008,0.052032187272490926
3009,0.0066174579958854386
3011,0.0003691089894617949
3012,0.09905318750352506
3015,0.02242548327495036
3017,0.006795617887990524
3019,0.10531659649034975
3022,0.011060541527369544
3025,0.00367828940131937
3027,0.03998983025161361
3028,0.00033690315370694105
3030,0.010929531836755506
3031,0.0027789658058136337
3033,0.004292470104299341
3035,0.04743253145715491
3036,0.06677013310236547
3037,0.002986232319508815
3039,0.00510765486337494
3041,0.1241486119641404
3046,0.004502472792819127
3047,8.101029179890241e-05
3048,0.003854492925293581
3050,0.02297671685569066
3051,0.004291034939020284
3053,0.007579668884645135
3055,0.02507335415725754
3056,0.009204356367156273
3058,0.17959398132420537
3060,0.05469169662621782
3062,0.04847747024347013
3063,0.0053842854505079685
3064,0.04223822073510931
3065,0.15049451192112118
3067,0.01164951886287653
3069,0.028072499369810603
3070,0.03559754090167237
3072,0.060632988544128394
3073,0.015371879574178661
3074,0.003036496949510424
3079,0.023329095192544107
3080,0.11990875257725699
3083,0.027981612417336932
3084,0.008412915484201118
3089,0.015443939492827366
3093,0.0031920161597238524
3094,0.08106259259314479
3096,0.039670021037698976
3098,0.008511763095131276
3100,0.004132011415192645
3101,0.015980184149929785
3102,0.019106079786769137
3104,0.00700750418838846
3105,0.012348791306131692
3106,0.018052224324887445
3109,0.006579846665292027
3110,7.486045598495671e-06
3111,0.011466198348001366
3113,0.07428287673263784
3115,0.032969859333129854
3116,0.017006110703171293
3120,0.04580659553694975
3122,0.003733320220787923
3124,0.018052224324887445
3128,0.004067787849891953
3129,0.004842617508111233
3130,0.14594921549823842
3132,0.19944817018301472
3133,0.006682844827505766
3135,0.12099273522616205
3138,0.010379341114165323
3139,0.04758539420874864
3140,0.0879134971632662
3143,0.005284132830723203
3146,0.06497158290567477
3148,0.1305399232174316
3149,0.04885001828629854
3150,0.007844958001036968
3152,0.015157958500214182
3153,0.019049548770955486
3154,0.04036000574073739
3155,0.018652259043578732
3159,0.08718774881963118
3162,0.0017583505622810786
3163,0.15102174408970492
3164,0.0003032743831862437
3166,0.014025745024954458
3167,0.005129382511818128
3168,0.003939443804884465
3171,0.004610810234360391
3172,0.02071839306229908
3173,0.0037799332283504467
3177,0.09079128299736164
3181,0.02333967769748145
3183,0.06407620022575941
3185,0.00512970454277494
3186,0.002744252765075327
3190,0.016744629459944326
3192,0.004053441677326188
3193,0.02576245204737837
3194,0.005704243854101737
3195,0.11412615485987414
3197,0.0032564754143923676
3200,0.009836648309720503
3201,0.03646842693560427
3206,0.06382078722936257
3207,0.0052092043005537
3208,0.02877409114795644
3210,0.1378211785249116
3211,0.01573593210651824
3214,0.0006473997614877912
3216,0.003016925824855495
3217,0.0008217140834983473
3218,0.010255616917271218
3219,1.4925951134738271e-06
3223,0.0038827062273182294
3224,0.003409174917814737
3227,0.09752566895306987
3229,0.003515655062964322
3230,0.0003116130253909266
3231,0.009553493567526381
3232,0.012533478913149638
3234,0.0877474170235543
3241,0.001012372988866379
3242,0.01411814782191744
3244,0.020117093458617022
3246,0.13680267925929768
3248,0.002811282465813815
3249,0.012465844208970327
3250,0.0030365805931883328
3252,0.001960950383087731
3253,0.0038917562258194718
3254,0.0037831660852700945
3255,0.0032058529033158916
3257,0.017309214003087606
3260,0.026002386060436308
3264,0.011069336900077628
3266,1.3063562930574802e-09
3267,0.10462208582974415
3268,0.02731500072882904
3270,0.00294471219842654
3271,0.012408972253351578
3274,0.034941808598752226
3275,0.0028188645677467367
3276,0.0245519700249457
3278,0.024674068029783367
3282,0.0023006106751751803
3284,0.013026691355672191
3287,0.006851199562016577
3288,0.008975591124801665
3289,0.012207579112323756
3291,0.10751636158735967
3292,0.053134082433092235
3293,0.0037791605930227643
3294,0.0033578732971044837
3296,0.016855222189685763
3298,0.0017824985003242434
3302,0.008856085044018332
3303,0.15120832695532535
3304,0.031064423108589135
3306,0.01972816392316701
3307,0.10490313470161726
3309,0.018052224324887445
3310,0.12996616417127357
3311,0.010941220860292524
3312,0.004038587602314876
3315,0.028106804326626857
3316,0.05174475398862408
3320,0.13512757492617497
3322,0.027363420270165913
3324,0.003942954463191835
3325,0.02516590262949085
3326,1.949241115133933e-06
3329,0.08378789598732257
3331,0.005500870145649588
3332,0.006236576489144705
3334,0.0036158478133965673
3336,0.009294396368914883
3337,0.02323416049619504
3339,0.10417810991064692
3340,0.05201805827619627
3341,0.06336429546773889
3345,0.02754504990156348
3348,0.008193625429874516
3350,0.15308133378682437
3352,0.14538490106884447
3354,0.02560558063550708
3355,0.020536378133182997
3356,0.005211486935835245
3357,0.003033731657949127
3360,0.003160339631492682
3361,0.005084007832286781
3362,0.004180354274193455
3363,0.024600358678445355
3364,0.0973661876564127
3365,0.025157964375790876
3366,0.005963827212794963
3367,0.003945508029079819
3372,0.017188529449538876
3374,0.008101700492411707
3375,0.002536283928638773
3376,0.007203480571947182
3377,0.013779972391041655
3378,0.00011042601036433626
3380,0.043484528308337246
3381,0.027943493461985505
3382,0.013861778328851314
3385,0.00835732804956231
3386,0.002605135592905431
3389,0.024482489988182067
3390,0.013825353960299144
3391,0.14072306697869807
3393,0.003894392235910385
3394,0.006130003980529211
3401,0.02900438730330562
3403,0.003961321079594982
3404,0.01853070991756638
3406,0.004992613318930936
3407,0.041178159651790766
3410,0.004327562837112731
3411,0.007798471258174245
3414,0.003830022970256843
3416,0.0037473554327594524
3418,0.003036383975966692
3419,0.006008735166535742
3421,0.12851081789917146
3422,0.026659213360653345
3423,0.0030365788748490568
3424,0.10002225154009071
3426,0.10237144314528047
3427,0.009288161857443581
3429,0.01105403582833559
3431,0.00396727331472926
3433,0.04641084957852611
3435,0.003140969450846604
3436,0.02196751262992005
3437,0.1166793172170032
3438,0.006408716992473254
3442,0.13679347470017408
3444,0.037944271777355654
3447,0.02662577753862095
3450,5.710364660990563e-08
3451,0.011423865976660265
3454,2.6504294793246928e-05
3455,0.003036598696879222
3456,0.003034941173124961
3459,0.004621305784975952
3460,0.019818090105320534
3461,0.006436575383543139
3463,0.0364251389111327
3465,0.011328643001582053
3468,0.0071461287335454985
3469,0.018126785167005617
3470,0.013107556642487065
3472,0.002852839509911443
3473,0.01768108207308763
3475,0.002986406192943805
3476,0.005509931532574802
3478,0.00011665981020726839
3479,0.036995584637113485
3481,0.08949413990232837
3483,0.019942210118928428
3484,0.00247268202416887
3485,0.16853718502958007
3488,0.012798004137230475
3489,0.019857670417091987
3490,0.0031389135674808246
3494,0.002021689619148415
3498,0.023836767631272522
3501,0.09535602679311793
3503,0.013383471202667854
3506,0.004300734308458239
3507,0.01257018317159602
3509,0.10315280987192955
3510,0.024350559667033
3511,0.39075657050681345
3512,0.06492159915885726
3514,0.01030113664252427
3517,0.0334724041079082
3519,0.0004524496164638892
3521,0.007395820110577518
3522,0.023445159466190593
3524,0.007823703231640522
3526,0.020230679966786888
3527,0.003584207345231151
3529,0.015770493919697242
3534,0.012129942484199557
3536,0.003853462030625318
3539,0.029723070355191863
3540,0.006470899623191217
3541,0.009520950052063206
3542,0.005595234321245383
3543,0.008965817936569614
3544,0.07928879431654116
3545,0.03437376674804902
3547,0.008128771894510426
3548,0.0421083368700217
3549,0.15616292381666735
3553,1.1596520694856557e-07
3555,0.026431677672094343
3556,0.11846387318340097
3557,0.0037558080388378555
3558,0.007774427914338081
3564,0.002763130222551221
3565,7.265080771389089e-05
3566,0.027379515758636442
3568,1.2682162347690428e-10
3569,0.040213083676511115
3571,0.002057595952731782
3574,0.011666572724098417
3576,0.005274233079973957
3579,0.05723549516211658
3582,0.00512954751828995
3583,0.13457636819304972
3585,0.022492602407697636
3586,0.005050974203561105
3588,0.002111979228821189
3589,0.002132883798337638
3590,0.0033099987529495306
3591,0.037278870511286206
3593,0.0032669636944634758
3594,0.019685208254749734
3596,0.009296533615514059
3597,0.004470137393173633
3598,0.004651532872429389
3600,0.007258576815452318
3601,0.012978261282019558
3602,0.03342179981000689
3603,0.0044519136029937635
3606,0.03096750915713824
3610,0.004019113624232425
3611,0.024001771448230912
3612,0.09807648227464635
3614,0.0026710513925918156
3617,0.0027853976993469304
3618,1.502284759986906e-17
3619,0.037366093500236675
3621,0.026787461669771428
3622,0.0037048266830904428
3624,0.006909965592222143
3627,0.003036531437692984
3628,0.00492517802984953
3634,0.10162889918839017
3637,0.07866674005617705
3638,0.009260076398815396
3643,0.10961910974321565
3644,0.06163035257497125
3646,0.14429119993787304
3648,0.01566716447786953
3651,0.01793744988510828
3652,0.016212230531154836
3654,0.011026007092686602
3656,0.02056972452136344
3658,0.13519512706612896
3659,0.018052224324887445
3661,0.021323722929152637
3663,0.012361772239173788
3664,0.045333548910251174
3665,0.004290683754467555
3668,0.012849148554280097
3669,0.0029034076670171717
3670,0.0026223141994754762
3671,0.060178857948704256
3673,3.4441575496424994e-05
3674,0.0035965955993290167
3676,0.02534973838748708
3678,0.008967180465504116
3679,0.005045401132443532
3683,0.0045993645593431845
3684,0.04058600719152823
3685,0.006413976631424666
3687,0.009500581904212862
3693,0.014646738754935044
3696,0.011590442908152173
3698,0.014289084966880387
3700,0.0028344869659325317
3702,0.00595985122303759
3706,0.0022883017278259774
3707,0.009535831314511429
3716,0.014092863980556309
3720,0.07533717944709746
3721,0.005494627615651649
3723,0.013083935732001383
3725,0.01723877296518985
3726,0.011090520696958959
3734,0.003164684116833494
3735,0.009117793841095817
3736,0.002300048416423168
3737,0.01609552004790639
3739,0.004491296045471421
3740,0.02445515593367127
3743,0.13192864225094372
3746,0.04844234850925811
3749,0.004593936879309901
3754,0.003394981796393873
3756,0.003172418524887534
3757,0.04753225500268146
3759,0.012816426775363007
3762,0.074680580824784
3763,0.0006880743688670362
3766,0.004398606488987941
3769,0.040712392323699595
3770,0.012442839782664845
3776,0.0009355407264829057
3777,0.018007705254820427
3778,0.00011730729060347587
3781,0.0008919864147806286
3783,0.011810985812552225
3787,0.032372195009437804
3788,0.10232889982492392
3791,0.013870682167105478
3792,0.0026835497764388355
3793,0.004447841686903099
3794,0.00038998778267391516
3795,0.14472031994268414
3797,0.16726057642538897
3800,0.011688005846705608
3802,0.011835845897518071
3804,0.018052224324887445
3805,0.004513963713872855
3807,0.019154901572464227
3809,0.02957745628784959
3811,0.00648448235423841
3815,0.1197383905232255
3816,0.04004123676457218
3819,0.06034345133523293
3821,0.027783946746159624
3822,0.06626188383593862
3823,0.005451645315568815
3824,0.020152388852882477
3825,0.01107419751241682
3827,0.024881381994195335
3829,0.00029023998707493006
3830,0.12566344489108408
3831,0.004617273706260908
3833,0.02372966340433257
3838,0.037173885707523016
3842,0.0667546206724791
3844,0.03897377543400034
3845,0.0029862560289283502
3848,0.0023729774454148544
3849,0.004915066141515817
3851,0.026382111874290504
3855,0.008543451463049478
3856,0.0046165722162338245
3858,0.23770751142232302
3859,0.024157520659521436
3862,0.0030365379119042875
3865,0.012594179534056858
3866,0.02564600188533788
3869,0.006649194886599918
3873,0.048668930203356435
3876,0.09605650348507379
3877,0.03431466153239228
3878,0.01358269372372074
3883,0.004544566600225225
3886,0.023462498627104547
3887,6.487559716892083e-06
3890,0.021395771257648005
3894,0.003425694309540125
3898,0.0051850641588986265
3899,0.042143778164376346
3901,0.02810529298209233
3902,0.01889681345458863
3903,0.01656475843185829
3904,0.036273123650391884
3909,0.003036590504192882
3911,0.0064086417111033555
3914,0.08863693322487648
3916,0.007615881004430442
3917,5.182182192718962e-05
3918,0.01641139251093477
3919,0.0006076926795515241
3921,0.05242886000220538
3922,0.0027520335987223183
3926,0.0316370388584142
3928,0.008907968986685659
3929,0.00025349669768845006
3932,0.0910821351844458
3933,3.0464476309992043e-07
3936,0.011002966435685926
3938,0.0001313765190109597
3940,0.017537380621820267
3942,0.002281622148992217
3944,0.0028732751464997978
3946,0.014286869801805567
3948,0.0002960032783721212
3949,0.019004254221228395
3951,0.004442972967561266
3953,0.0045669203301605486
3954,0.02714406748295622
3955,0.0037882233662296966
3959,0.014731275659917376
3960,0.006652500807313907
3963,0.00576272080135879
3964,0.013732193475446582
3965,0.007940747929332852
3967,0.005509145336339366
3968,0.0064099926431113825
3969,0.15184999977916466
3974,0.011990275467802394
3975,0.06387726258463715
3980,0.02404356846560956
3981,4.2313209565734645e-05
3984,0.002702700941790034
3986,0.004102767848574014
3989,0.020821899359618985
3991,0.0706451204907831
3992,0.0006359884736815322
3993,0.0032147859440857587
3994,0.010352708968639534
3996,0.006745388590301735
3997,0.03195663757817942
4001,0.1524272772291932
4002,0.12547937713596158
4003,0.009820494992802884
4005,0.0012758598084689516
4009,0.004557626889522524
4011,0.03365848600057076
4014,0.009581216400147365
4016,0.003779920539995548
4018,0.005807500701991676
4021,0.004363032722742956
4022,0.22205555661606452
4024,0.0062655638234203484
4025,0.018637594594642225
4027,0.06573902581643994
4031,0.016349114160615828
4032,0.04824982885325027
4033,0.004335818089597713
4034,0.1350150964119936
4035,0.03241591800973218
4036,0.019409180399305673
4037,0.023982119337918575
4040,0.004803323934332469
4041,0.0734753597909561
4042,0.017370173692721487
4044,0.03971736119660147
4046,0.0021226828439573197
4047,0.005122679039508498
4048,0.0019760260904450864
4049,0.04126746802477613
4050,0.024532345560947553
4052,0.0036034834521186617
4055,0.004500090392442447
4058,0.13126739207841043
4060,0.0026790298301143716
4061,0.014329858263909492
4063,0.008580601408742384
4068,0.003285959283024886
4071,0.003001798713252252
4073,0.0982581049724143
4075,0.040901996460894964
4076,0.03139496394802514
4079,0.0031430157692862674
4083,0.03565626684722237
4086,0.01314047460809062
4087,0.0006564309705598517
4089,0.011836793789844369
4092,0.016289405976123522
4093,0.006905340277828068
4096,0.06573677804662582
4098,0.0005153239520064007
4100,0.002273848317123278
4102,0.06486764671587658
4106,0.011592927801788064
4108,0.0013906716751803283
4110,0.01247824110201577
4111,0.04435155341604186
4112,0.004388204823776909
4113,0.007904106101202471
4114,0.022687880108710447
4116,0.007598020648847038
4119,0.03049218305753207
4121,0.0030859317439732286
4123,1.1376131019454784e-06
4124,0.0037710027965630944
4126,0.026905515775125986
4128,0.12139854325576084
4133,0.017486097774881255
4135,0.00950035106186743
4136,0.05057268410219781
4138,0.0038057588733681875
4141,0.0019110305234850808
4144,0.05452244826385477
4148,0.02642857837420018
4152,0.004948470765718746
4153,0.007177109881740932
4154,0.21613770518234698
4157,0.00012807495099292554
4158,0.0003676626038695831
4159,0.004987833851930024
4161,0.01305030368839485
4162,0.008124155976947331
4164,0.00808001888449765
4165,0.1468452168278992
4166,0.026665274292483634
4167,0.010147160723097584
4170,0.008040810711550923
4171,0.016868783415615585
4172,0.14342983994007483
4173,0.002625920289640284
4174,0.0041756395382643455
4175,0.0025653537543495852
4176,0.025490782892799747
4177,0.039531684269392665
4178,0.0032899416121579092
4179,0.037244526978401284
4181,0.008049855796114539
4184,0.011730278149267864
4185,0.014963174103312143
4188,0.028090600836577054
4189,0.06822082610051004
4190,1.8422915801117795e-05
4191,0.01663974562977433
4192,0.0064081572469764665
4193,0.0030365805931883328
4194,0.003259182929303012
4195,0.016492564498990454
4196,0.01281602938276512
4199,0.02432805499766692
4200,0.022129593450132542
4202,0.0010615452720952794
4204,3.278806595006229e-05
4206,0.011154354061806027
4207,0.037262916253843766
4211,0.011717611270109639
4212,0.002717640686161214
4213,0.0029906272255760535
4214,0.01317210587787685
4215,0.0641500571074311
4216,0.020531649300516822
4217,0.006013060455507864
4220,0.003407715625995071
4221,0.003945149240158221
4223,0.00634439098362481
4228,0.02505989265784813
4231,0.03536038957208989
4233,0.028505574114370692
4234,0.018052224324887445
4235,0.020607128085141698
4236,0.04571310450521652
4240,0.0016432456959917217
4241,0.013893159244065681
4247,0.004074772556972262
4248,0.005906957676692553
4249,0.0034052872372718956
4252,2.9640575288031685e-08
4255,0.006938168966909448
4256,0.09154015792319178
4258,0.0053348919577889346
4260,0.0895999308845614
4261,0.07711084715551027
4265,0.012377923633313269
4268,0.038470366502976645
4269,0.005562733329330297
4270,0.003343129816229575
4273,0.014499399821584992
4274,0.037971250914382595
4276,0.003326906821274513
4277,0.005383823815015935
4278,0.02706262416429403
4280,0.002194975612972452
4281,0.031168399182481665
4286,0.0028727033833553083
4289,0.13796319834427068
4290,0.005430917680908482
4291,0.0038941089785429497
4293,0.025980049789130898
4300,0.017756580299984174
4302,0.009102775775340475
4303,0.13572852187847834
4304,0.036623452417047134
4306,0.01813645796132464
4308,0.018053629133632756
4314,0.062026834638542715
4316,0.003574343900275164
4320,0.003462239705003003
4321,0.001838174155019924
4323,0.006880363150282094
4324,0.02517178676275633
4326,0.020131821695500006
4327,4.0348669772166387e-07
4329,0.004703665977470329
4330,0.0643562280073695
4331,0.0036849171027808804
4333,9.68056105966153e-05
4334,0.005860056731000442
4335,0.11156903736734092
4336,0.003462417114096272
4337,0.007557070938490088
4339,0.005591326240610871
4340,0.10887406111662762
4341,0.011225688613824579
4348,0.0032562993570130305
4350,0.13669077970586044
4351,0.019031002211879023
4353,0.023874077531857673
4354,0.0034442039991387126
4355,0.00564667506943116
4356,0.0007439421122970909
4358,0.0063544866426053425
4359,0.014663873822450513
4361,0.02362146230233608
4362,0.00521657126855265
4363,0.016048553299343744
4364,0.09055914825444071
4366,0.093539713913469
4369,0.002811221913498257
4370,0.0006488679702842655
4372,0.002782911004312692
4373,0.002623319412927081
4374,0.02510650762819061
4375,0.021808276830969923
4376,0.0029144076725708145
4379,0.14609355325903617
4380,0.003733065207117048
4382,0.13756611084593845
4383,0.025933803875468165
4385,0.005435066581956426
4386,0.03772639012134541
4388,0.011282506327102093
4389,0.0040601324214645925
4391,0.0035906257306331625
4393,0.10418610753767016
4396,0.014692121009143367
4400,0.01706686300922333
4401,0.008575314779102897
4402,0.0036721220134240664
4407,0.006192623804499968
4409,0.03674351747997794
4414,0.045987476330637655
4416,0.056761827414833745
4417,0.019531369813600364
4418,0.013380628218745604
4420,0.005032226361100098
4421,0.004456646448756986
4422,0.03339274304594018
4423,0.015284119153213122
4426,0.06263371354477165
4427,0.00630906961785498
4429,0.022420748433344965
4430,0.003993805957008315
4431,0.007938584037552404
4432,0.03286164847401552
4434,7.536205218857417e-05
4436,0.008803750198364942
4437,0.0641500571074311
4440,0.0007282037385579526
4442,0.058399417713483226
4443,0.13138976950750736
4444,0.10752271748062156
4445,0.0180550520707701
4446,0.18031815314031002
4449,3.532017257716987e-08
4453,0.003827670957276813
4454,0.0042726030566012175
4458,0.03863355131918667
4459,0.15111517131382587
4460,0.02136450312648199
4466,0.060157725152470136
4470,0.004778736843331159
4472,0.10073999723234493
4473,0.012554901516602839
4477,0.009461586591656754
4478,0.005915325917467945
4480,0.020404010824969655
4481,7.483893527432461e-05
4482,0.026848659322064976
4483,0.0011542468963645605
4484,0.005001119389226567
4486,0.028638800449501935
4489,0.002688620687183211
4490,0.00021998765813647256
4492,0.05669510315743937
4494,0.02711434733063875
4495,0.024245116790530666
4496,0.005165474303379111
4498,0.01218431483479831
4501,0.018052224324887445
4502,0.005673979571539589
4503,0.0029222788183503965
4504,0.001901375630979595
4506,0.0047641197791114
4507,0.01939106770983038
4508,0.06750927689738738
4510,0.0057936121918942115
4514,0.002287571688574182
4515,0.016937773095730402
4516,0.005603143731318804
4517,0.013310176403343426
4522,0.003856911079300445
4528,0.0030027880336080982
4529,0.09405832624378661
4531,0.00429085805380129
4535,0.004393231059695768
4541,0.004802301420280896
4542,0.017179100738720768
4543,0.024474865539302972
4544,0.004945973450065486
4546,0.004307506387684822
4549,0.0020610741481644204
4550,0.03367695240043855
4553,0.013817601531032373
4556,0.0015764274249737069
4559,0.009771849978471935
4561,0.03970272137800272
4562,0.002273333350304531
4565,0.004358137361212957
4566,0.010304115973799292
4567,0.002075559513360807
4568,0.0030803594991143488
4570,0.07460782952251616
4571,0.018832493801079604
4572,0.04672696229128856
4573,0.037128114876139685
4576,0.05618677845015506
4577,0.004376712276974331
4582,0.002909342930767396
4584,0.012785005805782257
4585,0.004160095831793199
4587,0.0029253518600137747
4588,0.0050995223263398635
4590,0.005579049056934488
4592,0.020782367667217496
4593,0.0005014734772005212
4596,0.2169717173433247
4597,0.004201431536950801
4598,0.04261774368056374
4599,0.03465441026139737
4600,0.0011296042740138522
4601,0.00435537203359821
4602,0.0019335163984466755
4603,0.009387818249107035
4604,0.12046269029084362
4605,0.011978403188537927
4610,0.11842145557797021
4616,0.0387241529439785
4617,0.0048574039538160346
4621,0.00383550800472575
4625,1.3724620645207292e-05
4626,0.0034691201637387296
4627,0.0037094610647427527
4634,0.03169023687268525
4636,0.048302345082892384
4638,0.06331809752580779
4640,9.094667580669827e-07
4642,0.000661455520514982
4643,0.004491899176861227
4650,0.003114662497960914
4651,0.020219216499353862
4652,0.03102997473571301
4655,0.011649792189920133
4657,0.0041221896265992534
4661,0.00246094886300274
4662,0.027642399829884326
4666,0.000975167118054292
4669,0.15711700037772872
4670,0.03486861711090036
4671,1.722098968082813e-05
4674,0.026029316144892015
4676,0.012010800171191107
4678,0.0059580451548635225
4679,0.00254327759362038
4682,0.0076933433926445575
4685,0.0038285476804706324
4686,0.006408756377601159
4689,0.004857337418222737
4690,0.00498854793909721
4691,9.276140833082491e-06
4693,5.055243669304312e-06
4694,0.09711658052281975
4698,0.006163675867687585
4699,0.009836305328694828
4702,0.0779751889330862
4704,4.795401601171127e-05
4705,0.008107720582201544
4706,0.12743697271533133
4712,0.023509181045502075
4713,0.02572988893164827
4714,0.04298624975168581
4715,0.01461928992539231
4716,0.027391906769216125
4717,0.030289784857354753
4719,0.008369237222069864
4720,0.018052224324887445
4721,0.04604184549860884
4722,0.10049728495690925
4725,0.02933011612221194
4726,0.014250951413775758
4727,0.07194628321799469
4729,0.021868744169416632
4730,0.0038962953047690157
4732,0.14327922945808494
4735,0.02289038649379888
4737,0.003882806539006848
4738,0.019930349651617125
4740,0.007049489480740254
4741,0.025292328852548188
4742,0.015575609878234664
4746,0.0060266928778416416
4751,0.001725342196930563
4753,0.003464209509398244
4755,0.005349142257029259
4756,0.03412162219967279
4760,0.006537634534202307
4761,0.017731632077898594
4763,0.0032458641374088952
4764,0.004136591741237244
4768,0.06303432322428616
4773,0.008272175370914563
4778,0.007005995492350687
4782,0.004259532219926895
4783,0.00924038605390421
4784,0.02318873829807778
4788,0.004294423284771426
4791,0.011069311732368237
4792,0.06880203027168343
4793,0.01150240045329282
4794,0.003876606236142775
4797,0.01963863883917346
4798,0.006755212995603456
4799,0.0003940917604196988
4800,0.024625501749940732
4802,0.0035681947582746434
4803,0.0135059210226432
4807,0.008654123732529067
4808,0.07864819002053808
4809,0.12361525678571342
4812,0.006215736381733987
4813,0.00498086261313594
4815,0.05269996149114443
4822,0.0027770431265613784
4826,0.016861831350153927
4827,0.07831623291627086
4828,0.0017059141088926388
4829,0.004826593324046694
4833,0.004510102664428516
4834,1.934133943518698e-07
4835,0.05601536879456919
4836,0.0017661866308343614
4837,0.01031682842948361
4845,0.10408816163937559
4846,0.0011995409465038063
4847,0.04534775326320273
4848,0.011804481840417873
4851,0.04679331684617062
4852,0.00696984034119867
4853,0.006918665223725588
4854,0.006080822472664598
4856,0.0030461018642247402
4857,0.004575668058748673
4858,0.0023876596103277153
4859,0.012945091145575818
4861,0.008310120284283795
4866,0.09991728479552628
4867,0.00046076018464257727
4868,0.08008806458040754
4869,0.020723263441056315
4870,0.05395881834299745
4872,0.008929732008128582
4873,0.007028081443065125
4875,0.0033952498138847625
4878,0.004527988490876399
4880,0.002846414453186716
4881,0.03194806218314461
4886,0.04937199774703667
4887,0.0053009839373343035
4888,0.038042004346945
4889,0.0029955723230595116
4891,0.027552891653055762
4896,0.003036521526880638
4898,0.006974372036098071
4899,0.0044999766659037325
4900,0.03793828545350303
4902,0.024372037617351797
4903,5.6078149393161356e-06
4904,0.003010016394723334
4908,0.011081993334093647
4909,0.030590110698111128
4910,0.03872638682240964
4911,0.054678217945727046
4914,0.025801125297565414
4915,0.003036524963495455
4919,0.0029946499762692116
4922,0.010471884375432347
4927,0.006559700249980864
4932,0.02326044929493126
4934,0.0165028477369537
4936,0.021030214054200996
4937,0.020874189905191496
4938,0.000402852919924904
4941,0.10091983107787984
4942,0.1254358161387359
4945,0.012505926526207418
4946,0.2187166995603097
4949,0.020551229391718138
4951,0.03097567394061895
4953,0.05387628259868821
4956,0.015181020882496206
4958,0.005057579086317268
4959,0.018473290035808703
4961,0.050251888926462165
4964,0.007287674055714642
4965,0.006223922830543013
4967,0.00583476205225822
4968,0.0025393020895075513
4973,0.014487572654160692
4976,0.0022998471773330808
4979,0.0007667256617555014
4980,0.06262901719881228
4981,5.584750184223107e-06
4983,0.005852579348392981
4984,0.0031229419024060715
4985,0.019293409573639186
4986,0.013646310229787535
4988,0.03553810775007609
4989,0.13980157424981132
4990,0.01108981904563003
4992,0.02311820107414523
4993,0.0343967712993289
4996,0.013900913312308725
4997,0.004213019521875415
5001,0.005692965964768372
5002,0.024969659289516614
5005,0.029824281025772694
5006,0.017386125046671412
5007,0.043917764591046037
5009,0.020386514513695688
5011,0.004978789116052203
5020,0.0019454239304777631
5021,0.007060254570044331
5023,0.13347606697014944
5024,0.040127859410007224
5028,0.037604200719736046
5031,0.023307046500384038
5033,0.018802071694666075
5034,0.0007726732106861505
5035,0.050291478656008554
5036,0.005353839293818897
5037,0.023750473410427853
5039,0.11713479655343988
5042,0.03440981801705779
5044,0.00021256232574996323
5045,0.0021215997671783274
5049,3.328280702587839e-05
5050,0.003942404822937827
5051,0.018052224324887445
5053,0.027758995370755598
5054,0.00691548003089664
5055,0.0032058590824978286
5056,0.021129915994836643
5059,0.004453895203917226
5060,0.003560964107409061
5061,0.0014619651863036782
5063,0.00914295991109803
5065,0.0037655778585026735
5069,0.0081093193175957
5071,0.009883756683989867
5073,0.028770018206280237
5074,0.023834021241665893
5080,0.004519195441901159
5081,0.0018411221333272923
5082,0.009799668256449678
5084,0.09131085061072562
5085,0.006721656741300526
5090,0.01778205100566151
5091,0.005211715349932549
5092,4.588780385737633e-09
5096,0.03777657029945114
5099,0.00029877265923211556
5102,0.020607128085141698
5103,0.0025930070826018924
5104,0.006537154180014529
5105,0.023441558881299274
5106,0.05948577165212684
5108,0.0766921383798616
5112,0.03281359174697796
5116,0.050117530085832945
5119,0.006604784738959662
5120,0.01206740668142704
5125,0.011857688302704554
5128,0.07161349881063503
5132,0.004101471590046235
5134,0.009438736700674058
5135,0.08054196286009015
5137,0.0016078181838967724
5138,0.007322179501417545
5139,0.0012204495133930882
5142,0.03051616930392775
5144,0.0015611946315505056
5145,0.0513727481364988
5146,0.012155283872040937
5147,0.0781264701680773
5148,0.0022331891240153423
5149,0.004651399278922312
5150,0.00018494815937402084
5151,0.001794961257128942
5152,0.014514663239286045
5156,0.004906480929433635
5159,0.005435555505519549
5161,0.003414928138203635
5162,0.04342906833039285
5165,0.004829658180387362
5170,0.012443556098261881
5172,0.02453606804232411
5173,0.0075343966935752646
5174,0.025884441942995922
5175,0.012900599416401018
5177,0.004946287360482378
5178,0.014253619784761477
5184,0.08615046476119068
5185,0.003882796292386619
5188,0.005846793838588329
5189,0.0002982044583609484
5191,0.013645206770516975
5192,0.005129344142781395
5194,0.0067177530735499395
5195,0.022577108731553577
5198,0.006948296562134669
5199,0.03738975007413138
5200,0.01613939595351471
5201,0.0050621163915150974
5205,0.04806315042780891
5206,0.0020031114018345085
5208,0.008045516139913694
5212,0.006408608949621247
5213,0.06057812364034955
5214,0.002456691802868647
5217,0.0015311745718619334
5219,0.0679039516182253
5222,0.007612067302231467
5225,0.0068079881490222755
5226,0.0006374997057444137
5227,0.012726881231035277
5230,0.0038496401728644355
5231,0.0051425662072372815
5232,0.0026422956141848347
5235,2.6061364447808525e-06
5236,0.05662848637447454
5237,0.01988680652803795
5238,0.02901260259023569
5245,0.003918965174989232
5246,0.0023872635856232822
5248,0.011124249712256284
5250,0.027263446187914583
5252,0.009147132542300146
5253,0.0642551775401024
5254,0.05287345105868817
5257,0.00012256905493527933
5261,0.017611969394881483
5267,0.008873095928091794
5269,0.011708339644310303
5272,0.03496594380897069
5273,0.0022492497662391694
5275,0.00021462687655991454
5278,0.024157861500206598
5279,0.019627953425981205
5280,0.0038588411400653994
5281,0.005311172718485965
5283,0.12251301674142989
5286,0.003036383975966692
5287,7.129174996439225e-09
5291,0.012581358683535352
5292,0.008184323065374217
5294,0.01488981246264344
5300,0.06591940070093961
5303,0.008811849126929745
5304,0.015680966113790756
5306,0.006602784818835154
5307,0.009113061170639813
5310,0.0048483557447063985
5311,0.02090500855269333
5313,0.11419456745816088
5315,0.020657054911251534
5317,3.526247926598482e-05
5319,0.004946954409116431
5321,0.003947501486106122
5329,0.12028239618541313
5331,0.009330958222715626
5332,0.0005872706832680604
5335,0.029869000243120475
5336,0.008555330185801601
5337,0.08345127149086641
5340,0.006408327172410851
5341,0.01827723846238136
5343,0.01830053867288901
5344,0.040484306718603986
5345,0.028545212864430763
5349,0.00703135446091107
5350,0.007153927050243871
5352,0.007008056956743573
5353,0.09015799278324263
5354,0.003038523722724531
5356,0.07014169595635318
5357,0.007344914497724004
5358,0.03193245009741881
5359,0.004785212948251938
5363,0.015438937601831453
5366,0.029232337955786548
5367,0.0039595127104333355
5373,0.004417977590528374
5374,0.007487947218571423
5377,0.00044153779482165737
5378,0.0473375474510673
5379,0.014818875041669302
5381,0.007927892320665764
5386,0.012385668391481076
5389,0.003151129243047463
5395,0.0019928017952853174
5397,0.00031638533693217425
5398,0.007695166090957087
5402,0.0312021771231697
5404,0.011369381349628326
5409,0.00389167454892091
5410,0.0125078455072573
5411,0.0023682621186827584
5412,0.004058240903683441
5414,0.003111190110591087
5419,0.08822975356994578
5424,0.0032371328295209157
5429,0.004141542895201746
5430,0.0008248883389061673
5431,0.007253357597557766
5432,0.004310169217796356
5436,0.006032137211081468
5438,0.0164139871230255
5443,0.007159487775154025
5444,0.0171968274548169
5445,0.0029958781381020363
5446,0.005721695270062599
5447,0.003245476052677911
5448,4.983736157919323e-05
5449,0.0030305828413222245
5454,0.006298678097593859
5457,6.163849386015508e-05
5459,0.0037320477102901627
5461,0.018981805634355167
5462,0.011049444772518697
5465,0.00450005417075083
5470,0.007145972002430787
5471,0.009474321136584717
5472,0.004313115640880413
5474,0.005868923689272092
5478,0.0024370920208742456
5479,0.010402332466914173
5480,0.0018056799923296969
5482,0.0038517167162388844
5485,0.14546180148911786
5487,0.006847927871085953
5488,0.002751638175646689
5492,0.013818932361934435
5494,0.005437634057508422
5496,0.003985195457139512
5497,0.008466495310002185
5499,0.024122933649548352
5501,0.007181852426084027
5503,0.01025460146736799
5504,0.047971934508035025
5505,0.006981711350251588
5507,0.03936953025946833
5508,0.03722967047300831
5509,0.0177351937979863
5510,0.03059773540723999
5511,0.0075794058728039385
5513,0.004818700761600839
5514,0.018357800750059588
5515,0.005492589085295694
5517,0.006909438529183187
5520,0.004354045655551119
5524,0.00407902461047993
5526,0.004774497338045417
5527,0.03215295439229288
5532,0.05359644916222989
5534,0.14076327980857448
5535,0.021888800478151754
5537,0.0067004690249127564
5538,0.027335537661123822
5540,0.005845501001289057
5541,0.007684052279057997
5543,0.004877170000298151
5544,0.0030364068341830557
5547,0.040962458160735404
5548,0.025361528456202338
5550,0.007150094596808658
5553,0.0027188577770008117
5554,0.03827634592434995
5557,0.02888528890210142
5558,0.00021362127626018033
5559,0.0641500571074311
5560,0.007283403897657848
5564,0.0036769550419585065
5566,0.10675439350672042
5567,0.010069681175889513
5568,0.003501734990440161
5569,0.002448941907338808
5574,0.010710626415579034
5575,0.02510133218208095
5577,0.009935818803215583
5578,0.016858764128837713
5581,0.006812127790449366
5583,0.018052224324887445
5585,0.006349000620797762
5586,0.0032640818858037353
5587,0.004860262265586178
5588,0.028517109828799223
5590,0.019921547601501347
5592,0.017477411784705004
5593,0.00621043965573392
5598,0.00244085935229431
5599,0.003110020940821877
5602,0.004734253644266828
5603,0.005010926662641921
5604,0.002609837039362763
5605,0.043375219462366436
5606,0.025878920649868537
5607,0.027510002096494204
5610,0.020922069518248168
5611,0.021167739529952618
5613,0.015249483966713872
5614,0.005840651082076937
5616,0.00306099199096454
5617,0.0006925498202785665
5618,0.01677769546682124
5619,0.01873259806487303
5620,0.002998154781325634
5622,0.0018275721335923032
5623,0.03690336802676224
5624,0.11016800132429466
5626,0.01052296769390496
5627,0.018052224324887445
5629,0.0014399256526283276
5630,0.04430071585777827
5633,0.007283732875648266
5634,0.0334413862489273
5635,0.004722875911047368
5637,0.008313123680256405
5640,0.016860340621127966
5642,0.009245804225339436
5644,0.024255201248919188
5646,0.022787694073728895
5647,0.002659918979163303
5653,0.00955794297572785
5654,0.0037431137545656354
5656,0.005264697637054922
5660,0.005673979571539589
5661,0.075236908409308
5662,0.012100222602898694
5663,6.324943766616185e-06
5664,0.0022541650845873157
5667,0.00972111076088859
5668,0.137415164321585
5671,0.003501532037246003
5673,0.0038767205720785162
5674,0.029925749065265333
5676,0.000692755481121683
5677,0.0028127184753674486
5679,0.008087564776251811
5680,0.013006280832413213
5681,0.019642666124614308
5682,0.00400548006546443
5684,0.0031480310881718777
5686,5.185418456309509e-05
5688,0.14301561587658027
5690,0.12426088517596459
5691,0.015458785267005016
5692,0.008527948150368688
5696,0.017205196349132246
5699,0.017988487589403947
5700,5.8556334525965834e-05
5702,0.006249728510772996
5707,0.028455433604978413
5709,0.09137996908286664
5710,0.060443768983941944
5711,0.02307511443356162
5712,0.015352065805153532
5714,0.0040792886599085604
5715,0.0056925690384665405
5717,0.0891725360121541
5722,0.0021846905797934476
5725,0.005573635814871548
5726,0.0014365557424799336
5727,0.044079004249149914
5732,0.018570333103366272
5734,0.0071750011670484335
5737,0.003941543766121382
5738,0.007677199404694933
5740,0.10225226106670901
5741,0.026757031029042005
5747,0.004266467726863689
5750,0.009927349300816091
5754,0.005219569582954353
5755,0.017941109890713867
5756,0.02782037648876726
5757,0.014148503843167046
5758,0.04717474893696669
5759,8.065738094961819e-05
5760,0.0039047053478232364
5761,0.0018965985705982301
5763,0.025117569561571223
5764,0.0020490293295541244
5765,0.02030240752451547
5767,0.01542680767115152
5768,0.0002812428905667191
5769,0.01753165085185405
5770,0.1506815368107533
5782,0.024926215255151804
5784,0.1348608084687236
5785,0.028661725176519968
5787,0.005673178450219342
5790,0.00014290323813916062
5791,0.005329165263135192
5792,0.001227474170749517
5793,0.024335875075854625
5797,0.0002551251261527755
5798,0.0039614642597878575
5802,0.012374092316019103
5803,0.023696542298757315
5804,0.01649932892729837
5805,0.008423837361538145
5806,0.005581841895099144
5807,0.005125928827137368
5810,0.19426659327363105
5812,0.011081126318299645
5815,0.0027198568847081857
5816,0.03375132142969278
5817,0.00438994546145565
5818,0.06659633874778838
5819,0.01762315066429857
5820,0.00930606068840128
5825,0.0031561661357949067
5827,0.01883538337601382
5828,0.0041163114868597115
5829,0.0046929893896634056
5832,0.0027124757428237
5834,0.06923858029328905
5836,0.00210191300073894
5837,0.004771646976344078
5839,0.008547608712120182
5841,0.04377629134319684
5847,0.11762209596111227
5849,0.07185626149725952
5851,0.0030454747206715696
5852,0.004421548374473868
5853,0.004277030943818498
5855,9.118568196433466e-05
5857,0.006072645527782887
5859,0.0016035091658137988
5862,0.022016277050417483
5863,0.006094622386013716
5867,0.05012311945438827
5869,0.001867699614235669
5870,1.2317776036828833e-07
5871,0.0024465624161167984
5872,0.005576720450553436
5873,7.215520149329886e-08
5874,0.0051127460958558845
5876,0.020607128085141698
5879,0.005155323456193581
5881,0.0059649304346200555
5882,0.12978383792034745
5883,0.0033259625371099633
5888,0.005011048112258232
5889,0.01139020979346754
5890,0.007748132329807092
5892,0.14964076028899154
5896,0.009887691576483514
5898,0.015970922337586263
5902,0.010480763539856396
5903,0.028036672035062438
5904,0.0030364477953649673
5905,0.006654628118861156
5906,0.008148857907933108
5907,0.012746474692078298
5908,0.003919552238060086
5913,0.0203686571497239
5915,0.006177122712399868
5916,0.006508482444444889
5917,0.013686968247284147
5921,0.12385199241443583
5923,0.005764088608188171
5925,0.002993090799981139
5928,0.009542413173831128
5930,0.002869594283225412
5931,0.030289784857354753
5932,0.020607128085141698
5934,0.0071683001007934385
5936,0.004191175603872163
5937,0.05059357618689694
5939,0.15167025579236149
5941,0.10313493544431371
5942,0.009465832504167567
5943,0.007041786665231425
5945,0.000680755054068344
5946,0.0038027982174719268
5947,0.01970449003656361
5948,0.02268870467064221
5949,0.07100684867598783
5950,0.007643722954544939
5953,0.030532091386760024
5955,0.0041269914995907386
5956,0.003407025273619801
5959,0.010528549181340382
5960,0.05124455313460578
5962,0.019332565768411487
5964,0.019928595739880525
5965,0.008702218226478386
5966,0.0034861040854633966
5967,0.03153685221859473
5968,0.10490313470161726
5969,0.04010174763306087
5970,0.01653786127329906
5973,0.007927892075010429
5975,3.2207097601417954e-05
5977,0.15766469796567698
5980,0.02987046191951936
5981,0.005129344142781395
5982,0.06094111508151856
5983,0.18884334676965436
5984,0.04053282572162927
5985,0.014462223360130899
5986,0.022607836653116335
5992,0.007216583565798186
5993,0.05295132992956647
5994,0.013694049465812236
5995,0.0012442364712618957
5997,0.06826891754285931
5998,0.005641952227364472
6000,0.0032703630891779945
6002,0.0044068567274140385
6004,0.011859435913008651
6007,0.02878325994400806
6009,0.010941356371155238
6010,0.010272088194414133
6014,0.04063279109289254
6015,0.03472477339861584
6016,0.023345804646694106
6017,0.013629750652844877
6021,0.002735060791564455
6022,0.0033545262228143794
6023,0.019943910830973514
6024,0.005874328783537691
6028,0.003462239705003003
6029,0.041090578121467866
6030,0.007593936096463908
6031,0.0013075437088081396
6034,0.026842385286482723
6035,0.025425194904957968
6039,0.015311854341667357
6040,0.016359073321498614
6042,0.02773106462095945
6043,0.004080276623282847
6044,0.0029862764150018974
6045,0.01017747412887777
6047,1.3151176307058864e-05
6048,0.004844686075962747
6051,0.009286382769181607
6052,0.039415049166442444
6054,0.0023968372192515104
6055,0.027721900477528698
6057,0.058586593833568554
6058,0.026106272849782633
6059,0.021854721341176685
6062,0.011175305747748474
6064,0.0021467298383859813
6065,0.006390767109058106
6067,0.0074735480389646804
6068,0.002953800664876263
6069,0.0038732135467455793
6070,0.022305654590627496
6074,0.007594165285960079
6075,0.0044201404831522816
6076,0.0027240121315478608
6077,0.07467687554977352
6078,0.005477460105075482
6079,2.8943559360201032e-09
6081,0.003370380650416862
6082,0.010197677594155356
6085,0.0024279284103775746
6086,0.05523349025872516
6088,0.0575879720065807
6090,0.08623148280070815
6091,0.05990677601532631
6092,0.010926980925013112
6094,0.029503732731433124
6101,0.00014970205440403798
6102,0.008757868894850099
6104,0.015986477111268892
6106,0.0016413260080379603
6112,0.007746782648604224
6117,0.018052224324887445
6118,0.016523439139662408
6119,0.002991896221637172
6126,0.019687855706616998
6127,0.01470008317265172
6129,0.005518954073610598
6131,0.0219885212028134
6132,0.015246062930048284
6133,0.0037842764423278046
6134,0.032040462958891604
6135,0.0176906038020736
6136,0.01888572086626402
6139,0.0031234382227063023
6140,0.0014495939658935842
6142,0.005433385430304049
6144,0.005849715321901663
6145,0.003868156269930482
6148,0.009979910872797742
6150,0.35191038160408866
6152,0.02113958873618684
6153,0.004435746223779294
6154,0.020916115757330104
6155,0.006981890455228788
6157,0.00579042918773141
6158,0.13971958983283714
6161,0.02271983340581479
6162,0.009665939284294016
6163,0.03154534158005327
6165,0.02560038809669289
6167,0.002061125624064095
6168,0.0030925838948731897
6172,0.006015530578316156
6173,0.010952838837720831
6175,0.007646200539174604
6176,0.017888962205754828
6178,0.273528315023185
6179,0.0014909892395738521
6183,0.0034624544645333807
6184,0.005642082178241443
6189,0.018216490647317122
6192,0.018156159065651364
6194,0.03984889173723552
6196,0.004603321492979264
6197,0.0005620305254843371
6198,0.011211807143821095
6199,0.0018989119702180247
6200,0.04466438343789761
6201,0.00024208163362711603
6202,0.0029224426305636073
6203,0.06327735594484482
6205,0.004770219710747341
6206,0.03463155091344841
6208,0.0023246774384338515
6212,0.0037312108164524503
6215,0.003752246108542908
6217,0.02853980733055516
6218,0.10261973797324275
6221,0.007625118181780522
6222,0.0032433762679488433
6224,0.14719399554347168
6225,0.018052224324887445
6227,0.1085952918127956
6230,0.005111667507739885
6232,0.026811350825645505
6233,0.028620121253142474
6234,0.006356497608767358
6237,0.0024152959577296343
6238,0.01347292760623569
6240,0.0071644190921744235
6243,0.011749486281990518
6245,0.02236716688135345
6247,0.00296386663141204
6248,0.004449296259123343
6250,0.007905335536134265
6252,0.016245628326642562
6255,0.039470582140498645
6257,0.019846056273749482
6258,0.003947512083324004
6260,0.012062252594558917
6264,0.003972020462165211
6265,0.024296563704169355
6266,0.007630931610134474
6268,0.14250856949326732
6269,0.11080212886562693
6270,0.005420175441076621
6271,0.04015392031626775
6276,0.025427177711393866
6279,0.12814848943926657
6280,0.016122293409888015
6283,0.009345544544513156
6284,0.004295122035318237
6287,0.001811998403354142
6288,0.020972389271253757
6289,0.004063711752312226
6291,0.010624312941617925
6292,0.022151761148901095
6293,0.10061330981395158
6295,0.0014128057845082728
6296,0.004365729586724201
6297,0.003036496949510424
6298,0.034437380827063296
6301,0.003408967935149589
6302,0.011047562857530809
6303,0.004133416229429997
6304,0.02876012861427775
6308,0.024774555617395187
6312,0.0027729815514269565
6313,3.6273768967556267e-05
6314,0.035549320665020236
6315,0.036504515004496765
6316,0.04868248494631829
6324,0.01671678726362974
6327,0.00413553534444804
6329,0.018052224324887445
6332,0.003111002720662545
6334,0.001651005589273267
6336,0.040847060683565035
6337,0.0142958504526396
6338,0.017617934529444833
6341,0.12523452200011623
6342,0.003538411131090748
6343,0.007908285478975425
6346,4.608670129537482e-06
6348,0.016540648185776354
6349,0.0020960199416139988
6351,0.05301882082234412
6356,0.0020523937243905094
6361,0.016383598332186243
6363,0.0032616241539497742
6364,0.002067119431749626
6367,0.005468777372266277
6368,0.022646133615936946
6370,0.11112540158905986
6372,0.1341788254221011
6378,0.004673780469413114
6379,0.011948218267888347
6380,0.0034359389027014517
6381,0.08294391616305627
6388,0.0033720051397989176
6391,0.03905612200694225
6393,0.1404477501486204
6395,0.013296266795631477
6396,0.012277313082438292
6397,0.009741000413169899
6398,0.007587538022284867
6399,0.002766454939218015
6400,0.09948091134364488
6401,0.003683865340306738
6403,0.007005338022471187
6406,0.008555595444658367
6407,0.00082551959550786
6409,0.05152954774841908
6410,0.00035053009341776576
6411,0.0043782886076377875
6413,0.11415147893173457
6416,0.07221141068030487
6417,0.0847013978978272
6419,0.003023029179152965
6422,0.018815763961937494
6424,0.002822452128110152
6426,0.003036524963495455
6429,0.002677334394530906
6432,0.0030365788748490568
6435,0.02994640443251459
6437,0.0018517603235891644
6439,0.020872600777750584
6440,0.0002749660825695691
6441,0.008106103731441185
6445,0.004777987349448384
6446,0.017287908169656578
6447,0.20435976770357558
6448,4.7332413656851896e-05
6450,0.04077590347584515
6452,0.008898689113113272
6453,0.06087406744390407
6454,0.0059566424868197675
6455,0.015822154249991033
6456,0.002913566420603039
6459,0.01982945241463036
6462,0.02109652425316204
6466,0.07474906204774504
6467,0.0013226926309969928
6473,0.02647416713445155
6474,0.10923080045867362
6476,0.0035463274464348367
6479,0.014451673686219326
6485,0.004762790908129677
6486,0.0122748679810249
6487,0.0036753876621921085
6490,0.015147841603988762
6493,0.003923492848318778
6496,0.029076231537927124
6497,0.004056590504307613
6498,0.0029768623065093364
6499,0.020898907463427867
6500,0.03682549649582819
6502,0.017389231236207798
6503,0.007953844323205969
6505,0.008134493798722785
6506,0.008562017690201618
6513,0.015753090898266833
6514,0.0018015281003407053
6516,0.019175490575770556
6518,0.00303045373476389
6519,0.016874488864519015
6522,0.005045411081792259
6527,0.014299035377363527
6529,0.025331581265773038
6530,0.12255848126148614
6535,0.005147818549647703
6538,0.002540575134983491
6541,0.008969751605020598
6542,0.0027690916913804403
6547,3.973702592201158e-05
6549,0.005285214918563552
6550,1.0924654346096978e-05
6551,0.009919748325358472
6552,0.1276090724366963
6553,0.004369504799728439
6554,0.010001504308214197
6555,0.023428855090889173
6559,0.01972703277658484
6561,0.03100772779152171
6562,0.07267023391559332
6564,0.008133967813919105
6566,0.0064006594244394935
6567,0.03261760806228234
6569,3.23078447078145e-05
6570,0.012711497347861235
6573,0.056844584127204854
6574,0.004236356977615934
6575,0.007016612346197428
6577,0.018052224324887445
6578,0.005578898199801197
6585,0.005893125541070533
6586,0.026740304611329764
6587,0.032243359712360316
6588,0.005215213492772332
6591,0.014798893308835067
6594,9.057634632990317e-19
6597,0.06770284286520198
6600,0.001005732467694062
6603,0.12582375813771995
6605,0.0025615738501937016
6612,0.002970363252740813
6613,0.1667666043919226
6614,0.003564331206495072
6615,0.0033348728371359214
6616,0.00443092748607052
6624,0.005697365665700327
6626,0.03527121782178014
6630,0.003036524963495455
6632,0.027729128531458442
6633,0.009801382355677936
6637,0.001743806932082981
6640,0.029112999416405987
6641,0.03152902404203436
6643,0.043326031179314405
6644,0.03810973719006997
6648,0.04532861661924508
6651,0.008290200209354818
6652,0.004452606832679698
6654,0.005737005803553486
6655,0.024482489988182067
6657,0.011688929945529997
6660,0.012196266760495034
6664,0.031180095722787092
6667,0.00691356495026967
6668,0.10407663462528073
6669,0.15543905599321595
6672,0.020651369052225907
6675,0.00269009119571346
6677,0.002839727675788241
6679,0.008798075746843452
6682,0.007568315666948666
6683,8.43332166979541e-06
6684,0.0020392956247086507
6685,0.00530994514532691
6690,0.005039656899859498
6693,0.005186205814908659
6694,0.0022083628935108033
6696,0.010170315390354304
6702,0.011225174577099341
6703,0.1304068184722259
6704,0.029985100894333677
6706,0.0017303251915486743
6708,0.0027235449028634433
6709,0.06894732530293095
6710,0.09682513159158762
6711,0.01777194183859008
6712,0.007105878948460181
6713,0.09084970884409153
6714,0.002837307132893143
6715,0.043940737426287596
6716,0.0036932146526178584
6718,0.025943024383290332
6719,0.002651222571559905
6722,0.003556941404286689
6724,0.15490114460577561
6726,0.0036366484538633884
6727,0.003947418930975821
6728,0.030289784857354753
6730,0.0002465876774368331
6732,0.03786576490700556
6737,0.0025203622446882353
6741,0.03794286359252843
6743,0.005287421162268555
6745,0.022023227726423657
6746,0.02546171754197859
6750,0.003036506860242808
6751,0.22339815427463117
6752,0.031423388122377056
6753,0.08007848440757297
6758,0.034264817983519776
6759,0.003580098908340435
6762,0.04893312190120532
6763,0.015244790623466203
6764,0.11443078686804341
6769,0.08156894758132537
6771,0.005908982996993686
6772,0.07412077733831682
6775,0.0034639749034045026
6776,0.012456704271727582
6777,0.0025161448923844408
6779,0.005795615693081387
6784,0.03785970935710464
6785,0.02945010707279501
6788,0.002928342686221961
6789,0.020979142085521554
6795,0.043297127036789236
6796,0.002503129595462762
6797,0.06520207466501834
6799,0.0024248264521049777
6801,0.04604184549860884
6803,0.060445764593918434
6806,0.003607386851218957
6807,0.01158982509662205
6809,0.0004886247294460713
6810,0.13744901860428482
6812,0.15546003480644766
6813,0.04707092686697811
6814,0.07283639926411352
6816,0.018052224324887445
6818,4.598946784218205e-05
6819,0.005774914403169285
6822,0.0721027151353445
6823,0.0003139805905176527
6824,0.007549815297533504
6826,0.03235713904902515
6827,0.09365452633577136
6828,0.02254709110453448
6830,0.0003578632639581372
6832,0.0028295119329104753
6834,0.038658548084434335
6836,0.022245873274758358
6837,0.0024292680934902937
6838,0.01024568094142502
6840,0.005588815538436265
6843,2.124826863130148e-07
6844,0.08473575761080401
6845,0.19747087348782322
6848,0.1324984910354203
6850,0.023675129376675482
6853,0.003222460767005818
6854,0.07933480902354281
6856,0.0038942422126424583
6857,0.005149808883931718
6862,0.0162472685587022
6863,0.044218737294650756
6864,0.0032784546859455856
6865,0.02325282557108497
6866,0.0023198860728870837
6868,0.050984718552862546
6874,0.0041371290086262835
6875,0.006066520734892427
6877,0.003519299068713427
6878,0.0576096171575951
6881,4.965466356935664e-06
6885,0.1028972124233967
6886,0.0257582136355929
6888,0.002901177939539499
6889,0.05929051303103633
6893,0.014004807854276448
6896,0.0049263550126709505
6897,0.06511670195984717
6899,0.033587346265957205
6901,0.014873278830072353
6902,0.016570943001092384
6904,0.003579351085890783
6905,0.039167386134875644
6906,0.00394125785919089
6908,0.0664367283459225
6909,0.00802976323608549
6910,0.07688858700269045
6911,0.0063225545619880535
6913,0.002555734023080131
6914,0.0029480844419934554
6915,0.0029229045879413554
6916,0.21910932584102294
6918,0.00309709596215321
6920,0.003926263287784868
6924,0.0001812658255571522
6925,0.03209913081842643
6930,0.01618391983217063
6931,0.02781319453429217
6935,0.0007526563476975872
6937,0.030338936392802003
6939,0.0036648951018020846
6941,0.0029093582343872803
6943,0.008346936291861382
6944,0.003182524686610451
6945,0.0017095376740033019
6953,0.002945318037831297
6954,0.029238614067377097
6955,0.007652994711749915
6958,3.0423254396530283e-05
6959,0.010114461837026568
6961,0.004669945868745297
6964,0.0014273077425358347
6968,0.002904167653877202
6969,0.012593185836209355
6970,0.010878387707070633
6973,0.11386402026212493
6974,0.01178834981620461
6979,0.003452297834739368
6981,0.016688671300210445
6991,0.0014038957803160544
6992,0.028650192333318416
6995,0.016319351563410637
6997,0.005265053324433954
6999,0.03149623782177432
7000,0.002333075405554817
7001,0.004861954454289185
7002,0.04683923062430152
7007,0.013378897722375509
7010,0.14200527219326262
7012,0.023651422606800712
7015,0.042234271271625975
7016,0.017414957857108265
7017,0.0046039174161744785
7018,0.02629958061778709
7023,0.0024563314712883894
7024,0.015625840949693357
7025,0.010297427119953496
7027,0.00744112825779153
7029,0.00849513212986303
7033,7.404420590228419e-07
7034,0.004430558443780741
7035,0.005165491926921246
7036,0.0031661667249357137
7040,0.005696290788555908
7041,0.06754811020151828
7042,0.008063518083952208
7044,0.001382543055939829
7046,0.054933806184522975
7050,0.010950573007942563
7052,0.00024700586212952154
7054,0.003015560039648553
7055,0.030657862481414246
7059,0.008444602755296068
7063,0.08025227621999192
7072,0.030386498348396608
7073,0.014962767793488098
7074,0.0074975584568266
7077,0.05513951630237329
7078,0.06228413840031081
7081,0.003787026708208246
7084,0.005314672809727667
7086,0.0166804322376809
7087,0.0001788116545531779
7090,4.492750400085683e-05
7091,0.0036882560765995175
7092,0.02389974605128496
7093,0.007583367422387244
7095,0.003884043298342092
7097,0.025410255015774753
7098,0.002638507948407869
7099,0.07842565653222307
7103,0.00025650460192466426
7105,0.000721003632007702
7107,0.007439493519707275
7109,0.2701383610795732
7110,0.055616219027332776
7113,0.005722151464212309
7114,0.0045387180011851914
7115,0.003700205734721594
7116,0.01212330948468882
7118,0.024319676117329478
7121,0.0018564860538417948
7122,0.04220602082060812
7125,0.011762610998014738
7127,0.023676651582837386
7129,0.06758330834764782
7132,0.005630785860366594
7133,1.5354704878558858e-05
7135,0.016114741826223928
7136,0.021170821481694076
7137,0.14489647335116146
7138,0.023718612706479524
7140,0.00856678548250879
7141,0.00434570712625115
7144,0.008766121263191443
7145,0.054826377748230515
7147,0.055550029344310546
7148,0.12980212965663482
7149,0.05287345105868817
7153,0.04813438540993965
7154,0.004753723684843857
7155,0.010116224877214128
7159,0.007025906332029298
7164,0.00958417239133026
7167,0.003977630786723179
7168,0.019725455425672944
7171,0.003371967150174682
7172,0.0032461780568820036
7173,0.02187141276260965
7175,0.018052224324887445
7179,0.04664093623493965
7180,0.13214771509575282
7181,4.7861837421334404e-08
7184,0.00225186925933603
7186,0.002897305250111271
7187,0.07960667991098876
7188,0.0032513967850614674
7189,4.021210561109873e-11
7191,0.03068301840683341
7192,0.0005556354476952137
7193,0.005251729040164803
7194,0.035056702579205644
7196,0.00500523001190349
7200,0.020999452301026116
7202,0.013694049465812236
7204,0.00508317620319794
7205,0.0008965220679754921
7207,0.09997844432223003
7213,0.023780707156694496
7214,0.009723968679291737
7217,0.004569256348907276
7220,0.0029926364892742803
7221,0.01665908460984703
7222,0.004005290579145939
7223,0.0005915495719850895
7224,0.09893834076365898
7225,0.004371615771626894
7227,0.004772996958778398
7231,0.049092042092713915
7233,5.9049564981004767e-05
7235,1.5455490665357645e-05
7236,0.006111480668480922
7238,0.004923391480025393
7239,0.002695696412230634
7240,0.1205851939992725
7241,0.015197434887792832
7242,0.12028239618541313
7245,0.07076963978874729
7246,0.030086811401990505
7247,0.11992035835716057
7249,0.0076629480320401875
7253,0.18445786903293865
7254,0.0034623797640606717
7255,0.0045635189820409415
7256,0.05083084272680083
7257,0.0036082172786460523
7259,0.02193003729712757
7260,0.005150856764283645
7261,0.007912316609478205
7262,0.003491708064917358
7264,0.0036072449610657117
7266,0.0011061014856325769
7267,0.0026429302249273423
7272,0.010698418001578048
7274,0.14500713126043974
7275,0.005786403993750251
7276,0.09965154302604567
7278,0.056480460301195724
7280,0.003923367490104881
7281,0.0037693969028793823
7282,0.025337030764352987
7283,0.004582093674407819
7284,0.008778190395561155
7285,0.12770346959095685
7288,0.011243136108630033
7289,0.022174264894060037
7290,0.0005318772696664168
7293,0.0922245552278341
7296,0.004209470014093352
7297,0.04179316590611133
7299,0.004810449166964793
7300,0.002067513319642289
7302,0.004126594899016505
7303,0.003707019957624567
7310,0.00011753604914950006
7312,0.038211392646498504
7314,0.026599098998940682
7315,0.021261899950937007
7318,0.11033542592824297
7319,0.0268220987655379
7320,0.0039759248709361535
7321,0.0010841199710684812
7325,0.003417934842719837
7330,0.08909507828391236
7331,0.11864819667514595
7332,0.007438506589764347
7334,0.0033311475560179296
7335,0.018052224324887445
7336,0.0033685427947908503
7337,0.08695642248016802
7341,0.1253969511733454
7345,0.003249534419709438
7347,0.005428501071778255
7350,0.006061357585152993
7351,0.0689847051280653
7352,0.00639631434941586
7354,0.00692951688247341
7355,0.004970865563456714
7359,0.011180771616471989
7361,0.0508042707797689
7362,0.007515692955649671
7365,0.0001263968628654617
7366,0.005914649064482957
7367,0.006544916536311699
7368,0.018466865451434562
7369,0.01057646463632929
7370,0.017722386007202936
7372,0.01905066628458608
7373,0.012701462856881278
7375,0.0033125165780206
7376,3.191147869387155e-05
7377,0.10560547973527933
7378,0.002296259282553816
7379,0.009220784003622114
7380,0.12345426097134032
7381,0.059366354666901516
7382,0.0077583110649526756
7383,0.0024476906109105277
7386,0.09510185683123969
7389,0.07723192773204261
7390,0.04005444275099732
7391,0.010783639501106175
7392,0.002709890926281233
7394,0.005869806786711304
7395,0.003085064064543361
7397,0.08307423308678881
7399,0.001982612653223809
7400,0.12579167252987705
7402,0.01023906127688087
7405,0.003644178722211655
7410,0.04324870105751603
7412,0.003906305845036894
7414,0.0008794505771104209
7419,0.00330869019961526
7420,0.01596731387267411
7421,0.0030363856941960123
7422,0.008242200042419748
7423,0.0006871858131545485
7426,0.004307004888498102
7427,0.0047861256647784185
7429,0.003036505141945131
7430,0.03448426859714174
7431,0.008086312809906156
7432,0.04454522848040987
7433,0.022261539868034096
7436,0.0014248208331552712
7438,0.03366213703997699
7439,0.03395503209238757
7440,0.11165188208918599
7441,0.014833854031385285
7442,0.02848793816184958
7443,0.0074392113091934
7451,0.004219046447830324
7452,0.003363752631841323
7456,0.009920761714394195
7458,0.004428690995049841
7459,0.10000449543434455
7460,0.0038505470229222424
7461,0.0031053154251178073
7463,0.01530564386349193
7464,0.0716938519840182
7465,0.0027188043533199068
7466,0.02531775850771292
7467,0.009595491169726073
7472,3.920209970458895e-05
7474,0.007056067210549242
7477,0.037010721852727156
7481,0.005697161867751622
7483,0.000979014965533203
7484,0.01579361607261196
7487,0.00011510938977159167
7488,0.00011008035892170612
7489,0.004675080067200943
7495,0.018052224324887445
7496,0.010363540146324499
7498,8.115191675280005e-05
7499,0.0017402308315391957
7500,0.0030364840012757285
7502,0.023132944534772173
7504,0.0003691401557778397
7506,0.024087051868722186
7508,0.13698524679454893
7510,0.0024601785988199905
7512,0.009141049080150334
7513,0.025865074613189376
7515,0.02263482701142555
7516,0.003465913824486524
7517,0.09790235468335945
7518,0.04349027381609515
7521,0.003008758926754321
7527,0.02764636332388883
7528,0.21153758435199727
7529,0.026665274292483634
7531,0.004208945513422798
7532,0.04081609692049153
7535,0.01934965978874722
7538,0.0067473463244550015
7544,0.03659169288645967
7548,0.0039383507320707644
7552,0.034347183180120866
7555,0.09252524417477966
7556,0.023328486171179556
7557,0.06314028885030462
7560,0.010777283505803504
7563,0.0032101184124735454
7564,0.1306901446014988
7568,0.010490010899142798
7573,0.0018788996648064795
7575,0.0691629948614352
7577,0.21847568811785464
7578,0.004442394628938962
7580,0.01094741728247274
7581,0.026284561331772698
7582,0.12624453517725015
7583,0.05816477068484646
7585,0.018052224324887445
7588,0.0022229244511764758
7591,0.014927487872928047
7593,0.004156230238215848
7595,0.00861420126477918
7596,0.00032723327163284834
7599,0.15511432579143739
7600,0.009131783690620692
7601,0.0019943734946513843
7602,0.0030728741927527115
7604,0.01335272298475766
7605,0.017801314834677753
7606,0.0030364559876674586
7610,0.0042946876054022285
7611,0.009888567070965661
7612,0.06940260099063948
7613,0.002475597376412134
7616,0.004377314984700522
7617,0.0037193384361702757
7619,0.00303636111792188
7620,0.004181458798150249
7621,0.057390873528607715
7623,0.001775587649466108
7627,0.10660772270304346
7628,0.005888956398979223
7629,0.006663602577637316
7630,0.13174976109592218
7636,0.006098088999401647
7637,0.024433116926418297
7639,0.0005667561631642333
7641,0.0080033929672088
7644,0.04916113125736139
7645,0.004944936878431157
7646,0.003346445796584882
7647,0.004879151994789226
7656,0.04327251775825703
7657,0.004314927545137417
7661,0.0048996536182176935
7663,0.01001726996143668
7665,0.00572719995475734
7669,0.007735451220493625
7670,0.14529218278893236
7672,0.012548640993743285
7674,0.003949258726186476
7676,0.014547461183550922
7678,0.003036531437692984
7680,0.0057067076596188
7681,0.004055546128832781
7684,0.023795905959468015
7685,0.008672864660991726
7686,0.004940349716411621
7688,0.05676266741205563
7690,0.002974068746520211
7692,0.0030018175998271397
7694,1.501203759372888e-07
7696,0.0028121625678605355
7698,0.08670251818851356
7702,0.001828034399481396
7706,0.005119211471888787
7708,0.004199121736613798
7710,0.025943990336249518
7712,0.02714406748295622
7714,3.280865175901638e-05
7715,0.02181350845043953
7718,0.015542669922437082
7719,0.009542278428947594
7720,0.005812856142736381
7725,0.0056962585719139815
7726,0.011334873550139742
7727,0.0031245525176994194
7729,0.06927546967745758
7733,0.00536576191500208
7735,0.018710229155375933
7736,0.016521151741437638
7737,0.026908796124607667
7738,0.0030253298708726993
7740,0.06819609713598462
7741,0.004942470638613729
7746,0.017679889167681404
7747,0.0038616659535751284
7748,0.0034215504415509097
7749,0.01624917270983856
7751,0.002009103757137899
7755,0.013049266423580673
7756,0.09625351232364976
7757,0.002306458498056957
7764,0.07342581014384256
7766,0.002888166599557429
7770,0.003418153480933938
7771,0.0023023062351733292
7772,0.00646060960784671
7773,0.008610165216132974
7774,0.03315927742985672
7775,0.013693385749028987
7785,0.002644466171956244
7787,8.562284198013665e-11
7788,0.0026185609054062225
7789,0.03159352539735714
7790,0.03972643513993261
7793,0.113498944264119
7794,0.009440947235937526
7795,0.03741653560927079
7796,0.062313992002516215
7798,0.017874061878391887
7799,0.0021200042014561157
7800,0.03185333384559036
7806,0.00281295972973079
7808,0.0030365706822160304
7811,0.0001290343030239734
7812,0.006112864900337691
7813,0.010016322068536001
7818,0.004310318221075936
7821,0.01913237274477201
7823,0.004255995192960617
7825,0.003825662557257182
7827,0.02317443667239154
7828,0.007310095458915623
7830,0.10141004369728944
7831,0.0037411782421627013
7833,0.003959756762550146
7836,0.00031019377291537407
7838,4.461295208422531e-06
7840,0.018025106860482237
7842,0.007476701644642055
7844,0.0035572629948119
7845,0.06738110407139024
7848,0.01636017541099881
7849,0.04978960787253082
7850,0.022319734599144405
7851,0.004108050155641366
7852,0.01988969020606581
7854,0.015930012989068716
7855,0.012989477823552283
7856,8.120323818481893e-29
7859,0.00349370126221192
7860,0.04302576279187492
7866,0.0034903470237515133
7868,0.0027589142410574994
7869,0.0029832586936825644
7870,0.056861090409316924
7875,0.06212182157661583
7879,0.014959899798192027
7880,0.022408507366212017
7884,0.002803745413875599
7885,0.017403123730773885
7886,0.017297730965676158
7887,0.0017077571704065223
7890,0.14350859375965366
7892,0.003384227653076289
7893,0.05416623027963138
7894,0.01395545060601157
7897,0.018817278417047407
7898,0.01714409941854339
7899,0.02485688969345594
7903,0.005431256637134857
7905,0.00565383405271561
7906,0.005068837352353221
7907,0.0033640459601843643
7909,0.0966774497227729
7911,0.02046927283722035
7912,0.003949917447022296
7914,0.02810267753802998
7915,0.0006941123449658691
7916,0.00013550043459482742
7919,0.00045128026125023453
7923,0.04993525768037519
7924,0.003096473208306101
7926,0.005435061837372994
7931,0.024482489988182067
7932,0.008903860254067692
7933,0.0579359782162621
7934,0.011055440786479383
7935,0.028632359605272426
7936,0.02192803522902519
7937,0.02683684193149811
7938,0.01830094913888833
7940,0.00783682598773704
7942,0.003375862411543218
7943,0.027064003140226285
7944,0.004227249728771577
7950,0.005733166714884075
7951,0.07462205007134076
7952,0.021176447847820967
7955,0.0038698708687988333
7962,0.03162960420527293
7963,0.12028239618541313
7964,0.00833732635878766
7966,0.17062374956019816
7969,0.003805027445654862
7972,0.003897892276579367
7976,0.06017216844745392
7978,0.12028239618541313
7979,0.005596961752692586
7980,0.08922071921223172
7982,0.015156372447312435
7984,0.0013734055410194817
7986,0.14904205336071832
7987,0.28687975788985753
7988,0.08718011592653749
7990,0.035165536266087476
7992,0.002638002407429757
7993,0.18403486652233358
7996,0.013004381783079779
7997,0.011039300938757286
8000,0.0042745000988421164
8001,0.0353067452658517
8002,0.002462179094305831
8005,0.005361508772484389
8006,0.017736712745094217
8011,0.0027207621469758627
8012,0.009354821239709377
8013,0.10726111137882417
8014,0.04418047374113967
8016,0.0041101716387129655
8021,0.0037024691672093144
8023,0.00553326096891161
8024,0.02428351391238931
8025,0.011416100634457875
8027,0.06683465152509845
8030,0.06279087650905778
8032,0.10124429349038734
8034,0.002890055431507207
8035,0.004929311203421756
8036,0.003459220119732266
8037,0.15607075750520608
8044,0.028391255152514616
8046,0.15656645846764847
8049,0.14037773703197082
8052,0.030289784857354753
8053,0.0037604898686420325
8054,0.02350838093625944
8055,0.10266783397068273
8056,0.00259043941512171
8061,0.019809844705059476
8065,0.06695851684896693
8068,0.0049908488668800495
8069,0.0030238156975402413
8070,0.0016786243371242453
8071,0.032755427376869484
8074,0.10020286734491339
8076,0.018467794357274026
8077,0.024767050771056644
8079,0.0038841880652344496
8080,5.218056442226851e-05
8081,0.0032343970727709433
8082,0.00439066431336823
8087,0.12965674677675884
8091,0.06287854883366992
8092,0.011204616319387007
8095,0.002221626201162901
8096,0.008945454708973673
8098,0.022811297001339638
8099,0.1413804094126952
8100,0.0017621287081749067
8102,0.003977359668415842
8104,0.0015248675080728243
8105,3.234213847434365e-30
8106,0.005989794462678816
8108,0.08964188239396725
8109,0.02359829146310056
8112,0.020594730516394502
8113,0.014382537264842881
8115,0.049701098054098065
8116,0.019195097625164956
8119,0.03857721064116451
8120,0.0035419476058275866
8121,0.004223302897706999
8122,0.08290173010777091
8126,0.037626517643698766
8127,0.003547434262337387
8130,0.0011339873129163586
8131,0.008269407457978892
8133,0.0204140027520663
8134,0.00807905117796092
8135,0.08877407062859599
8138,0.0017111019579839446
8142,0.0037932237928346964
8143,0.0028771857468166393
8144,0.028426701271252807
8147,0.004207383250860944
8150,0.025823785990100784
8152,0.0042370439841109475
8153,0.021190294228388473
8155,0.017727863508387193
8158,0.0438157955763095
8160,4.119148132927062e-15
8162,0.004570286910272809
8164,0.003410738001820721
8167,0.0002936055835335782
8168,0.0024608554253500664
8175,0.004426947222160851
8179,0.043130253252870225
8181,0.000812392724622638
8182,0.02700018634176803
8185,0.00606252977331774
8186,0.007566482832292729
8187,0.011379037597026602
8191,1.079568829479252e-05
8192,0.0036445065539006663
8193,0.013299700888704871
8194,0.021126518284435812
8195,0.04088944117050106
8199,0.006543885846550715
8201,0.010247059381807056
8202,0.006937009038539439
8204,0.008298959906401495
8208,0.12078941771416725
8209,0.011071585825217337
8211,0.00468007500863151
8212,0.006724743436662727
8213,0.08824226901691956
8218,0.0019851793975294964
8219,0.09543942158877664
8220,0.01755394277340917
8221,0.007319322289188798
8222,8.427226547044696e-09
8223,0.006330649321689
8224,1.6681175445387556e-10
8226,0.18409066364980764
8229,0.007201255132726349
8231,0.02752030952019524
8233,0.013484066899652397
8235,0.0030393693400302905
8236,0.004835675493994153
8242,0.0036226990063004606
8245,0.01388114661238743
8248,0.0033681596762087426
8249,0.018052224324887445
8250,0.013684061128615218
8251,0.008078026656006812
8252,0.03955743894917862
8253,0.0053334988643915105
8254,0.002283893585969024
8255,0.0018656042350578626
8257,0.014323859570744812
8258,0.0037531235448046854
8260,0.043538049537118206
8262,0.018366820764882944
8264,0.0033535354000634498
8265,0.011516742649794928
8267,0.018052224324887445
8268,0.003449684953359012
8271,0.0024138471844454765
8273,0.02913646133322742
8274,0.03981217580761
8276,0.0025803138165426927
8277,0.018815763961937494
8282,0.002076567685465328
8283,0.001847328589893247
8284,0.002705623996763892
8285,0.018052224324887445
8286,0.0063350574334840445
8288,0.023415048660393515
8289,0.026988158227738382
8290,0.003806492823112474
8291,0.027973173423695517
8292,0.005175978260705531
8294,0.06871939201948375
8295,0.004432115608280095
8296,0.022124414620334595
8297,0.011647648273541786
8299,0.002845728635642394
8300,2.0079324650601455e-05
8302,0.015438074943696495
8303,0.02036457237117277
8304,0.0033679830423086177
8305,0.01566708162158377
8306,0.0390883534410966
8310,0.011894534571006673
8313,0.003930948943740516
8314,0.005005698704448621
8315,0.005074795644115555
8316,0.021228969412030035
8318,0.22707639303888633
8319,0.004849856870979917
8322,0.006074409384641368
8323,0.02357151142794484
8324,0.01803676361398425
8325,0.0007271419419642614
8330,0.00025504977687517506
8334,0.029131039646588905
8337,0.002440801567584438
8340,0.006099814659817208
8341,0.0026002901811273483
8343,0.0032304001109448176
8344,0.01574842741773405
8346,0.03824351069359771
8347,0.005649939461157667
8349,0.046501914223329326
8350,0.02238257863210112
8351,0.004079024882171533
8353,0.007528087712710751
8354,0.022688059276626704
8360,0.04105053231906419
8361,0.07347183598165204
8364,0.03034183477255687
8369,0.020607128085141698
8370,0.011769856985204394
8371,0.018052224324887445
8372,0.002670059942376975
8375,0.00785051559128476
8377,0.11898899196730181
8378,0.013085178928272241
8379,0.0991786972195412
8380,0.0034051990489875126
8382,0.022040021021756943
8383,0.01830252660936319
8384,0.006707953553049666
8386,0.005116833970314375
8387,0.02526265208221568
8391,0.10403834837778317
8392,0.004131901129900379
8393,0.006602424652430361
8394,0.008028453992977492
8395,0.017377485370490536
8399,0.03703125313137271
8400,0.026582371373231568
8402,0.009420648039803463
8407,0.060358108648867925
8410,0.11107949341636524
8412,0.001356159530117308
8416,0.0029952891162879558
8419,0.06354722771974787
8421,0.07785650251733407
8423,7.771006554179764e-05
8425,0.028638075367100287
8426,0.056392491088627095
8427,0.0024202739017006713
8429,0.007270100634966587
8431,0.0029862685117874118
8435,0.1487661015313475
8437,0.03174167611502116
8440,0.0030365133344018662
8442,0.0032965067071502197
8445,0.00639376857537226
8453,0.019780500405065404
8455,0.07419967432245289
8456,0.004194927695819858
8457,0.00402935947443452
8458,0.12547867549564803
8459,0.0027984462076342323
8460,0.02964270449036654
8462,0.004575766339992597
8463,0.02070257398539437
8464,0.0033825953455363725
8468,0.003333796065647975
8469,0.03189979917073564
8470,0.005938769418222994
8471,0.014946138542731831
8472,0.0060995304504450005
8473,0.009828224152212432
8475,0.03865786574060258
8477,0.014554937375546955
8479,0.01227153408341181
8480,0.004191110377572572
8481,0.02548052417894355
8485,0.05116208519335767
8488,0.013694049465812236
8490,0.002450852401177186
8491,0.0045464540998760945
8492,0.00489441300777049
8493,0.0038235032297578185
8498,0.007367616817420732
8499,0.056697083897736866
8501,0.0025668094527395912
8507,0.0009705322707288254
8508,0.005507799034050125
8510,0.0002273479017776999
8516,0.0065567885515045035
8517,0.004934111972357732
8519,0.00921222452542676
8522,0.033252741721934834
8523,0.002067016621370363
8524,0.0014088512174436987
8525,0.3438764290997264
8530,0.012892657659964713
8531,0.033247968990892864
8535,0.1346249026655435
8537,0.02610699940591032
8538,0.35201266648594803
8540,0.00752189116236068
8541,0.002591407096438564
8543,0.005809352963819521
8545,0.001438596339913944
8547,0.044452961005584934
8549,0.012981450382298575
8550,0.02834431686979683
8552,0.007058310344476498
8554,0.14453088586788618
8555,1.7567054182509808e-12
8560,0.005339236450545267
8561,0.027111480375321136
8562,0.03087384651597251
8563,0.10568796094932646
8564,0.004251617357912877
8565,0.021207699061289977
8567,0.0018822139049319345
8571,0.0032584417945497237
8574,9.771812583166185e-05
8575,0.003014874466591972
8576,0.15886385874008183
8577,0.037710548096043454
8578,0.0030363938863314658
8581,5.330138209965403e-05
8582,0.025576782310667755
8583,0.015273725179657659
8585,0.007683365194278082
8587,0.02023031457181072
8588,0.008489273719845218
8590,0.009524784270211095
8591,0.021588136317179436
8592,0.015622081304813153
8593,0.12294234235016163
8594,0.006110239607936805
8597,0.006067930296277761
8599,0.002084269125289253
8601,0.0301976960819233
8602,0.003036498667803489
8604,0.0020065426229210603
8605,0.00292117947380928
8606,0.0042864283098068895
8609,0.2351956778839799
8610,0.008423612131471058
8611,0.009150007594319227
8612,0.12677166570330115
8613,0.02398688019368704
8614,0.0005892513127595261
8618,0.008317091780167294
8619,0.04271970937188293
8620,0.00302959825484563
8623,0.02611231839603122
8624,0.006193705300350902
8625,2.091504194020671e-05
8627,0.006758446518382486
8629,0.010295233097893607
8630,0.13691450921918685
8632,0.023337449835167966
8636,0.17706361054304376
8638,0.10010035354183767
8639,0.017484492518757205
8640,0.02315964813873919
8645,0.0110602432293847
8648,0.08266110879237304
8654,0.017858750492292956
8655,0.022138679028118273
8656,0.10641675898180589
8658,0.10385089475622095
8659,0.03796338394238159
8660,0.007862518823124677
8663,0.01995321292136324
8665,0.026877953797387503
8666,0.0012109059243022656
8670,0.008511785710128013
8671,0.0008977825631833998
8672,0.020366056673186833
8673,0.022707973552752916
8675,0.02500324294505637
8677,0.027817327785859543
8680,0.004229278568388195
8681,0.03962145203746144
8687,0.005045371978048168
8690,0.004989935469154156
8692,0.008052840343584724
8696,0.016080679120271186
8700,0.003184057987743213
8701,0.039220302386353156
8702,0.0004533854128771613
8705,0.009442542543404101
8706,0.030590448217875585
8709,0.0030365495410917174
8711,0.007770139918325496
8712,0.026507798480798643
8713,0.003505306187254595
8715,0.05771136011092762
8718,0.0189666586384837
8719,0.009563156805930551
8721,0.03446925477608174
8722,0.0622715263376072
8723,0.005116127771025948
8725,0.0008307809687934146
8726,0.07857199889442455
8727,0.13205238439729852
8728,0.04903977436550446
8729,0.033490673950567026
8733,0.036075679958673786
8735,0.03920682065008619
8737,0.2226488296251718
8742,0.018018885788074146
8743,0.014329072816527575
8744,0.00396970524363659
8746,0.024745557458988633
8747,0.025573694120913648
8748,0.003029677478839781
8752,0.05332651547833449
8754,0.0041558193726068116
8757,0.011727781962296298
8762,0.007876369439132332
8763,0.01164971146528475
8766,0.00035201028696874823
8769,0.005348495913420999
8770,0.011629314224218168
8771,0.042987052481452
8772,0.03785339094414831
8777,0.0370735889414174
8780,0.003612187782454592
8782,0.07227332825259347
8785,0.003782485297203308
8786,0.003527339486516309
8789,0.031464810879447545
8791,0.01580000990699239
8792,0.013621244219302601
8793,0.0315873017394057
8794,0.018052224324887445
8795,0.12404964062473028
8797,0.013027692656002341
8801,0.019546932369150734
8802,0.03537559353574799
8803,0.040560234789466465
8806,0.004511643805162391
8807,0.0064361682704616955
8816,0.008266555580857022
8817,0.007430731038039944
8818,0.012764855520377457
8819,0.007888914544031735
8827,0.08249744884838783
8831,0.0047630643637898255
8832,5.803115232514795e-05
8833,0.005039476792482362
8834,0.003052165278202416
8836,0.004573719512281834
8838,0.0011466502248669236
8840,0.020278166582014857
8842,0.011042549897148604
8843,0.01654352210059543
8844,0.05640035174140417
8845,0.0023874079019699152
8846,0.07494018932632941
8848,0.06767143410474782
8849,0.00367220691810498
8850,0.003530330377916997
8851,0.07903865441645848
8852,0.002315209026249926
8855,0.017745461203078305
8858,0.00033366907417194705
8864,0.008699370524629128
8865,0.1061683007022841
8866,0.10998333291642587
8868,0.004209004721724737
8870,0.10416817122323223
8871,0.043015477203291706
8873,0.003126981197914557
8875,0.046046717997826635
8878,0.048582850171350674
8880,0.02923248295338931
8881,0.03579890631637822
8882,0.003036521526880638
8883,0.07488314070437797
8885,0.005835392934260166
8886,0.0340945627985867
8888,0.007213307888617415
8890,2.3274943331307827e-05
8891,0.03163399924223858
8893,0.0002879098919921555
8895,0.009728353314179441
8898,0.001711355619594799
8900,0.0017700754847833938
8901,0.0032168347210958384
8902,0.008039902500173585
8904,0.04787447604071678
8906,3.169582798709898e-05
8908,0.08862890885449183
8910,0.004694464877909592
8911,0.006976612987961849
8912,0.003017222691467823
8913,0.0022270362466507696
8918,0.04081334506154575
8920,0.13174976109592218
8924,0.09272062559223017
8925,0.0034075869960204217
8926,0.029598373284771853
8930,0.003413647298254091
8931,0.00023565229349383797
8935,0.0908731985939238
8936,0.0193464739770084
8937,0.018910038361080822
8938,0.005792131658176261
8939,0.0033012422100789805
8941,0.0030363740656341666
8942,0.006627664206607337
8947,0.006875025147967561
8948,0.01063140521473135
8950,0.017020289258658994
8952,0.07959051713269984
8953,0.025448526107558912
8956,0.05124636251623188
8958,0.03909301963347288
8963,0.1298293181149718
8964,0.004780172802986069
8965,0.009303322374895779
8968,0.004703050593559808
8974,0.08741245519594414
8975,0.013694049465812236
8980,0.004241848165183546
8982,0.0022759403769711333
8985,0.013224021308759201
8987,0.02257379807253191
8988,0.0001239588335860406
8989,0.08893971861749617
8990,0.0788604653240457
8991,0.024483856098488885
8992,0.0026396532798791403
8994,0.03606798463099019
8996,0.0003683531616669392
9008,0.0039062353239614424
9009,0.008262415296779698
9011,0.007047976803244548
9014,0.04966509041736802
9015,0.005155496225292128
9020,0.018127210739231635
9022,0.021234383797313516
9023,0.005025960753324628
9026,0.14381327254798498
9028,0.02617996740218194
9029,0.004745629966891751
9030,0.0020635447667617097
9032,0.0010397961205982549
9033,6.253640690986328e-05
9034,0.01963863883917346
9036,0.023037967031323207
9037,0.017561000383659674
9038,0.014396918769868788
9044,0.005242041883857463
9046,0.05537605234784363
9047,0.003500781473784426
9048,0.025598940081979354
9049,0.04085098635763582
9050,0.09677618095485234
9053,0.003405226073464265
9057,0.012823291811949057
9059,0.009166179254364559
9062,0.004196829275332839
9063,0.00034921206448401264
9067,0.002287359895681988
9068,0.12229515318232133
9069,0.002273140338664703
9076,0.006786896880776334
9078,0.0034317930967020785
9081,0.0051593933558242286
9082,0.02360201789932379
9088,0.002640698435897944
9091,0.012070163728245417
9092,0.011143006610337155
9093,0.009318338279218102
9098,0.0037458650921683165
9099,0.0026353563397808377
9101,0.09528874585300176
9102,0.0033961814514336993
9104,0.07960667991098876
9105,0.10759681074808725
9107,0.13893100066101455
9109,0.016980880018096438
9110,0.018052224324887445
9112,0.004367085747161559
9115,0.04071264637907259
9122,0.0746399441805606
9123,0.002734200285848942
9125,0.026510618635942493
9127,0.003740190468722437
9129,0.005200947146361496
9130,0.0026061539559508787
9138,0.011296030848459392
9139,0.0035880092675732857
9140,0.05868126282904277
9141,0.024597756256198092
9142,0.004055770807900211
9149,0.0008371643666389094
9152,0.018487650583816375
9153,0.0028991137044303535
9156,0.003176785871906052
9163,0.0038198129670022635
9169,0.002026090424730718
9170,0.0005157228235575076
9171,0.009706990817799426
9176,0.01175590102489258
9177,0.0034051952608164624
9179,0.04104079583137166
9180,0.002995999532959665
9181,0.005100525753268492
9183,0.035602997966123005
9184,0.04895713702215737
9187,0.018879387509661245
9188,6.581796387162978e-05
9190,0.0015400886180756985
9191,0.02920012835646497
9193,0.04232751412507396
9195,0.0064820561935222025
9197,0.002272361160146995
9199,0.002654066059335518
9200,0.008537010183355377
9201,0.010897130364782947
9204,0.12590805644166198
9205,1.9445269072392466e-06
9207,0.030289784857354753
9208,0.04923180865646778
9210,0.018147338509537522
9211,0.0030571407660287633
9214,0.004295048775600619
9216,0.004657988697801853
9218,0.004008274942967057
9219,0.0028081658014229138
9221,0.00026763368295782124
9223,0.0119333788164076
9227,0.003955799331855164
9229,0.0013845973851144915
9230,0.09546774514547507
9231,0.026665274292483634
9233,0.0033733804032862547
9234,0.004430450293028237
9235,0.0038670848752038784
9236,0.004727269816920204
9239,0.0023005775913446476
9240,0.15802076837421453
9248,0.04950859281949595
9250,2.052828650257217e-07
9251,0.1267771219695064
9252,0.003036531437692984
9253,0.046383993766527826
9256,0.01798140565435407
9257,0.06545011837500668
9260,0.0033870115122007125
9261,0.0062314000492651525
9262,0.004088059646761982
9265,0.0060011062089921925
9266,0.003908241547523058
9267,0.004132899402752333
9272,0.001988280895006052
9273,0.01770176594667232
9277,0.004613372470241074
9278,0.12028239618541313
9282,0.00013127648089830032
9285,0.004986036039260186
9286,0.0355039198074121
9288,0.009774845241263519
9289,0.04174788157531171
9291,0.043577834515822034
9292,0.0016155894930863792
9293,0.007433850822011855
9297,0.006695812031952772
9300,0.20501295505714917
9301,0.00720694097816741
9302,0.002880457819415166
9303,0.004248498630967393
9306,0.002304612768598956
9307,0.017387146120870164
9311,0.02955768742252762
9312,0.026913781811995437
9313,0.00421790668357019
9314,0.027631760218511752
9315,0.02063214222494026
9316,0.007003068812764195
9318,0.15886908651418036
9320,0.046171992683179855
9321,0.004930621062584967
9323,0.11341805956971081
9325,0.00427240281158116
9331,0.002063461880750757
9334,0.013209166199403944
9335,0.09312888776630862
9337,0.003504573211490624
9341,0.0018105866822256459
9342,4.765842143750938e-05
9343,0.1187170736413277
9345,0.0021699278396942454
9347,0.004801549813253865
9348,0.10145757932483329
9353,0.13351125618329215
9356,0.0027461878616833273
9363,0.016124843964021106
9364,0.029317541925971174
9369,0.07163103156063243
9370,0.002986301786550017
9371,0.00020088122672324766
9372,0.057524824134836734
9374,0.0036583233022858645
9377,0.0055679888861542605
9378,0.018052224324887445
9380,0.1350447690991226
9382,0.026493372524075524
9383,0.0443499347469726
9385,0.04901499459812591
9390,0.008726905623487664
9393,0.0021852488576593315
9396,0.06370182173516384
9397,0.0037945020074583676
9399,0.002721500775917551
9400,0.0038681677160658117
9401,0.0027587187280666866
9404,0.006069225567768181
9405,0.002086868076895049
9408,0.02075824236132578
9410,0.06657848441888094
9411,0.0038776983034243605
9413,0.0017564107349984585
9415,0.09546421802018831
9416,0.005799747282543965
9417,0.0064693688338251995
9418,0.1288949228425087
9419,0.01642267536703921
9423,9.750026781194514e-05
9427,0.0526659448706845
9429,0.006829953961154379
9430,0.010216779473000946
9431,0.02784206806182778
9432,0.010554528552819081
9433,0.018052224324887445
9437,0.1289531543987414
9440,0.0030464393126041996
9442,0.007728407592971682
9443,0.005570054059291809
9445,0.008322528546042877
9446,0.08646895616983281
9448,0.026362247466202634
9450,0.09188323182438546
9451,0.0034624003974934804
9452,0.016901418820485497
9453,0.002986232319508815
9455,0.11462954349359054
9456,0.010376168403579201
9459,0.05148297275427457
9461,4.073803906419731e-07
9465,0.0018934636371743683
9467,0.0017750699213345935
9470,0.05232842946215146
9471,0.14632640528330992
9473,0.09056595855216365
9476,0.11645735629683385
9477,0.0047489642490291546
9478,0.011471959069147952
9479,0.005584407253870872
9483,0.018275691748624156
9485,0.027754883253862814
9487,0.006661263060206595
9488,0.018469828410286424
9490,0.03524495858329678
9491,0.007195098866182671
9492,0.08595681950094879
9495,0.018052224324887445
9498,0.06734528291980013
9499,0.008632665761796821
9504,0.018052224324887445
9505,0.016127267395539692
9506,0.0038144730557685557
9508,0.0030365495410917174
9515,0.0038351387774193083
9516,0.01983349705483635
9517,0.008282187865751009
9518,0.1458140836428195
9519,0.018052224324887445
9520,0.016495222220024728
9522,0.018815763961937494
9523,0.028492489067894988
9524,0.003036521526880638
9527,0.007708834915597902
9530,0.0036372807582666622
9534,0.011289594927906108
9536,0.09409161034023211
9541,0.003067288851316108
9544,0.0028852631507264555
9545,0.014704824954341724
9547,0.004499880077801061
9552,0.13347606697014944
9553,0.0032204965293594076
9555,0.003961282338185519
9556,0.011791657174077123
9560,0.28336529928103904
9563,0.0020948023647483676
9567,0.018234628137660455
9568,0.0033059932923535243
9570,0.0043755510119971
9572,0.09711828903616776
9573,0.005822728259064401
9574,0.00584647361512763
9576,0.02150905174022262
9579,0.09828357272843398
9585,0.007419214053739199
9588,0.004236907621137758
9589,0.013171026609984603
9590,0.005567761648587577
9593,0.0273845781662086
9595,0.014206569881635975
9596,0.004101146562493469
9597,0.005263352936682241
9599,0.026665274292483634
9600,9.576368336977648e-06
9601,0.04207840542129766
9602,0.00399959528284732
9603,0.006414702417397646
9604,0.01027606706558478
9605,0.003273846294344807
9608,0.02856098648570759
9611,0.014526899982035128
9612,0.011130308254333955
9614,0.0031833844974037025
9616,0.0015881779330944638
9617,0.015479654168559629
9618,0.013253702490790614
9621,0.0030852106168538633
9622,0.00562434952416515
9624,0.0482330036953786
9631,0.0012704246308841355
9632,0.004125363189613057
9633,0.10734145380488738
9634,0.13991671761236787
9635,0.034908629884361615
9636,0.0021348467479207784
9637,0.00011971308922052535
9638,0.00772392793378778
9640,0.01090897493626637
9643,0.01724761858958745
9644,0.0014731261378819087
9645,0.0030365724005506846
9646,0.002140240465590742
9647,0.046348787929829084
9648,0.004860489848495926
9649,0.014111750733397795
9652,0.023318468067843455
9654,1.032080103269738e-12
9657,0.01608144974185543
9658,0.013261660250527411
9659,0.03595066668733574
9660,0.01597273543124672
9662,0.00977132835381117
9663,0.018052224324887445
9667,0.00817051815523641
9668,0.021672528540130593
9670,0.003722942657224107
9671,0.017136887089117963
9673,0.003944898476992818
9674,0.0029404453675309886
9676,0.005592598428958054
9680,0.0034962762419810255
9682,0.0017523454352007918
9685,0.014694183959410557
9690,0.01678651581849595
9691,0.019673710898027243
9693,0.0037655161177042734
9694,9.285181355921874e-05
9696,0.005229185461464975
9698,0.02411490641096105
9699,0.03569619895589844
9701,0.007606331927402566
9705,0.013625967387805329
9707,0.018052224324887445
9709,0.005450746046904155
9714,0.036106132829123075
9715,0.02769446662479428
9716,0.033394816728416994
9718,0.1110926838615642
9721,0.006177312929031771
9722,0.049494249493641417
9726,0.003350081601124818
9728,0.12484999904488071
9731,0.003808729621920844
9732,0.03542045977856027
9734,0.024323941029065203
9736,0.006396590952457456
9737,0.026392849822332688
9738,0.028578823750262515
9740,0.007579529160312148
9742,0.008265459456041627
9746,0.03343905378904048
9747,0.07855570494917267
9750,0.03152594257618359
9752,0.004523219000916481
9758,0.009945805285838051
9759,0.03260149063600817
9760,0.005057279934568825
9762,0.14235709633921798
9765,0.02633191252120083
9769,0.006856814277357995
9770,0.08474421886557436
9771,1.2228303356828566e-09
9772,0.02125328927806831
9773,0.008618793143201593
9777,0.026721676608359324
9782,0.003168068853066227
9784,0.0037219329233610194
9786,0.021948056816347348
9788,0.0086185062937019
9789,0.003947403890834815
9790,0.00014878696179643382
9791,0.003486973602891458
9794,0.0069396282823656
9800,0.04888689344100371
9801,0.21708003143567486
9802,0.0030364921936756007
9804,2.7768603308381624e-11
9806,0.002390670913903703
9809,0.01799377975520613
9810,0.004226526698276871
9814,0.007234532673049298
9815,0.09365560894566623
9819,0.020977036579558482
9821,0.004435580923001526
9823,0.0001426207926990302
9824,1.931449843989485e-06
9825,0.0026503301145891604
9826,0.00014618757726625733
9827,0.0032114022986477475
9830,0.005759545657011819
9831,0.07497435424453619
9838,0.00871828272815322
9839,0.013694049465812236
9840,0.02894928251337724
9843,0.00015023859537748957
9844,0.0025491842368855
9848,0.035996771351229105
9849,0.0044587138881329105
9850,0.006405794829905626
9851,0.1346132644224808
9853,0.007266563580880162
9854,0.004610844140135701
9855,0.018052224324887445
9856,0.008771980198428786
9857,0.0045169222062423
9858,0.02020428323613971
9859,0.0024381163680792296
9863,0.017182351111799582
9864,0.04739910617326679
9866,0.12294443164975233
9867,0.004693004495199082
9871,3.882805808241241e-06
9873,0.00038211409258346804
9874,0.026256388153693404
9875,0.017704804510888045
9876,8.71082515547438e-06
9881,0.01528577522209401
9882,0.002315209026249926
9884,0.03471175676239618
9886,0.025054545987439003
9890,0.06424921624792584
9892,0.003799292502311718
9896,0.05275286113324958
9897,0.005364252733975664
9899,0.053192100893678186
9900,1.5395311553195593e-05
9902,0.006428312082182834
9903,0.001842194506757439
9904,0.01628425235811792
9906,0.004102929392275251
9907,0.019443272170090415
9910,0.014230927744633616
9912,0.002982448281295889
9915,0.016947582368692274
9917,0.00847993745487152
9918,0.019733825451158937
9919,0.0046515096090800866
9922,0.013097521720285851
9927,0.009081937636098351
9929,0.0023006106751751803
9932,0.06616939649085055
9936,0.005190117189760297
9939,0.0769685483373427
9941,0.018693277402595257
9943,0.0658047734246881
9947,0.12417980392263123
9949,0.03319194935271517
9954,0.03831270119167433
9955,0.0023178584244509495
9957,0.0059704963303072655
9959,0.00441136484733942
9961,0.018291706647929347
9965,0.005169374636509429
9967,0.0033685903215356283
9968,0.044557777945808126
9971,0.004529003753943019
9974,0.0002288140533305213
9975,0.0212986127216768
9976,0.04405492414169939
9980,0.0033867373861741043
9982,0.004884460794916713
9983,0.007754327449743524
9984,0.00559239286070351
9987,0.003017852285689829
9989,0.03648274437884342
9992,0.0274314671798598
9993,0.040417261817965344
9995,0.024482489988182067
9996,0.07284662806808938
9999,0.015786310410979606
10001,0.0080485790357758
10004,2.5390206310361693e-06
10007,0.009076999790508251
10010,0.0001955036703544763
10014,0.02568758697448905
10018,0.009529598633109346
10019,0.13340948841434144
10020,0.00571992402833561
10022,0.011834416422444184
10025,0.02058531648339221
10026,0.0032346616249112653
10029,0.012594208914851173
10030,0.14334714605078805
10034,0.0031927386375950727
10037,0.036252813985006065
10038,0.015529869346499355
10040,0.14893965663080652
10041,0.03504225336338226
10042,0.006826329075806264
10043,0.00800903954223237
10046,0.004301247383165812
10047,0.010307075220485292
10050,0.00350316441621263
10053,0.0006043230671798725
10056,0.005764835305344992
10057,0.0038829316539767175
10058,0.0029684569308069367
10059,0.01896362399219815
10061,0.019341211462044733
10064,0.10390066095989708
10068,0.018982143734892966
10072,0.03955276305388605
10073,1.2797678894240201e-06
10074,0.005392962223407719
10075,0.021282834947577465
10076,0.003181079565488236
10078,0.04547348488909716
10080,0.00428256708560019
10081,0.003190329161838365
10082,0.01269611237348914
10085,0.005464197681727666
10086,0.0010970190263093
10087,0.0028950502061145804
10088,0.006460952719240596
10089,0.024361921662449132
10091,0.011781155118122244
10095,0.030289784857354753
10096,0.0012412464611608375
10098,0.029671249049786828
10102,0.039275434059832845
10103,0.01286555332572711
10105,0.0028786981030438996
10106,0.0011425644069021227
10111,0.003884343025537333
10112,0.14464632002563627
10113,0.007951384760200164
10116,0.027388225753103193
10118,0.01056770123383791
10119,0.025857313210231173
10121,0.008683874549855876
10124,0.03788301974553214
10126,0.0033949085424524964
10127,0.015563160119260096
10129,0.00691629052077573
10131,0.02542081009073832
10132,0.018052224324887445
10133,0.0034598046848512156
10134,0.004989190717014582
10136,0.01287285184205801
10137,0.004356433935890752
10138,0.0031501348891579263
10139,3.663834803032337e-13
10141,0.004960716970374456
10143,0.0029863791586879395
10145,0.00021894239775438522
10147,0.004878959203272759
10151,0.011896328208958489
10152,0.029384454671866546
10153,0.011773766639179941
10155,0.004953500986438761
10158,0.025543686619120154
10160,0.009542067030527927
10161,0.018052224324887445
10162,0.01955051321589549
10163,0.10030527888542126
10165,0.15522489260209968
10166,0.04087593889546617
10168,0.006669502237941835
10169,0.00048409041212877133
10172,0.06866519597113398
10173,0.006476230342037203
10174,0.001872277588470039
10175,0.042950476149555265
10176,0.0031680211829864173
10177,0.0044053618706314385
10178,0.10361706250234066
10183,0.003934036114869481
10185,0.08338770443610166
10186,0.0033721375621615078
10187,0.002800153528454688
10190,0.003151003337364542
10192,0.013952547077574375
10193,0.028335066472006183
10194,0.036932214852890874
10195,0.018455633295817085
10196,0.002396171188948441
10200,0.01972643903009819
10201,0.07521395380759584
10205,0.003650384676735172
10206,0.01258590840136585
10209,0.02247011618229996
10210,0.10562838764009859
10214,0.008755076282360299
10216,0.0009626346768690235
10217,0.002817027459258123
10218,0.10493325036630871
10220,0.004101133250743362
10221,0.0009368450334501847
10222,0.004646636224197193
10225,0.03566330749940092
10227,0.10667562240111113
10229,0.024443095278177576
10234,0.028704126945549975
10235,0.0032057278046615195
10236,0.008664365024497361
10237,0.024810044255105527
10239,7.226260860069838e-18
10240,0.009504285230041012
10243,0.0047755352497126915
10245,0.030101365200936564
10247,0.014340498533189285
10248,0.015580839552960952
10249,0.0037785665501630485
10250,0.046932127582909856
10253,0.003936563722667801
10256,0.002536403087042804
10259,0.025196453339929474
10261,0.04870572772277922
10265,0.0030363986420127863
10266,0.005752050841799532
10267,0.019701357016679247
10269,0.010720548030095438
10270,0.1439326505250518
10271,0.06648490318581415
10272,0.034806101247693365
10274,0.009038608362758811
10275,0.04271970937188293
10279,0.004538314855273904
10281,0.014647438137274139
10282,0.001657719530675001
10283,0.0610173548133068
10284,0.014282364077329957
10289,0.1256260443064531
10295,0.031011794625273655
10297,0.037677661356625626
10301,0.005914451588471543
10302,0.0011891238466363464
10303,0.0031052000111362536
10307,0.010027782651259537
10309,0.0010122718665721833
10311,0.004016773861110685
10312,0.020808735994534918
10313,0.00740649264045883
10314,0.003658073037046058
10316,0.028030925482966
10317,0.0017832482783005674
10318,0.0026814002576509895
10320,0.006411455091293815
10324,0.006150770269333641
10325,0.010224577829094481
10327,0.008625438704318414
10328,0.0009816285922212217
10330,0.044031992743077154
10333,0.027322654331147663
10338,0.0029652975658083264
10339,0.0040397933059492745
10344,0.021793397637601415
10345,0.022581867334147528
10346,0.004492219540765827
10347,0.0161862953794877
10348,0.0048941399669137475
10350,0.0627011852403264
10352,0.003937722857602926
10353,0.0034454708074799015
10354,0.013288039707424017
10355,0.003323520540208705
10356,0.008602707960125909
10357,0.003431752572139788
10358,0.02498269566757114
10359,0.006489182840973519
10362,0.015622016287251761
10364,0.006945949962611202
10365,0.0019857511473445316
10368,0.010352753621346819
10369,0.008229895933211474
10370,0.04753552424140994
10371,0.006318052496616335
10373,0.003405366419255984
10376,0.00732295078429529
10377,0.08312221307563092
10380,0.0366716364635358
10382,0.0004579180253608899
10383,0.025469302723571608
10386,0.025549518056648863
10387,0.004438699225108095
10388,0.026880744092659222
10391,0.005492683559069184
10392,0.006774038739706076
10393,0.003947276729561885
10396,0.0123090386209823
10400,0.0023915476582763726
10402,0.007684255268301434
10406,0.004400268016385973
10407,0.005078421806513293
10409,0.014369700618048433
10410,0.007407440333907459
10412,0.009999744007412529
10413,0.0064028376992430695
10415,0.0011463737698389656
10419,0.014937786914728647
10420,0.14532842669188245
10422,0.0075791749743232325
10423,2.923317838901748e-07
10424,0.013553185994989815
10425,0.02195927277580279
10426,0.018052224324887445
10427,0.006166776999478925
10428,0.0021552409774483225
10429,0.012169971661956068
10431,0.003799728082029273
10432,0.018381071155701947
10435,0.09464870868574374
10436,0.005878421674252961
10441,0.013904076322994235
10446,0.00026239564076104634
10447,0.1309561075249084
10448,0.0035096402068460686
10449,0.0026787480090524024
10450,0.005381087193181055
10452,0.02913911370739985
10456,0.003436574530239302
10457,0.01659121671456124
10458,6.125602022791693e-05
10461,0.003671189447476672
10462,0.12023168443617431
10464,0.03730336531230313
10466,0.03331772882204738
10467,0.0062499100873520536
10469,0.012973715704989558
10470,0.014571053779535366
10473,0.01988139201091862
10474,0.15574757647858908
10478,0.03644531577357534
10480,0.07246517681611142
10486,0.01912767846165947
10488,0.04435155341604186
10489,0.002986406192943805
10492,0.021468242273785382
10493,0.012423867696214615
10496,0.010788996185182666
10497,0.1250531905238511
10498,0.03132865301831777
10499,0.017067353168860766
10502,0.019925457209261838
10504,0.004709529647529964
10507,0.07157948612850971
10508,0.003487025341642841
10510,0.025253498769527167
10511,0.014033437691195435
10512,0.0020850479835038747
10513,0.013592249210521693
10514,0.009980494513414742
10522,0.032867769820660336
10526,0.004248615545715141
10527,0.030561978597964782
10528,0.015020528216259925
10531,0.00501899012397237
10533,0.1328838678689033
10534,8.572544790777655e-05
10537,0.0003329305944041856
10538,0.037687957809158394
10539,0.004426863035584069
10540,0.005984557748049934
10542,0.004082885029486117
10545,0.004737729704825364
10548,0.024482489988182067
10549,0.002739529271262324
10550,0.0037520305701236436
10551,0.0010050372387749354
10556,0.0038804088220220413
10558,0.005770991597441486
10559,0.00906888745604595
10561,0.046722273137645924
10562,0.004204102600634576
10567,0.05066719286975464
10568,0.011700478686367572
10570,0.0831132507028967
10571,0.005523082388129614
10572,0.11002012214921117
10573,0.005060189772901957
10575,0.002984868515739534
10576,0.0001245730902737896
10577,0.1019136031462462
10578,0.023650135832468798
10581,0.013066712456975198
10585,0.022527288031059637
10589,0.0036861802482142853
10590,0.0039761866805595545
10592,0.003383793296898451
10593,0.005050891491459826
10596,0.004471505866656434
10599,0.014755367207419828
10601,0.09548473090702346
10604,0.02286643611725635
10605,0.0007835334660125613
10608,0.017435855557466337
10609,0.02564981026569341
10610,0.022050440510243248
10611,0.023399335119129314
10614,0.004505977136201171
10615,0.008259600112939391
10617,0.020607128085141698
10618,0.0028692218384460512
10619,0.00465191250669234
10625,0.008620597013548156
10628,0.004711023010274845
10629,0.003806978176125507
10631,0.003888553393326563
10633,0.0009876667476017796
10640,0.11023853077058611
10645,0.02304156779106216
10646,0.056844584127204854
10647,0.002672134607762661
10648,0.050251888926462165
10649,0.011179842137727788
10651,0.019772887013456267
10652,0.0030383188513998646
10654,0.0030363986420127863
10655,0.0041289578438326304
10656,0.054280645973195533
10657,0.005828471987860704
10658,0.05007910790984686
10659,0.026479095353951054
10661,0.004160833351145866
10662,0.0306077491455531
10666,0.004888981559065384
10670,0.02962935758880453
10672,0.004760185626085572
10674,0.03585397079242588
10675,0.003296434331919044
10678,0.002948917551429254
10680,0.00930152647622702
10681,0.010615392782040182
10682,0.036098513742599904
10685,0.02061939442438804
10686,0.0020641317749928467
10692,9.773016660656749e-05
10694,0.018052224324887445
10696,0.12713172007735093
10697,0.02398666874919713
10698,0.006139520901678307
10699,0.004417223958652875
10700,0.007296078628451148
10702,0.03617606806260086
10705,0.0022659464484061347
10706,0.06480279664046286
10708,0.03849540537788024
10709,0.003496090624061185
10711,0.0030365413485375923
10713,0.014595170650384877
10714,0.11434401198916808
10716,0.013083826772894581
10717,0.005923878999499339
10720,0.01796683043178282
10722,0.00757952132466199
10723,0.0011823057329476824
10724,0.12388071852332175
10725,1.1986020609123285e-06
10726,0.00870742288258006
10728,0.042967873741947
10729,0.000696856253639496
10732,0.17292998369081414
10734,0.03229764025807249
10739,0.008987629617595187
10741,0.0066878543828129975
10743,0.020573105843974246
10745,0.037720643678542186
10747,0.1495256877214393
10748,0.05779098997565319
10751,0.07172243045768421
10752,0.0051817187309400065
10753,0.0031511983934540333
10754,0.014589397578454162
10755,0.07006228308314227
10756,0.008601173500138804
10757,0.001957303077494327
10758,0.018052224324887445
10759,0.0042630445575289715
10760,0.023162477379316
10762,0.0026254842819307222
10763,0.0444933550797611
10764,0.0034190109060084056
10766,0.04342585315442864
10767,0.1047412378164067
10769,0.020823198710760046
10771,0.003947456875902774
10774,0.002790962682039129
10775,0.0005074652697693946
10777,0.03389382787630345
10779,0.01637613915586168
10782,3.059764887807899e-05
10785,0.00011137374900848155
10786,1.904549712585893e-06
10787,0.033734958780113136
10788,0.0029739429403771896
10789,0.005746003461667059
10790,0.0005122123599575934
10791,0.014476139352329198
10792,0.007896024553776998
10793,0.000229142138051059
10794,0.0013169627517769463
10795,0.005846528788335782
10797,0.011056776817074962
10798,0.028711666628371216
10802,0.016964801605734593
10805,0.013040444751031837
10807,0.020607128085141698
10808,0.051251095411767075
10809,0.004931679832874659
10813,0.02533933512210411
10814,1.664937857641232e-05
10817,0.00509414733591295
10818,0.0036115568225416686
10823,0.003814863033413981
10825,0.017738611167324145
10826,0.02635146052080901
10828,0.01051372214027923
10829,5.838380085195001e-06
10830,0.0035772605392023005
10831,0.005821295700160096
10834,0.0038003531750728436
10835,0.0044159212718946515
10837,0.007299464673642065
10840,0.0037911432418848436
10845,0.002381745273362488
10846,0.011214939748094397
10848,0.2781265273492168
10849,0.00503917579530608
10851,0.024570923444995934
10854,0.0025917394799678728
10855,0.14990290240536897
10856,0.023462498627104547
10858,0.01899665840134017
10862,0.004919514163810783
10864,0.0035103008486243683
10867,0.013186524181544338
10868,0.05271853520014253
10870,0.004666796145510741
10872,0.013439465996144283
10874,0.04455291979569209
10875,0.041742666662449975
10876,0.06726677191796754
10879,0.007195113025881614
10880,0.008312270179623563
10882,0.03254231557432784
10883,0.014149718879859318
10890,0.02790314855674215
10893,0.0031828678661316623
10894,0.006912633806966474
10895,8.449519780156057e-05
10897,0.003947342531238166
10899,0.02315409055185633
10902,0.010414150992732761
10906,0.004524356957507079
10908,0.0253076309841613
10912,0.021969060552195774
10916,0.020581581932806983
10919,0.004164337111765948
10921,0.00532444941236924
10923,0.01413046011458353
10924,0.00044194404808830314
10928,0.022820665864114187
10929,0.10348598529424016
10930,0.011130942724197243
10931,0.013817486261796285
10932,0.10728311924116406
10933,0.023754337723951278
10935,0.0030366577807412172
10939,0.007181973322234759
10940,0.024482489988182067
10941,0.03300942816412823
10942,0.016787335012547807
10943,0.004426895609974935
10945,0.004431123955465366
10948,0.030990113834985452
10950,0.05095002720136198
10952,0.002158432163233139
10954,0.00426844498434547
10955,0.0004602574828014506
10959,0.002725413637057196
10960,0.008471519931826007
10968,0.003516855993005304
10969,0.01844094827611817
10971,0.003714586195805082
10972,0.02360471772917015
10973,0.017974309741780763
10974,0.033182943162814886
10979,0.10102735642701287
10985,0.004466512326536895
10986,0.0035016893328793913
10988,0.00651441898780297
10991,0.00665362242544564
10994,0.005327199221365534
10996,0.048145761510935706
10998,0.0063898735844299115
11000,0.04252677411922723
11007,0.13101941664821573
11008,0.02064120530324274
11011,0.09083273479380256
11012,0.05229592458064009
11014,0.0017202687151086544
11018,0.0074172420974310755
11019,0.11908317827437404
11020,0.0032684827705784193
11023,0.0024159265933235592
11024,0.09528874585300176
11025,0.003980719039260447
11026,0.021317036942456288
11027,0.040027745649374766
11028,0.0114001348728617
11032,0.011456443977807547
11034,0.0022354564594033763
11035,0.10130662724342478
11036,0.003278117976006489
11038,0.021322869755264276
11039,0.00708519242797537
11040,0.003979854738814544
11042,0.00771758292122969
11043,0.007201447719784212
11049,0.005393729360371044
11053,0.0038339675993699805
11055,0.0058548047295019405
11058,0.04751399458111472
11059,0.0044639041928544974
11062,0.0041563038063955095
11063,0.03097852366886501
11064,0.004187333604822607
11065,0.007126139926971086
11066,0.002229554169102155
11069,0.016450487108749016
11071,0.007898239858201789
11074,0.029153352316767096
11078,0.005663239414488244
11085,0.017677270225736643
11086,0.010687614926588986
11088,0.002568470819075867
11090,0.014331952276003816
11094,0.06181206921879489
11095,0.016033938028565113
11097,0.04303129284693935
11099,0.037893164581319805
11107,0.10450632384681038
11109,0.008667915322893842
11110,0.1293440202686545
11111,0.005699574355909556
11112,0.020511707689138934
11113,0.004657944714933926
11115,0.057465904216578635
11119,0.004586448308477625
11121,0.1405560203991215
11125,0.024860482508110033
11126,0.008786566272184932
11130,0.0043779032699525315
11131,0.0035534736770423563
11132,0.006456157261904744
11133,0.0051295807836571755
11135,0.0044999766659037325
11137,0.005773290522277702
11140,0.01691670386055107
11141,0.0033371576229847557
11142,0.0049531001422392995
11143,0.00439190820330092
11144,0.0473535041703668
11145,0.024041039822052166
11148,0.004148763495417487
11149,0.015892597817971633
11151,0.019603384952280267
11152,0.0021083977628948715
11156,0.0023326511653303152
11159,0.0073292594957329645
11160,0.010389234956563093
11161,0.052947747378518595
11162,0.01010029581800559
11164,0.02855642528351066
11165,0.09910836258626003
11167,0.0008045983084042115
11168,0.007077105493581031
11169,0.025335744288026527
11171,0.0012069248238047521
11172,0.02165965733136308
11175,0.009481347199104668
11176,0.1270486056675553
11177,0.0022103615700649064
11178,0.0018957814340720928
11179,0.003947437903393892
11180,0.002088945273393727
11182,0.023617868112288328
11183,0.003714144740361142
11189,0.00012587695775069356
11190,0.004604288738437407
11193,0.015576818217058877
11194,0.009903669981121271
11198,0.0030706155560847564
11200,0.02019752824134326
11202,0.035316627734920426
11203,0.0009849750137156986
11204,0.00237058959473504
11205,0.10694509861422742
11206,0.1250357344316134
11207,0.005674164720492907
11208,0.08793613103832301
11209,0.003973418685554013
11210,0.005896521251364352
11212,0.004140970613073586
11213,0.006972780052541654
11217,0.018052224324887445
11218,0.0090634133473068
11220,0.014809336579314209
11221,0.017111148445979538
11223,0.002952230756865689
11224,0.002487698938060429
11225,0.0011385265787915125
11226,0.00635637316602432
11227,5.682627588280029e-07
11228,0.1195862252956791
11229,0.00671268100391874
11230,0.04821383362402636
11232,0.0012182512408062298
11235,0.004294038505526071
11238,0.006120952382703098
11239,0.02068541054323511
11240,0.004654620583498298
11241,0.0034052782289279958
11245,1.0641877452068254e-05
11247,0.01719932984885161
11248,0.002819642626551085
11251,0.0003656301623645945
11252,0.0028799717322649638
11253,7.857265010317094e-06
11255,0.019372059889226773
11256,0.003134643365070363
11259,0.04655848737102647
11261,0.0023761056077314063
11265,0.003746506533623549
11267,0.03865860921149963
11269,0.012382925267167822
11270,0.00020543634841054862
11275,0.003948249359265903
11277,0.019689548729127277
11278,0.0024280689001208375
11279,0.0879342667741002
11281,0.18615416511883276
11283,0.002089948287542953
11284,0.06927587256593012
11285,0.07140061491834213
11287,0.1317265904339742
11288,0.00027035813111793926
11290,0.0002959911875808857
11291,0.006808842797167751
11292,0.01893139100862293
11294,0.0001658447035078336
11296,0.04067639946807608
11300,0.004158081447529515
11301,0.013312822478852637
11302,0.005003137861061475
11304,0.022575243553152186
11307,0.006932623555599541
11308,0.009848934207784639
11311,0.011199028326840945
11312,0.10627233379294597
11313,0.10889883082266968
11314,0.021100314947960542
11315,0.0018413721402088083
11323,0.01880174711439626
11325,0.027176029588566845
11327,0.007236474334967225
11328,0.06684135526705481
11330,0.018052224324887445
11333,0.06409799478585211
11334,0.005068828836700586
11338,0.007570541226666566
11339,0.05177108478126662
11342,0.004422105793015401
11345,0.010393319891306483
11346,0.00312575286535334
11347,0.027798506068558604
11348,0.004191272974374598
11349,0.004054387933913889
11350,0.01460457842657493
11354,0.008877666859969869
11355,0.03628756887121459
11357,0.018052224324887445
11359,0.049829466423645156
11361,0.002926207543584972
11362,0.008795457461933977
11363,0.005138992624471301
11366,0.003405249309923773
11367,0.030901457721211792
11372,0.0030365495410917174
11373,0.007781895868857129
11374,0.020737643070547585
11377,0.00035263692383290414
11380,0.04134452716974524
11381,0.018625906288975667
11382,0.0020149089865929776
11386,0.05175420633073525
11387,0.021032772320055657
11388,0.004976632484387417
11389,0.07040189035382817
11390,0.05104090126209763
11391,0.0031281297585116713
11393,0.0011389123486879663
11394,0.0010564367186365763
11401,0.004740470233586357
11403,0.01900372811860478
11404,0.043479276507989155
11405,0.0388819854602624
11407,0.00023227818679635962
11408,0.015695540004198736
11411,0.013438533132250817
11412,0.01764840787825929
11414,0.003120274320485842
11416,0.003644391428331076
11420,0.009625783343547158
11421,0.0015890186722846528
11422,0.0049236720991867
11423,0.0032492300091139406
11425,0.013980698379830687
11429,0.0489354270648911
11431,0.05406151531503067
11432,0.003546829052802926
11433,0.029339156479424415
11434,0.04681357433572504
11435,0.002534447526965247
11436,0.02179867623440311
11438,0.0036704197447489824
11439,0.0014809508421545472
11446,0.011272651230342224
11447,0.052438896466941144
11450,0.028338645466236285
11451,6.5172062414725184e-12
11453,0.010587459080130266
11454,0.036857728766269665
11455,0.0032579107147000883
11456,0.008685270421460056
11458,0.005665153643684079
11459,0.03156841874716018
11462,0.002397821482116915
11464,0.006140580558800758
11468,4.905649359755601e-05
11469,0.006150543969572544
11471,0.10314947209805415
11475,0.008725162004307467
11477,0.046785366279914066
11480,0.052651793421308074
11481,0.0287041177198508
11483,0.004815275055393117
11486,0.007217631560860648
11489,0.023841180330745743
11490,0.004396527807953867
11492,0.04485653783420383
11495,0.1057895509204984
11499,0.018052224324887445
11500,0.004736389643225381
11503,0.02574079719949143
11504,0.018052224324887445
11505,0.0069642373999217345
11506,0.024595173095446454
11507,0.0017462271375774936
11510,0.0024503063547364305
11514,0.024482489988182067
11516,0.037099926448131655
11518,0.03764879720287375
11519,0.04797854838521762
11520,0.002743356037060754
11522,0.00478601422250065
11523,0.003462314402464476
11526,0.0019365851342404302
11528,0.01051954397312448
11529,0.0012869521277754357
11530,0.009930105465867384
11534,0.017393441590712475
11535,0.004987946429755953
11537,0.03324797865688006
11539,0.003926763629505544
11542,0.09812386227538163
11545,0.008035014350764405
11546,0.003462323739760075
11549,0.029847069732523393
11550,0.005129701660817364
11554,0.0061908413822883545
11555,0.0043938340189378375
11558,0.07702476759064832
11559,0.00010875076422822484
11560,0.005308854650586161
11562,0.10886998941905242
11563,0.02061995285809487
11564,0.01911254419326013
11565,0.0262321548716767
11569,0.00418452882357544
11572,0.04365503552219989
11573,0.03053955182991948
11575,0.00551047274187308
11578,2.7110775455399767e-06
11581,0.03348452081739106
11583,0.00560374218072395
11584,0.020484024548028508
11586,0.003524431507746141
11587,0.0699468610948808
11594,0.0002661943634817599
11600,0.0228808176743379
11602,0.00036628126967141843
11603,0.0039024628833552364
11604,0.00383156427265373
11609,0.007698718449293196
11610,0.007159017815303619
11612,0.04171024611217895
11615,0.0017876368461962925
11616,0.0016992449166301621
11618,0.005428401877313902
11619,0.006460187032063725
11621,0.0032336430180439396
11622,0.006174667595203094
11626,0.009554438668596826
11627,0.005919536338749584
11629,0.04546137260232746
11631,0.004496598091859812
11632,0.030290521588100562
11633,0.024760598686028083
11637,0.005633305441006833
11639,0.005957463446049509
11642,0.016741744043243745
11643,0.047718305105762825
11644,0.004953533199681318
11650,0.004183782408102171
11652,0.003592096315917999
11653,0.00021978628906016667
11654,0.05190841458478059
11655,0.009436763832831561
11656,0.003865149898055403
11657,0.015021129412205061
11658,0.07718398406854922
11661,0.0032420560936795963
11664,0.011363140466205563
11665,0.1665755703439742
11667,0.08020154379299294
11669,6.52627247582655e-07
11674,0.014013537232457279
11675,0.06531366904853803
11678,0.003530773648368918
11680,0.0023145180293911052
11684,0.003526560940400205
11685,0.0036485603713998496
11686,0.0002711560112251093
11687,0.002824293899279202
11688,0.006498034982647324
11695,0.10753431700875825
11696,0.003036383975966692
11699,0.014220463545317074
11700,0.0013938195157367367
11701,0.02801175546125513
11703,0.004719069477010107
11704,0.08518189571718066
11707,0.014515869706613572
11710,0.0008398773729690019
11711,0.025220704876659054
11712,0.00023753361468393827
11713,0.10366138429695662
11714,0.006567814069526317
11715,0.00322650122718683
11717,0.007230191672696663
11718,0.030289784857354753
11719,0.007413453219808693
11720,0.003545775521275381
11721,8.550282162410157e-05
11726,0.0010167983124285682
11727,0.00340181779960803
11728,0.0032364140015903914
11729,0.002519103839045664
11730,0.004725868540486905
11732,0.005730832175230623
11735,0.0063533210782060565
11736,0.004546304881777508
11737,0.0029584044281214758
11738,0.0011402858277780095
11739,0.004834133132326099
11741,0.012425246033024074
11742,0.1141163335461816
11749,0.0019638131838097834
11750,0.019442106833634135
11752,0.0035008947531580494
11753,0.00432119902722614
11754,0.03440527244408891
11756,0.0029863791586879395
11757,0.038285893874867125
11758,0.003789873318513772
11759,0.04604184549860884
11761,0.06645897921741051
11763,0.018052224324887445
11764,0.12999714734418555
11765,0.1309561075249084
11766,0.04549063842068981
11767,0.010121589883673784
11769,0.14027062352638775
11770,0.003992288507187334
11771,0.009301924670139341
11772,0.0017631053208260314
11774,0.04779520021418752
11777,0.004458566538905764
11781,0.027171506641752264
11784,0.0035206569016793163
11785,0.03305969583692623
11786,0.004536039221721982
11789,0.008279647544333297
11790,0.0019028116103971442
11791,0.01964311180489803
11792,0.03952309894767428
11793,0.010679302000331308
11794,0.12635846954830787
11795,0.0007924138493047684
11798,0.009750280953737108
11800,0.0030510252478205616
11805,0.03092827135768759
11812,0.0023784165198384084
11813,0.005348690026011328
11816,2.6458638462568174e-05
11818,0.0037261552505591113
11820,0.01309622746716055
11821,0.004944809933186297
11822,0.001083483156584479
11828,0.002371448526484467
11830,0.003036506860242808
11831,0.021672816173195764
11832,0.008779611500065296
11838,0.003462239705003003
11839,0.0026747387244873584
11841,0.0034539147962031375
11843,2.3903246620279382e-05
11844,0.012684021365766686
11846,0.020703412831765654
11847,0.007844106009149388
11848,0.00045304771223426884
11852,0.005244649516325503
11853,0.0033823691880365656
11860,0.003329442093530692
11863,0.007615963651688119
11866,0.004705753729816621
11867,0.047910839895756695
11868,0.0029938960494756647
11869,0.06691905572920218
11870,0.0033795887283486303
11871,0.017545569643044826
11873,0.007871257254651338
11875,0.02103645987805796
11880,0.08398351556421749
11882,2.624006245655252e-05
11884,0.02512021329180282
11889,0.005972403890362297
11890,0.09975977293016335
11891,0.01671264985484518
11898,0.013583247939982869
11899,0.00612257953723234
11900,0.003947403890834815
11903,0.017157515333302824
11907,0.0034355145793568864
11910,0.011330242414362469
11913,0.22661098003283978
11915,0.0567989824171788
11917,0.005676246843274652
11920,0.02517265539910026
11922,0.021713825018059442
11923,0.018315565693642635
11925,0.008438532237124128
11926,0.013625450841144861
11927,0.043594669744814026
11929,1.4172145925537856e-06
11930,0.016158440603283662
11931,0.004798010245915082
11933,0.07640030880751526
11934,0.12500432567176312
11937,0.007070618325278969
11938,0.08542966850546256
11940,0.0023312012045009
11942,0.0025328756723297556
11943,0.0029805235183812165
11945,0.018052224324887445
11946,0.0074304050289899625
11947,0.007162860713813859
11950,0.00241474500127607
11952,0.09674860094978478
11953,0.0776093855042938
11955,0.038460548275049355
11956,0.023307624235217705
11958,0.013561455038448638
11960,0.004315378658493795
11961,0.009795235302667307
11962,0.06727880858591677
11964,0.005328868072934795
11965,0.003216219398969926
11968,0.01848190373774537
11970,0.024055698540443145
11971,0.12099851254086899
11972,0.007969796036852144
11974,0.03024236818845357
11977,0.0088643721540448
11980,0.018052224324887445
11981,0.034436772742336884
11983,0.005593493816729116
11984,0.002733981292045677
11987,0.0017531652401320138
11988,0.019122596430468673
11989,0.010467752287544783
11994,0.00040271310760799404
11995,0.07744639163241064
11998,0.04200288304523935
12001,0.001022098240980596
12002,0.02518144171273882
12003,0.06171661281188492
12005,0.045349733265741
12006,0.006388794448980478
12007,0.00821750665431523
12008,0.007757828438810368
12009,0.024133398706182724
12012,0.007060010819072544
12016,0.009024593308483046
12018,8.42056016781486e-06
12019,0.0355492113428023
12021,0.010353365155969834
12022,0.030013039413815175
12023,0.003194578279042603
12026,0.00987669976476898
12027,0.000742456097950474
12028,0.03374809596681358
12029,0.06587067280804235
12031,0.004528967916290344
12033,0.024302416288277614
12034,0.079730533634069
12035,0.14096471261123641
12037,0.008121876554910912
12038,0.01718883942971998
12039,0.019490289832782566
12042,0.04738507714206806
12043,0.009603932471158325
12045,0.005281356135973275
12046,0.002934143772191416
12048,0.005219037259013232
12049,0.004505403612090988
12051,0.022381243207919933
12052,0.0033500295697620813
12053,0.0041011588770261944
12054,0.13228432296636108
12058,0.017287821754259372
12060,0.0027725414436424786
12062,0.21233502167231427
12063,0.01413520879702045
12064,0.13875684676439853
12066,0.05060732337525788
12069,0.023369754963749757
12070,0.24995773375162678
12072,0.002995070463152876
12076,0.003943261980989933
12077,0.08162542986139776
12078,0.0032370935424294437
12079,0.03743738904205981
12080,0.009136462530031404
12081,0.0037974216974757955
12083,0.033434805358927164
12088,0.03440527244408891
12089,0.02164137788037069
12090,0.1160887090061014
12092,0.0029862560289283502
12093,0.1633019168755354
12095,0.025171328513873128
12097,0.006408772758695822
12100,0.003268116153906171
12101,0.008665362003912115
12104,0.0034610708963412526
12105,0.0027636180472845775
12109,8.06146446740096e-05
12110,0.0044881191953132435
12111,0.04435155341604186
12113,0.013217164802059717
12115,0.138752716079918
12117,0.003979466971442625
12118,0.008408267324425246
12121,0.0034624284101489006
12122,0.0030038104349253843
12124,9.179846225490724e-05
12127,0.005129478764951613
12129,0.06697287459777711
12131,0.06361731537676027
12133,0.004722500748516821
12135,0.005129671276609264
12137,0.059734828368187685
12139,0.0036997302374522484
12140,0.10353312398689807
12142,0.04316937086134187
12143,0.022341072649766567
12145,0.008050366704309026
12148,0.009311909789765324
12151,0.036200576243986975
12156,0.046289166346125885
12157,0.018052224324887445
12158,0.020808692239461662
12159,0.01946956924707389
12160,0.0024750354049925746
12162,0.24273144546807043
12163,0.004261004145442068
12164,0.04207986968789542
12168,0.021966729373329743
12169,0.020687157741614365
12171,0.004229134151250004
12175,0.00657672563834064
12178,0.013396340047534252
12180,0.010946838311926565
12183,0.000580032818460073
12185,0.004207320983084801
12187,0.005505793991001333
12189,0.0029741286682905535
12194,0.008251042408774525
12195,0.00983847568616707
12196,0.02793152695867521
12202,0.006335076771173005
12204,0.004194336173267795
12205,0.0846015700553169
12206,0.0032784987214215153
12208,0.4883872384701902
12213,0.10505446925714174
12214,0.008580047400782794
12215,0.016333040328642284
12217,0.0030364184628700252
12221,0.049372172806649496
12223,0.030891844151514688
12225,0.010638206997536974
12226,0.019051768361559855
12228,0.04169700507006127
12232,0.06476815476834948
12235,0.09526165577981677
12239,0.0023412237435872455
12240,0.0010384497502547694
12241,0.052380182350798936
12242,0.0003491367502910567
12243,0.014006749332644067
12244,0.008199296729588936
12246,0.0057155477675852676
12247,0.003577852833804964
12248,0.11503070698425372
12250,0.11567808416946215
12252,0.026665274292483634
12253,0.13906946241146292
12254,0.006353678324127525
12259,0.009516057138131221
12262,0.015703711835881273
12268,0.018545272817840252
12269,0.0031481711494506684
12270,0.0738595788519214
12271,0.022006256933340615
12272,0.007579294340396654
12273,0.07960667991098876
12275,0.008320291080437858
12276,0.00624800063227416
12278,0.003464229331119464
12279,0.12030584979512836
12280,0.02156168487698796
12282,0.0035973585443137804
12288,0.028800144869548547
12292,0.007832723878918564
12294,0.15107777041324158
12297,0.004367637419693744
12298,0.12879466082168295
12299,8.461755386686195e-05
12300,0.013540829018651062
12302,0.0043815192366779415
12304,0.002550055792525632
12305,0.004500908988637457
12306,0.0017843352204624631
12307,0.00317631471608708
12308,0.0013519803599251735
12309,3.253174015996197e-05
12310,0.003036480564707132
12311,0.010497784862876587
12312,0.053547164462250885
12313,0.0029862560289283502
12315,0.015360556991723015
12317,0.015830798299203527
12319,0.1264702307939677
12320,0.018473065337827596
12323,0.0015525280767682975
12324,0.005228114946084855
12325,0.0261619882490298
12327,3.0415303926698793e-05
12329,0.0026986130205128053
12330,0.0044482904830213076
12331,0.11112540158905986
12333,0.01648622640151677
12334,0.07806211324739044
12335,1.9011677550396207e-06
12336,0.07077720108344027
12338,0.001073282140712688
12341,0.005967500870910581
12343,0.044874022376260654
12348,0.04616985245156051
12349,0.005846056764117003
12350,0.01224976908341312
12351,0.0030737761679290624
12353,0.001036522770725872
12356,0.03255640317743237
12357,0.021747611578517637
12359,0.006103668558159693
12363,0.07346517020956095
12365,0.0038749302638734005
12368,0.037768060952361154
12371,0.0006640410921740344
12372,0.10512414090063531
12373,0.0001800746546699179
12374,0.017173664570538663
12375,0.04646308510992798
12376,0.031817761724967634
12377,0.0037087386460961254
12379,0.12024037461241155
12381,4.243647958735208e-05
12382,0.00855571918661554
12385,0.012390359653758704
12386,0.11049359793063548
12389,0.000683119659424366
12394,0.005719556774337125
12395,0.144068373200752
12396,0.0034471528433575953
12397,0.02589158998009114
12398,0.0003715738831369224
12402,0.0036406598086715296
12404,0.0034979530439807303
12405,0.02235373322094923
12406,0.09966706537469096
12410,0.01329878630767964
12415,0.005828813232661733
12417,0.002424020143537597
12420,0.020083321175567763
12421,0.003833546479883656
12424,0.029262951591095484
12425,0.05274834779276114
12427,0.004710787626524592
12428,0.0017530039628768424
12429,0.003331105155100872
12430,0.08554300482617504
12431,0.006897396864483423
12432,0.01399112112309092
12433,0.003464685831607875
12435,0.021756559948503725
12437,0.019603620153553422
12438,0.00012339382072671515
12439,0.018052224324887445
12440,0.1650578874788101
12447,0.050251888926462165
12449,0.0030363856941960123
12450,0.0069694332146173705
12452,0.0032470887590028705
12455,0.007028954387439124
12456,0.12492767601674118
12459,0.010214165590905289
12461,0.003764598449822751
12462,0.0016336303886982891
12466,0.00592870628293041
12467,0.0007372025835829704
12469,0.1127139624827824
12470,0.000521657346141118
12472,0.052641118072079315
12475,0.004229208801600569
12478,0.01929889970860864
12481,0.010719649875326058
12487,0.0011353867802209486
12490,0.05367928422310337
12491,0.002896165252996635
12493,0.026271632734212957
12497,0.030539286094433515
12499,0.04525079629645527
12500,0.055733646273305675
12504,0.003317974987016563
12507,0.008799917268428813
12508,0.009872662098079677
12510,9.034773969620264e-13
12511,0.029902675077257156
12512,0.009954303585446227
12514,0.005871434897728638
12515,0.02773149998567546
12516,0.005893474224125785
12518,0.022816170505031798
12520,0.053898431412519356
12522,2.9013772757697205e-07
12524,0.0031152462702291107
12527,0.03279218357813212
12528,0.02539218786933507
12529,0.09604222748644439
12530,0.004159962811651972
12531,0.02634778858465276
12532,0.0034681687815211605
12533,0.0020101786816129064
12535,0.0007466009854094401
12536,0.0653954689806556
12538,0.05725025446466275
12542,0.1454868190084728
12545,0.031850315692882006
12546,0.0009385343993223343
12549,0.051957072675003727
12552,0.03270225779562013
12554,0.006623853431784343
12557,0.0051108762093060875
12558,0.01783536247038711
12564,0.026872766278552694
12565,0.0028866427849454333
12566,0.03350400648359279
12567,0.022386696079596424
12572,0.01626662840641419
12574,0.07802961167236157
12575,0.0038238594295464438
12576,0.025678466127167357
12578,0.10700209233409176
12581,0.12485850492729472
12582,0.0008223753357722028
12583,0.003991346583347128
12586,0.030155363937794447
12588,0.016891623165615797
12589,0.005982608987512556
12591,0.05490091827713694
12593,0.011007095976567604
12594,0.1212279023191597
12595,0.03284776573646039
12596,0.02803449248172935
12598,3.78806637898497e-07
12599,0.0022669118302825375
12601,0.0002572916806471597
12602,0.12588206654737238
12605,0.004329055172525752
12606,0.03270457879567065
12608,0.012070335962994913
12610,0.010734930342930505
12611,0.019435257383870037
12614,0.025729226112086955
12617,0.11590793850997351
12619,1.0581655564098999e-06
12627,0.0030675895293539807
12629,0.025672892371911896
12630,0.04711366283778445
12638,0.003099012443180737
12640,0.005544478102689134
12641,6.421708064905883e-05
12642,0.008311117800553259
12644,0.02090655376371039
12645,0.005114137559863754
12647,0.0028161026047262986
12653,0.022306311372685836
12655,0.0022350696058691896
12656,0.054347851339816296
12657,0.013399162838334717
12659,0.03014133902953529
12660,0.056387037209658195
12661,0.006166464350016856
12666,0.04764535812917264
12667,0.027029171038769277
12668,0.007944179029244935
12669,0.0001331456212270959
12670,0.01883538337601382
12671,0.017580867742864072
12673,0.007439806699068932
12674,0.0033214727681028654
12678,0.06677245388627859
12679,0.010518231040825108
12680,0.026735742064381618
12684,0.009521836231106338
12686,0.003198568036267881
12688,0.0087849280456343
12690,0.002834431560089776
12691,0.004411155197626937
12694,0.025073703761681217
12695,0.0034563155185371426
12696,0.1309561075249084
12697,0.08033083477974214
12698,0.03143392415834997
12699,0.004293109881086294
12700,0.005017351343680995
12702,0.018154627609769373
12704,0.022281006470351285
12705,0.15393072201012012
12706,0.01013544693921016
12709,0.0038960057697411095
12712,0.004055824424308588
12719,0.02403091946564545
12725,0.00152479366704921
12726,0.0029863791586879395
12727,0.019345478186407455
12728,0.005738613965374698
12732,0.005296103927539159
12733,0.007157267583224645
12740,0.0034184761463685754
12741,0.00364963280239944
12743,0.08035574655336819
12744,0.013468377729555026
12747,0.024482489988182067
12750,0.014756049763715058
12752,0.006948190620430605
12753,0.022063208720949756
12757,0.027714449118167898
12758,0.032772211185083375
12761,0.008058935504568649
12763,0.003882958088100654
12765,4.120797426194661e-05
12766,0.008416044369081093
12767,0.0029863238347267594
12768,0.0036593018572739088
12771,6.160839120710192e-05
12772,0.019642694970923105
12778,0.002742487502625377
12779,0.002986232319508815
12780,0.01866412463426575
12784,0.01790468682982101
12788,0.0038773889187460014
12792,0.004136528608327153
12794,0.0038544877802074843
12796,0.003985077590237239
12798,0.025999101906601076
12799,0.00316782429372926
12800,0.002811174890890221
12802,0.037199219619122016
12803,0.00909330033323386
12804,0.000521001575159489
12805,0.0001488387438612696
12806,0.0037324371842722016
12807,0.034010878605737094
12808,0.004784706715326614
12809,0.13708537204210017
12810,0.004236055287058457
12812,0.13147917807130916
12814,0.0005623371863616741
12815,0.003302383249589788
12816,0.03329442267328373
12817,0.004386814483463216
12819,6.783702834501313e-05
12820,0.023038184228747687
12821,0.009191574823235224
12824,0.004325271819651757
12827,0.0016980635551902287
12828,0.2908775137882311
12834,0.013694049465812236
12836,0.005383321752405592
12837,0.004266462921107635
12838,0.004921525218888261
12839,0.024997505909437303
12842,0.0026353480489168524
12845,0.0044840297997796414
12846,0.00940101139805109
12848,0.00381413520819324
12852,0.005844301393737786
12853,0.029454318066887242
12854,0.0018315910872092253
12857,0.019514030081371484
12862,0.04103900289120746
12863,0.022562506243862353
12865,0.1508579723794241
12866,0.0035892155353871866
12867,0.036232570722133255
12868,0.019801957760423195
12871,0.03484299023928798
12873,0.11084078005773847
12874,0.00031245399594915276
12877,0.00271555914216539
12880,0.00678295589364599
12881,2.9839398046420455e-07
12882,0.022587129973485713
12883,0.0030363856941960123
12887,0.003124012998823988
12888,0.015419289018579134
12889,0.09833315906531358
12890,0.08194791603364461
12891,0.004467329453701811
12892,0.00437413526797311
12897,0.004913393786233874
12899,0.02212371630166873
12900,0.15030214155224195
12901,0.13852743579230872
12903,0.05994014520457183
12904,0.007706985370602559
12906,0.0034131813566545743
12911,0.0031509630309183513
12913,0.0008183954382358736
12917,0.00402256527805206
12919,0.04915826042825324
12921,0.0027099138653585535
12922,0.0049849922415853695
12923,0.05696776030194305
12924,0.13748062411779233
12928,0.00335548639114025
12929,0.002776081690181
12930,0.004530114831882088
12932,0.01952157193251864
12935,0.003846031555320024
12938,0.005699431143359842
12940,0.04414130849348419
12943,0.008186461852462565
12944,7.203747691583164e-05
12946,0.008740736325437405
12948,0.13486866401650968
12951,0.08705291335565185
12952,0.14219836700826016
12953,0.004757682396613447
12955,0.022010696273079538
12956,0.005752857917335227
12959,0.0002692536699651606
12960,0.001066329637430502
12961,0.004343896734314222
12964,0.0038867371985416305
12965,0.004095953880195805
12973,0.11124994629952506
12976,0.0030574233354447224
12977,0.0001963732424103678
12978,0.10143911221681028
12979,0.1348608084687236
12983,0.0375883285781389
12984,0.0026351242373285617
12985,0.0003681438931666632
12986,0.020916070178892642
12987,0.0007055041966080363
12988,0.003196989211946148
12990,0.015002793032979918
12991,0.023738583286314528
12997,0.00475348293207658
12998,0.048246269064748985
13000,0.02039848065425487
13001,0.015635077589836573
13002,0.006362320100177314
13003,0.006674238353370702
13004,0.052877043528162346
13005,0.002315209026249926
13008,0.011602537413770335
13009,0.009363773720803424
13011,1.0633827329402632e-06
13016,0.0019527496692834708
13017,0.018118012279948983
13018,0.004807531377866916
13019,0.017949486189824677
13020,0.007668015641521686
13021,0.0008501319277742739
13022,0.0031975363669466566
13025,0.11380929595518827
13026,0.018052224324887445
13037,0.01481498607407997
13038,0.019657451267776505
13042,0.00016064611809022005
13043,0.005164535951179291
13044,0.003020138788183923
13046,0.0049403256493461
13047,0.15032727804167273
13048,0.004935563833660316
13049,0.010000668508860779
13054,0.006914046686510787
13055,0.0037790415219650327
13056,0.003959405509209158
13061,0.002321861753489234
13062,0.015705843940712866
13063,0.02250991321026681
13064,0.002782247742350021
13069,0.009477906626155386
13070,0.05341938206576568
13071,0.019248857558460158
13072,0.010509874361396485
13075,0.02425769590549192
13076,0.004135114966996314
13077,0.0017531228190773
13079,0.020306692207650946
13081,0.0014563159984838083
13084,0.010906618376624261
13085,0.0023006106751751803
13087,0.02462465475887206
13088,0.007591667100074279
13090,0.003314772986769758
13091,0.041384346310736994
13092,0.0016736242728124272
13093,0.06034370863512054
13100,0.023859793592008693
13102,0.007900928629807642
13103,0.001296101814049911
13105,0.0020492204992400612
13107,7.480042093693735e-08
13108,0.02226033321710364
13111,0.0030363740656341666
13113,0.0024043541160534794
13115,0.0063823790622143895
13118,0.026989947139242593
13119,0.008379516453199834
13122,0.058222304359352384
13123,0.0032371076615177454
13124,0.00811921109087842
13125,0.020886527023104784
13126,0.0037516654071175232
13132,0.020311283031910994
13133,0.030289784857354753
13135,0.023871891527734217
13138,0.006157520924395852
13140,0.023516413727191064
13144,0.10474600363042498
13148,0.011130299202485027
13149,0.05105276722247095
13150,0.01724691618964903
13151,0.018847578918028064
13152,0.0025745179466290734
13156,0.12900269661047636
13159,0.171873339867321
13160,0.024957583325424394
13161,6.496873848777589e-05
13162,0.0004349391682220281
13163,0.011131227746912562
13167,0.004217569942912395
13168,0.02133840941903819
13169,0.01205733569598779
13172,0.02594058747929059
13173,0.00560331206658456
13176,0.0030364723723385373
13178,0.12104506623612162
13179,0.004701463126595435
13180,0.02281013741029988
13182,0.002599160331607068
13184,0.05086412106683245
13185,0.06745218605832647
13187,0.030329800194955802
13189,0.011848102373928429
13192,0.02403065247986932
13194,0.1206587548319079
13197,0.004176725075576003
13199,0.02508833225123526
13200,0.0033205557962713394
13201,0.005111762235755316
13203,0.009657502251667343
13205,0.003947329712929751
13207,0.002808720561665883
13208,0.008666642806350244
13211,0.01985433601781686
13212,0.0459924545011031
13218,0.00015601786524394682
13219,0.007561028656136906
13220,0.013624858859807357
13221,0.018052224324887445
13222,0.05985429471346735
13223,0.12653727308603274
13224,0.07576272556709317
13229,0.06827898399334359
13230,0.07208892177378905
13233,0.1383585045620196
13235,0.1545196462226059
13236,0.0050595191056076695
13238,0.0007923722408201545
13240,0.015630969355433386
13243,0.007244411473705079
13245,0.02644989129246541
13246,0.003256348132151614
13248,0.006111720020627358
13250,0.004897947205119297
13251,0.005781640332644567
13252,0.009350333690497741
13254,0.004704560484115763
13258,0.0047232223241293675
13260,0.003962407748882151
13261,0.14896950088146038
13264,0.08701434173510611
13268,0.004435449780665749
13270,0.004557320866764416
13272,0.013026680677060982
13273,0.0001874602859193315
13274,0.005653773704959568
13276,0.006387270639692775
13279,0.05060740109603807
13281,0.003512349186769838
13286,0.018052224324887445
13288,0.004117728661895413
13290,0.009513725168138849
13291,0.001836267692718448
13296,0.0037432168525335994
13299,0.03547661326559799
13302,0.00836051525266913
13307,0.03686730749783338
13313,0.0072895475718214526
13314,0.0028904497878696443
13318,0.004557381334799411
13321,0.03966645017370526
13326,0.0036947298521334466
13327,0.004033874767638501
13328,0.13937634317665268
13329,0.0044280979499371955
13330,0.15464020814344284
13331,0.007010884427174901
13334,0.10417810991064692
13338,0.002909800576973681
13339,0.0010936973828383574
13340,0.003461023042362778
13344,0.006186009309946721
13346,0.0029839661026257697
13347,0.024482489988182067
13349,0.020625975865998767
13351,0.014334513644570404
13352,0.005776198716025615
13354,0.005159336217823207
13357,0.06427954861010812
13360,0.023627951543328123
13361,0.00512970454277494
13362,0.05379432773429908
13364,0.02660014947079253
13367,0.016633739440125292
13368,3.072771823954078e-14
13369,0.01883538337601382
13372,0.10010035354183767
13375,0.01504329559126186
13376,0.0012156433106980558
13377,0.003232905156775151
13378,0.018052224324887445
13381,0.15061666092112402
13382,0.005586163071331675
13384,0.0031735356653596666
13386,0.002215483189244589
13389,0.0040378438055456295
13390,0.00278538059579454
13392,0.023455166434963082
13393,0.0053181088721272396
13395,0.008247539548921337
13396,0.00523258678071759
13398,0.025837913517264176
13404,0.0052694213247746376
13405,0.030488867912811104
13406,0.006314773809331595
13411,0.014914803908462835
13412,0.016257821039917127
13419,0.004426760406465999
13420,0.0005433514605166676
13423,0.00200906315689082
13426,0.006940148907648827
13428,0.03302709606167928
13429,0.0034212907348595088
13433,0.0035158444698740604
13435,0.008376648037244395
13436,0.003000046867952928
13439,0.05469677071176006
13441,0.003492079421629555
13442,0.03551773753740395
13443,0.1517512905168086
13444,0.062295637211401696
13445,0.00640828134395194
13446,0.09477638042894466
13448,0.0035151564034167715
13449,9.816053417162553e-05
13450,0.004217776834311929
13451,0.17635439286425278
13453,0.004373565722203354
13454,0.01595116020209976
13456,0.010088386146784395
13459,0.001610443345202032
13460,0.19160627828191146
13464,0.003844266944448169
13466,0.0011758741459215966
13467,0.006367115636442877
13469,0.018915250712739324
13470,0.12853608312266981
13472,0.003275829739801971
13473,0.01258273613123091
13475,0.003036465898266548
13476,0.018244393697408896
13478,0.003277412551774439
13479,0.010002344496875095
13480,0.0021453243403694146
13483,0.0017703993960026228
13484,0.005843909177004817
13485,0.011418107436876258
13486,0.003036506860242808
13487,0.001971703256029215
13492,0.14284152234163663
13493,0.002671087616266865
13494,0.008548081677399013
13496,0.003306843792183017
13498,0.002396331080130173
13500,0.09898165841618063
13504,0.023337306263717567
13510,0.024900626339643156
13512,0.0030585133849395253
13513,0.002104420723322145
13516,0.003522591378512817
13517,0.006620571294001832
13518,0.018052224324887445
13519,0.15167693860667278
13520,0.032080086747809114
13521,0.018052224324887445
13526,0.0018142784829198867
13527,0.00277431858716199
13528,0.004302330289090185
13529,0.008641394576174376
13530,0.05054617202324256
13534,0.008838734724056012
13535,0.003464363916208628
13538,2.5056802847189133e-08
13540,0.002048950882266348
13542,0.017329610637201193
13544,0.00235103747406093
13546,0.039740914452156426
13547,0.002315209026249926
13550,0.00021015765406878962
13551,0.015245018341180598
13559,0.0006708612891722418
13561,3.8108693023069746e-05
13562,0.0328046557227152
13563,0.0024913221703834146
13564,0.007794560534013716
13565,0.011040439784608738
13568,0.005711176607296292
13569,0.009044450002705725
13570,0.002075149028306265
13571,0.0023156132683940147
13572,0.004435016531392503
13575,0.16669182256660187
13577,0.008512616179004173
13578,0.004510966115246789
13579,0.12709430414829
13587,0.005082151045349657
13588,0.0045027897811947635
13592,0.005631999153039202
13593,5.889754170230324e-07
13594,0.010250339648213164
13598,0.0027661792614308406
13599,0.003962061720083009
13604,0.003868615319742685
13605,0.04056353203690145
13607,0.060201568480179324
13608,0.020976241246380277
13609,0.012095381755468728
13612,0.001601021131837492
13615,0.0006305309086647454
13617,0.02225078896903346
13619,0.0038390342340843056
13620,0.003368099413259924
13625,0.00665857845976068
13627,0.021717343697294028
13631,0.006665229422374775
13635,0.11775692956433459
13637,0.003907787684304519
13641,0.01908764746751429
13642,0.003744032564106569
13643,0.019869077579544828
13644,0.0022008184641829865
13647,0.011422244504789451
13652,0.04400915634030229
13654,0.007647767233165876
13655,0.0055043574481199765
13657,0.03759484879652677
13659,0.02076221386289798
13660,0.12606499544368757
13663,0.006263816165902481
13664,0.0029018648309469997
13665,0.02356647596338672
13666,0.00010164868595838779
13667,0.00462335935892752
13669,0.015387508831636944
13671,0.04427214089541041
13673,0.006228828363952521
13675,0.1337179546162029
13676,0.0039037418034290157
13677,0.0038072019214637235
13682,0.003831094815306963
13685,0.010428244770485226
13686,0.029314546354346282
13687,0.07132151452339153
13689,0.003937048055349886
13691,0.19136967116442588
13692,0.022679066004722685
13694,0.021700172392601545
13695,0.0060698801124635035
13698,0.003249346316574994
13702,3.0126968345622576e-05
13704,0.012893538155778567
13705,0.022627640299581846
13707,0.09671597798635724
13709,0.036311650413712024
13710,0.019372303582879884
13711,0.0033345864933435423
13713,0.19468817320245047
13714,0.0030469173280018654
13715,0.004805861768852164
13719,0.007885907142688536
13721,0.012659382608318571
13723,0.008171315609456253
13724,0.023831003194622214
13725,0.045089744964215785
13727,0.020879269015452465
13729,0.00018277327272749936
13730,7.226317154937255e-05
13731,0.001755944081283432
13734,0.04726530954254582
13735,0.1323502202803085
13736,0.005049375771247305
13737,0.09479821931064442
13738,0.003036546104449166
13742,0.002364960485930977
13744,0.0021568775806567724
13748,5.53457274452178e-05
13749,8.021783885130935e-17
13750,0.003882796292386619
13755,0.006566010336230419
13756,3.4617728359210495e-06
13758,0.002890894180122959
13759,0.11601600102948775
13762,0.00470958415923537
13763,0.02382387561906015
13767,0.003405222285263257
13770,0.022929222751828446
13773,0.003396468047607115
13774,0.023144124388672065
13775,0.0037185170770153474
13777,0.0004880890689424417
13778,0.010079883716839693
13780,0.017052231534755744
13782,0.008874417980490603
13794,0.022773588771332096
13800,0.021805335312958384
13802,0.00603732705075047
13805,0.002964792697723125
13813,0.018750883759728023
13814,0.0037973843638676994
13815,0.058958733672606164
13817,0.006798355177920227
13822,0.005306258915113205
13823,0.03143196615540932
13824,0.00365094440266593
13825,0.0008469069952463061
13827,0.07995673476614906
13828,0.006997540518522654
13829,0.0641500571074311
13831,0.008931936509487894
13832,7.734062629772209e-05
13833,0.03446124308174095
13834,0.006034164845567491
13838,0.003958492980020541
13845,0.00569525955744572
13847,0.04184942063328128
13848,0.024482489988182067
13850,0.022925252370935498
13852,0.037808165307026693
13853,0.10145757932483329
13854,0.0019865425551578763
13859,0.19893100933302924
13860,0.01841518394373449
13861,0.02911086553114015
13862,0.014220476290730677
13863,8.73285861448339e-05
13864,0.008332717295382576
13865,0.0045365028134173885
13867,0.13292523149459648
13871,0.003713508142409741
13873,0.05906343784747478
13878,0.033338550435506785
13879,0.00278999562863226
13882,0.004647007506340949
13883,0.0038895345413005196
13887,0.0034443211728603673
13889,0.012800041557026895
13890,0.025131026850876967
13891,0.03518484929244004
13895,0.002993621087443614
13897,2.0345180690507054e-05
13898,0.050251888926462165
13899,0.0054092664788023955
13901,0.02201285258029387
13905,0.0018299286121895172
13906,0.0919477772061658
13908,0.05270381622208725
13910,0.022838174721501354
13912,0.01108486026659786
13917,0.03847686940584609
13918,0.0034639659072220825
13919,0.054489598726615227
13920,0.08591564067286613
13921,0.0005840547886027853
13922,0.0031554067256964933
13926,0.08048898625478017
13929,0.023050239493315642
13931,0.005371226723363059
13932,0.004511050743574582
13934,0.01590424922361206
13935,0.25468747214773974
13936,0.012595520150473436
13941,0.018815763961937494
13944,0.04859669931757881
13947,0.007726087820368229
13948,0.012077925918289064
13952,0.10989863133772558
13954,0.3424396017354803
13959,0.01103485997302951
13962,0.004346462817823932
13965,0.019480299032343606
13966,0.0005118714209129301
13967,0.003540280808032997
13968,0.018052224324887445
13970,0.02429950279993812
13971,0.015462985956233903
13972,0.007756690502328988
13974,0.007852811898226335
13979,0.0059702788583443495
13981,0.10103357474499448
13982,0.015529935381664152
13985,0.0038624644429654984
13987,0.005111208875765047
13989,0.014047693414648666
13990,0.02207909366093332
13991,0.016930372976373405
13994,0.013774679779876835
13995,2.9793709060790333e-07
14003,0.047360531592571066
14005,0.010488975478287635
14009,0.0023014571252308095
14010,0.07196206754337206
14012,0.04403263322490859
14014,0.13793280519439127
14015,0.004145983239206502
14021,0.005768349120240286
14023,0.010427534601092194
14025,0.002873105780513955
14026,0.03926106872853058
14027,0.03691780380314366
14029,0.00576596929623392
14033,0.004126855018002027
14034,0.0075671442792063824
14035,0.0036194415776775114
14036,0.0024150665976746797
14038,0.006216662567495622
14039,0.010710417379470588
14040,0.005789625380484029
14043,0.019657451267776505
14044,0.015800310355391495
14049,0.021423117464840317
14050,0.06694031710828346
14051,0.009408514648310298
14055,0.023641536605091572
14059,0.017907821951392608
14061,0.018052224324887445
14063,0.002997702971702046
14064,0.14851598251723716
14065,0.003965891862806421
14066,0.008709832143968458
14067,0.0022838090192305247
14068,0.0011809787693513832
14069,0.012018799517035177
14070,0.019877192905853415
14072,0.018052224324887445
14073,0.003895417698867186
14074,0.003957298322283226
14077,0.06448181674483174
14078,0.023233307818372264
14081,7.423870412895759e-05
14082,0.00914909690324496
14083,0.0009381724552069232
14085,0.006408327172410851
14086,0.01051204498702505
14088,0.0031938228813677685
14091,0.015031026895024072
14093,0.013694049465812236
14094,0.011198992777328434
14097,0.01156773085351446
14099,0.02322443666880293
14101,0.01509426554046983
14103,0.007852473317606152
14107,0.03592582807843066
14108,0.00944442758685819
14109,0.01309499079384649
14112,0.0032504610081672963
14113,0.0690833586800123
14114,0.010719209365853454
14115,0.02074040621594562
14116,0.005129522898700642
14117,0.08964440669277193
14119,5.96580250764027e-12
14121,0.028054954533914253
14122,0.00442089298432736
14123,0.0006956879465851172
14125,0.007777633583907207
14127,0.10726783333340704
14129,0.01794730878003104
14130,0.015856356089866023
14132,0.01099237109931449
14134,0.06940101525707427
14137,0.005940372298890832
14138,0.005781267652269105
14139,0.0032011610258256408
14140,0.03102272720086535
14143,0.02185790595208655
14146,0.0023957795977405175
14148,0.004040335001622453
14150,0.007233885402901849
14151,0.0042261025269793445
14152,0.00370377537963584
14153,0.0070292685398092355
14155,0.008187559041869321
14156,0.0284526193637065
14160,0.034168874787022546
14162,0.005531298580396142
14163,0.0033760337857794242
14164,0.0030364184628700252
14165,0.018499631878271156
14166,0.0061304316118907225
14172,0.02405139585551554
14173,0.006613543809908279
14174,0.01703135773254502
14175,0.0063412002025727875
14176,0.011554597410618293
14178,0.016994912217777186
14183,0.05363142174553422
14186,0.04269215484092874
14188,0.002832743786337743
14189,0.037046959414689655
14190,0.0037850660016972995
14192,0.018147707330531324
14193,0.003548476624251189
14194,0.024906065111767222
14195,0.000849855816708433
14198,0.006957212808381224
14200,0.03477333298377606
14201,0.008787235055169339
14203,4.2839541249205415e-05
14208,0.0869064665464589
14210,0.007130666600623475
14211,0.0024103972997046703
14214,0.002866058281633442
14215,0.01569459221282401
14216,0.13833589504404198
14217,0.019611467655199923
14218,0.0029833282430259114
14219,0.006695848966329082
14220,0.03691336895986194
14223,0.021140142996230057
14225,0.002073538996768555
14231,0.006319932654482534
14232,0.005146778172735227
14234,0.05084570620106785
14235,0.0008124818971144557
14236,0.059317241257987575
14237,0.030428684937916946
14238,0.041607203471482196
14240,0.0033077066408957
14243,0.0048567992113553666
14244,0.028680015551592476
14245,0.009964762188465705
14247,0.03156241871251669
14248,0.03579003112960814
14249,0.13966498519186962
14251,0.0021031540136638134
14254,6.880912019243088e-06
14255,0.005244773854194605
14256,0.024273364568681975
14257,0.005471785705539603
14259,0.003076563021154419
14260,0.14325171557988292
14262,0.18191579054227383
14263,0.0038261365531840805
14264,0.0013717437505712997
14265,0.20838700936333732
14267,0.008303099361329
14269,0.18329331814960328
14270,0.020407285024148545
14271,0.03822454000098407
14274,0.0030726508445310446
14275,0.030578286230196237
14276,0.14368566965381177
14278,0.0030129772334002883
14280,0.04004642862806601
14282,0.013477705838179383
14284,0.0016691685097010153
14288,0.002540513571712273
14289,0.011557442679130059
14290,5.7503162394498966e-05
14291,0.14264571490573347
14292,0.0026258642011531192
14293,0.0016514284661843833
14297,0.05756042499353603
14298,0.004548282506511544
14303,0.005021256064684558
14305,0.0009404426452511744
14308,0.024344260569248353
14309,0.05951415788641252
14312,0.05946344538119055
14313,0.021301399419899225
14315,0.14450788786661412
14316,0.002295043044213025
14319,0.010006013857889335
14321,0.01041161424696686
14322,0.0032600554590337424
14323,0.0027939889473719234
14324,0.024482489988182067
14327,0.005428029315731298
14332,0.007809238794129264
14334,0.001301387163612384
14337,0.009417222305496627
14339,0.005838619068502632
14340,0.012642996904641636
14341,0.006304445792823319
14342,0.013765491248130287
14343,0.01636902176324741
14349,0.006130304585635598
14351,0.004301968368830085
14352,0.02714406748295622
14353,0.01845755613880866
14354,0.0037663962089074005
14355,0.12840149210994545
14356,0.018052224324887445
14358,0.0922245552278341
14360,0.007219355999838176
14362,0.004129951677275166
14363,0.017049446193228252
14366,0.01159831008930614
14369,0.023462498627104547
14370,0.01156184970796379
14373,0.007579348147529343
14375,0.07978410925616657
14376,0.004539583095290198
14381,0.0054709818549339975
14383,0.005618336538148554
14384,0.003716964929661375
14385,0.003036506860242808
14387,0.016906745160238323
14396,0.003911085664020675
14397,0.005786192662811013
14400,0.000591261893631894
14401,0.029817019537272314
14403,0.0075345659618004795
14406,0.09891752290411308
14408,0.0002443360602406329
14409,0.12485740397823111
14412,0.018711968174504625
14414,0.003655366103591633
14415,0.0072328585336969104
14416,0.0023199055484073574
14418,0.01729148423508443
14419,0.01952934580108985
14420,0.005378570523573758
14422,0.0064925283645036
14424,0.017604785965401985
14430,0.008188750813659008
14434,0.05440775614170511
14436,0.0004904362773207854
14438,0.057453515634608335
14439,0.011145030019291256
14440,0.004759908703027343
14441,0.004616034376465889
14443,0.01033990799271094
14445,0.0018875139494489055
14446,6.527730572951993e-12
14448,0.013774434811785426
14452,1.5275472122179183e-10
14453,0.005961572174991807
14455,0.004500174910851593
14459,3.133578947268412e-05
14462,0.0031825430707202902
14464,0.012896001923569933
14466,0.007686107091976443
14472,0.005846855448216656
14474,0.021812275164579058
14476,0.006627391509121033
14477,0.016024703700519394
14479,0.01064708038230959
14482,0.0036010072893895703
14483,0.006205545734095789
14486,0.0017562699100651979
14489,0.09499612634580656
14492,0.18652625835786324
14493,0.00160171124005019
14494,0.032377585250330895
14497,0.12063051220653126
14498,0.002712525211377642
14499,0.036173003610669045
14500,0.023074101799007003
14502,0.007123498198797878
14503,0.004103454997712729
14504,0.151083057163556
14506,0.003591742468678859
14508,0.00020989400475410604
14510,0.018052224324887445
14511,0.050869197412192806
14516,0.003947296727066973
14519,0.003241735299959273
14521,0.0030146846838769773
14522,0.023124805203533768
14523,0.004772896688656499
14525,1.1153979301165357e-19
14527,0.0020503696381988083
14529,0.011376856674644659
14530,0.0005682759383876535
14533,0.014934823627960935
14537,0.002388314116139659
14538,0.09595746416482227
14539,0.002397264675843168
14540,0.028276681269450692
14542,0.022097136987621606
14544,0.0007634632258092501
14553,0.008829805427364185
14556,0.004337378125097781
14557,0.03154988623919794
14558,0.1130651403547807
14561,0.026288756088466397
14562,0.01932701959027887
14564,0.08460500865689514
14566,0.0067714820879079774
14568,0.0043374238469912115
14569,0.020607128085141698
14573,2.39299468082208e-14
14574,0.003036496949510424
14575,0.005129674158549863
14578,0.0030351213197129896
14579,0.01638208516476966
14580,0.002971688634256491
14581,0.10175046261484064
14583,0.02166060019701416
14587,0.13501818228924164
14588,0.0963561307996358
14594,0.005475141634990569
14596,0.04354079397297598
14597,0.020951274617054545
14600,0.04731562617937235
14601,0.006335303889998725
14603,0.008377606791333553
14606,0.01265277825213402
14607,0.0049451990738871845
14608,0.01865361515332652
14610,0.02342775246195359
14611,0.09121187806667984
14612,0.004828520534981258
14616,0.004017146860983823
14623,0.04244185425038331
14624,0.04093966676929693
14625,0.0024330971645839384
14626,0.005671051638146253
14627,0.02128883634589598
14628,0.0038331785106566116
14631,0.0535577435483502
14632,0.029871034583703295
14633,0.044642223054295285
14636,0.07919554657739418
14637,0.0065317496681903155
14640,0.0696001574975993
14641,0.001850406470877979
14642,0.016409259739373544
14645,0.0010337647261158798
14647,0.020477878464937416
14648,0.03729334793115313
14650,0.015319398457599729
14651,0.003750461031331766
14652,0.1151827445519819
14653,0.06977869547630301
14654,0.00010221810782745064
14655,0.002178434560055325
14660,0.06480279952886413
14661,0.02874631605121425
14668,0.006828471600300595
14669,0.021340651835754378
14670,0.09083362222895384
14671,0.0007964469959076398
14677,0.0038445829025576393
14679,0.014278753150949862
14682,0.005563607001653536
14683,0.0042771400581587595
14687,0.06799284142885241
14690,0.004654339440543904
14693,0.024732530254643
14694,0.005969260560691919
14696,0.03211621618741851
14697,0.0013390021044845685
14699,0.03440129341410372
14700,0.00254563161296665
14703,0.007232922033027867
14704,0.003167810878012134
14705,0.02090608006886321
14706,0.003687326901329671
14707,0.009216307311769586
14708,0.08336402441774045
14709,0.00010370916265698028
14711,0.02123101185636394
14712,0.0023113597250442033
14716,0.04283739680987493
14719,0.004335376455746309
14720,0.0007502617969763697
14721,0.003462279011929771
14724,0.012313859412213532
14725,0.001233975541157013
14729,0.00468716789796325
14730,0.020045553512651196
14731,0.05112188856294311
14734,0.03975527750171662
14735,0.004769347206125804
14736,0.0035576007695999443
14737,0.013694049465812236
14738,0.0035432768229650205
14739,0.030289784857354753
14740,0.02710203732524528
14743,0.029513183624977814
14744,0.05145486412573477
14745,0.0134429486590248
14746,0.029788544384657698
14749,0.003031268030921809
14750,0.0027011900163724425
14752,0.0058349377124055175
14753,0.02820650997993531
14756,0.0023152028275469382
14758,0.0159537715853986
14759,0.004827305202181428
14760,0.0029893007186280276
14766,0.006496204128885009
14768,0.0018436310562762247
14775,0.01476337042399071
14777,0.02482351096912367
14779,0.014446084264550914
14781,0.007032607565208533
14783,0.0025920651061392586
14784,0.006125204432973778
14785,0.0034904147558366913
14787,0.0035587615306134804
14788,0.1051843338361931
14793,0.08996657572569149
14798,0.05883304311502385
14799,0.015504024616189858
14808,0.019569309832553568
14809,0.006006888890876196
14816,0.20880654644264485
14821,0.021794273521793136
14828,0.07196206754337206
14832,0.03168674176800586
14835,0.02642236974003927
14837,0.03853247417878707
14838,0.019413964230266815
14841,0.020607128085141698
14843,0.06662403621700878
14846,0.003720107756610184
14847,0.010177558104506993
14848,0.0004081781837677229
14849,0.005635564228619367
14850,0.03406851148031123
14852,0.004158530836462566
14853,0.02057138982684194
14855,0.007670481322431581
14856,0.002368061363539936
14858,0.004730017314058433
14859,0.00328233378159349
14861,0.03736082066905556
14864,0.04599105526471275
14868,0.003687009331409293
14870,0.002273333350304531
14874,0.025067141729961193
14879,0.01978411882297735
14882,0.002986309689852309
14883,0.011685943762516197
14884,0.004467112575741425
14887,0.06602290973509246
14888,0.13632562981811688
14889,0.18795226158659392
14891,0.023462498627104547
14894,0.1310850900395669
14896,0.026451868553571747
14897,0.0757330886220784
14899,0.05250590614213369
14901,0.003100684347974243
14903,0.0022638503970898224
14905,0.08996054501756466
14911,0.008461624416501362
14912,0.1384057285890324
14913,0.02192788382254579
14915,0.016015423727364902
14919,0.003722065366849498
14920,1.8965685433130897e-05
14921,0.015628434267189663
14922,0.047438783389542126
14924,0.03400416495893579
14925,0.030585238324626444
14926,0.0063269546812174055
14927,0.02022773913803635
14928,0.025207929703001054
14931,0.06327735594484482
14933,0.012691096681508614
14935,0.01564826163578569
14936,0.013143297950354207
14937,0.0009677878352561469
14939,0.00303659697852973
14948,0.00294471219842654
14949,0.005842392091161358
14950,0.006011969515890581
14953,0.10143911221681028
14954,0.003156630231488746
14957,0.004740580358891708
14958,0.022715578857075116
14959,0.009545893623476262
14960,0.01840100586637702
14961,0.0818880471373232
14962,5.784889600543265e-06
14964,0.015333600724764846
14965,0.0032640875467355107
14967,0.003907691922527533
14970,0.00502467848646968
14971,0.021606003917565116
14972,0.04133796794336602
14973,0.0019602901623448797
14976,0.005015635074534062
14978,0.12706130466077947
14980,0.015727758728629585
14981,0.042191156635725494
14982,0.004325341242794968
14983,0.0025118509696548143
14986,0.016956844115110767
14987,0.0066013215170606255
14990,0.02488526068851971
14991,0.0026715635068193205
14993,0.006896354366882414
14994,0.014778516114884762
14998,0.005842426577715671
15000,0.020559578475574845
15001,0.006395618334548356
15004,0.007531568413369172
15007,0.0033580415685153754
15008,0.10085532527022902
15009,0.0065012511003375625
15011,0.012154771031215728
15012,0.08908841181274078
15013,0.009282523573295627
15014,0.0009180952655969184
15019,0.02086646731144736
15021,0.005329199222163598
15024,0.022134669947903977
15028,0.01666223617212014
15029,2.134786892503286e-06
15032,0.0032259920723709465
15035,0.08088487406843163
15037,0.03405313784379857
15039,0.00448358060459558
15040,0.016773517949200158
15041,0.061742797839248166
15043,0.08650975677209209
15044,0.011754277427098983
15045,0.005673979571539589
15048,0.004768623538300919
15051,0.0010079478744662773
15052,0.006722323639806521
15053,0.0677761544269052
15054,0.004432216579182013
15055,0.0051472651525947604
15056,0.1160887090061014
15057,0.003912378550081146
15058,0.0031129286394797053
15065,0.033203458604848086
15068,0.004472462807722331
15069,0.02492461964001538
15070,0.018254839673095526
15075,0.024482489988182067
15077,1.3378496435005408e-05
15078,0.08665784521630562
15079,0.02864868026980567
15080,0.10089463236336228
15081,0.0034215767876173697
15084,0.012538376229180054
15085,0.05982588145203815
15086,0.004364247690979377
15087,7.959845584164709e-07
15088,0.006301946435566743
15089,0.001121570540978862
15090,0.132935190896259
15091,0.00469339869938841
15092,0.00017693544487867185
15094,0.0015699433818420786
15095,0.0035678874206999923
15099,0.02254955190032388
15100,0.004335459854149512
15105,0.011482251445534743
15106,0.007128928395794056
15108,0.0028230291087975976
15110,0.013764231504139596
15111,0.15047974394426247
15112,0.0030365706822160304
15113,0.07345074330471062
15115,0.0037521697467157752
15116,0.004222828118693251
15117,0.005645141416727746
15118,0.00450005417075083
15119,0.046187973196432704
15120,0.003036424936841183
15121,0.00408818141397579
15123,0.002200619036921425
15126,0.007767380614598898
15128,0.004486145384909343
15132,0.003829906618574756
15133,0.010492076892508024
15134,0.006832691439771586
15137,0.0035174703036461104
15138,0.0044918778355668865
15139,0.021056656449279818
15140,0.01737365566866509
15141,0.01043534976803759
15144,0.0002198638351965166
15145,0.0025695688118919876
15146,0.0197352991378158
15147,0.1560915838083352
15148,0.007981077464889203
15149,0.0033634504234153046
15151,0.0893566323750745
15152,0.003468237519413125
15153,0.003036377502082604
15154,0.08138240264089751
15155,0.031543258246678245
15158,0.005422968309279581
15160,0.007270352176590339
15161,0.10490313470161726
15164,0.010262102170122692
15165,0.004847490922790669
15166,0.14438254035474546
15168,0.06288924101407502
15170,0.0031319092958020755
15171,0.0034576980686092814
15172,0.01863252938097366
15178,0.0029875357989489954
15182,0.0056356662653979095
15183,0.004214358647188422
15184,0.10079284402399154
15185,0.0036197459066792757
15187,0.006302685503539246
15189,0.0032322273455418758
15190,0.003462279011929771
15192,0.0008804400809097175
15193,0.0031127287577189396
15196,0.0032182593575992456
15198,0.003658148197448065
15199,0.007099537872854841
15201,0.0024419463022656725
15206,0.04767067663247808
15208,0.001107506214641786
15209,0.06685730747088368
15211,0.006434886747370701
15213,0.004064596515567287
15214,0.004025340274121852
15216,0.004748794000722341
15217,0.04613122816768846
15219,0.0019231828061200672
15220,0.00014382252113249224
15221,0.03779820385667051
15222,0.028446498281345642
15223,0.002057378365325726
15224,0.01678391727639163
15225,0.004859470392427556
15226,0.1124664195428746
15228,0.003205715446813958
15230,0.08863209291033981
15231,0.07764731136880616
15232,0.003205715446813958
15233,0.0043581439355717235
15234,0.02829360619956261
15236,0.0001912646352036008
15237,0.04699921650713324
15238,0.016755342564478068
15239,0.007603046913990349
15241,0.005376584808077244
15247,0.03243898464377252
15248,0.0035185032001043945
15249,0.004656470631035703
15252,0.1338122466373768
15253,0.004290523281613487
15256,0.07967063848855921
15266,0.00447217972843746
15270,0.004642938393840297
15271,0.0060847054275582025
15274,0.011588664818330551
15279,0.124794804846856
15281,0.008084325004515319
15282,0.0010997096509901385
15283,0.0018599701948204426
15284,0.0041980593244095536
15285,0.0043729938904310695
15286,0.004754600638258601
15288,0.00384542277836365
15290,0.0019039211631498394
15291,0.0028999174519488973
15292,0.0010300385991263215
15294,0.004854121239235249
15296,0.009703760759396341
15298,0.0038890752693759305
15299,0.09602638253028752
15300,0.03305969583692623
15302,0.004909722219152478
15303,0.007456729084157973
15305,0.0035554819973331263
15306,0.08712321040907849
15307,0.07469682522425856
15308,0.10699048700327507
15312,0.0030385857327217443
15314,0.018319425799456612
15319,0.018708714009838437
15320,0.022581700194435776
15322,0.01727007255466513
15324,0.0009025604670171094
15325,0.09196067887336667
15327,0.0006765921620338186
15328,0.0030351704524507715
15334,0.054984191743269836
15335,0.15619813213231032
15339,0.11844544805545897
15340,0.00342904234805598
15342,0.006878006978166576
15343,0.004434538052740125
15346,0.0019623120960448144
15347,0.092758501395603
15348,0.08221035537595792
15350,0.0030364232185897183
15352,0.0048802762371328995
15357,0.008742241281028535
15359,0.018694029196999907
15361,0.023874760519315977
15363,0.004548596413752834
15365,0.0037113450233676568
15368,0.0038981761118666064
15370,0.021633290323127757
15374,0.013511571041480994
15376,0.0025089625536060646
15379,0.0012955748580564222
15380,0.004542570547443154
15382,0.015223026235606849
15387,0.0233491541800333
15388,0.1513664556656592
15390,0.11246355550645692
15391,0.0012912030715585112
15393,0.08609958900535086
15394,0.007145537418134998
15395,7.041603093690354e-05
15397,0.0310065522698979
15398,0.0052863720079740825
15399,0.004477054204106983
15400,3.785549298693943e-05
15401,0.0006183123199629675
15402,0.10485377812396453
15403,0.004061734791151249
15407,0.05423608001271763
15408,0.006048612979300782
15409,0.08167995775836534
15410,0.017943784429628795
15411,0.013543753739017
15413,0.09252295367111225
15415,0.003682034246896921
15417,0.0029461429976176535
15418,0.0030365805931883328
15419,8.693540294476316e-05
15420,0.023462498627104547
15421,0.005348547732958911
15422,0.03860587479643182
15427,0.0016979532124880242
15428,0.018052224324887445
15432,0.0008049702460276868
15433,0.0022691652239317526
15434,0.00476525019665091
15435,0.00577276844589975
15436,0.003033653091514523
15440,0.00740136838684935
15444,0.11577242858763537
15448,0.14115628858341372
15450,0.1398838124856016
15452,0.003072956567920178
15454,1.1813382823432636e-05
15455,0.003947393293906234
15459,0.003462213652228937
15461,0.0035861312568513178
15462,0.05569972179294517
15465,0.022676251855002563
15468,0.030059646132613846
15469,0.01489177281576032
15470,0.0071948986363262945
15471,0.0024721757268364782
15473,0.005773590766570949
15475,0.27098920648372476
15476,0.2088114426592807
15478,0.004914556083519303
15479,0.002915294882983065
15481,0.0020324383640600457
15483,0.2217641362638561
15484,0.018052224324887445
15486,0.02517468046128769
15487,0.0016926017679938282
15489,0.004765674513640612
15490,0.0033025061244386605
15493,0.005850769405346703
15494,0.0031280389318755907
15495,0.04455291979569209
15497,0.03516074325726639
15498,0.004652997339233339
15500,0.04538170482932049
15501,0.003961818696991453
15502,0.0443563848611268
15504,0.026665274292483634
15505,0.013271001964844924
15506,0.017199779235135472
15507,0.006579930112863827
15509,0.02696972985894852
15510,0.014832955654552973
15512,0.13509083534088687
15513,0.009500260369440404
15515,0.03260686015359209
15516,0.041363661906321535
15517,0.005040227108373637
15518,0.009766424205740474
15519,0.02669371656167164
15520,0.006215676192713745
15522,0.004760441430656666
15523,0.0045801823241449074
15524,0.014074783696634697
15525,1.602994537120894e-05
15526,1.0332514024813356e-06
15529,0.03349220210565478
15531,0.0261121520914545
15533,0.004632183519603724
15534,0.003711637835465411
15536,0.0007454737520779886
15537,0.028234533405035584
15539,0.020589813593196928
15540,0.006276124546258894
15542,0.030353420789516007
15543,0.01806503608705346
15544,0.027159309605124943
15546,0.06924103908627664
15548,0.15064511979912515
15550,0.030289784857354753
15554,0.04435943241481634
15556,0.009073593836133374
15559,0.09633809214190865
15560,0.014179275695749047
15562,0.005178945025731126
15564,0.00016424345390142478
15565,0.007016001163490869
15566,0.0028535121404036925
15567,0.040197704701076066
15569,0.04032327211721646
15570,0.0030365495410917174
15575,0.04001404638303557
15576,0.00895220975214551
15577,0.03570225539179869
15578,0.005846621198855539
15579,0.00789083580626922
15580,0.03591597830453685
15581,0.0038402160666371698
15584,0.027241213177565567
15585,0.017827625809950808
15587,0.008183965938857824
15589,0.021264095072197967
15598,0.05994196303392439
15599,0.030059646132613846
15600,0.004318417042125061
15601,0.006483569942866362
15602,0.018392623947697032
15607,0.01425050858507374
15608,0.03221516625549266
15612,0.018330420193833723
15613,0.23948701695507268
15614,0.044496777410693716
15615,0.14720954660100555
15616,0.0023304388406236417
15619,0.04435155341604186
15620,0.007629253192447098
15621,0.006373349215948306
15622,0.02621229235843168
15624,0.132935190896259
15625,0.004272642330220965
15626,0.004797298710826784
15627,0.00910608713193677
15630,0.008859150534760897
15632,0.00395854390445932
15633,0.002028577199146786
15636,0.018717439934968473
15637,0.022308102525353504
15638,0.009083495438393896
15639,0.0038018959221061584
15641,0.03949578869813654
15642,0.056844584127204854
15643,0.003224716193033688
15644,0.00887744318361288
15649,0.01085068960359111
15651,0.014353866494146363
15654,0.02750250256767475
15656,0.02852570633845102
15657,0.010309989979798742
15658,0.23873439060052679
15663,0.004666577694107758
15664,0.08042947091389371
15665,2.096433772043754e-05
15666,0.0853921612672267
15667,0.000879418550425845
15672,0.0042743488217920345
15674,0.0017303765578676035
15676,0.006476606913829344
15677,0.0040992837003194565
15678,0.0625701989023545
15682,0.0016177073784481714
15683,0.030059646132613846
15684,0.020977076352185705
15685,0.014231372894643388
15686,0.032519134736722854
15691,0.005258871364852983
15694,0.008451450215641101
15696,0.008947756191279565
15699,0.0004001891331957545
15701,0.02806027936039941
15703,0.061661923275537885
15705,0.02658433533661319
15706,0.01385529612355285
15711,0.007775399959346496
15713,0.012819298332576664
15715,0.10697157339583331
15717,0.0023379123176085516
15718,0.09736947598908663
15719,0.0003202718821152205
15724,0.08958974826739725
15726,0.023798253370725338
15727,0.01503927730524974
15729,0.0007863987897158344
15730,0.017969247198595707
15732,0.01108434812626219
15733,7.26863320074217e-05
15734,0.003036383975966692
15740,0.018052224324887445
15743,0.010139582122909047
15748,0.021670317472732587
15750,0.08437392816715202
15752,2.706316511924418e-05
15754,0.003149547257827096
15755,0.006979002590154403
15756,0.003891871157031737
15761,0.005160926503759491
15762,0.008394197558926737
15763,0.004188339285840952
15764,0.2753728458536898
15765,0.32915221374118525
15768,0.003947459097517957
15769,0.004264731811741234
15771,0.10490313470161726
15772,0.13362579505910827
15776,0.031842481156879494
15777,0.12266168508723847
15782,0.005627891495318846
15785,0.0034684360483866953
15786,0.018052224324887445
15787,0.012938066786144781
15788,0.006735054313959631
15790,0.00747118234767597
15792,0.05094707689595933
15794,0.02338233093558429
15795,0.022266601444077484
15796,0.02195517924276997
15797,0.005348583243520506
15800,0.11063500514893146
15803,0.01622208302651065
15805,0.00845205739337987
15806,0.007980886881437077
15807,0.012386894635634322
15808,0.005643140727136573
15809,0.005913719392526672
15812,0.018743368817546846
15814,0.02581789335184137
15815,0.008929659981757999
15818,0.005030043289008133
15819,0.02572853162795964
15821,0.007782955359556223
15822,0.0020029513494155293
15825,0.031822913886152264
15828,0.046973886615348855
15829,0.060113129642942076
15831,0.013119958373478674
15832,0.0034165406051731026
15833,0.017000407454255097
15834,0.010746460414110464
15835,0.012964800178466233
15836,0.003933659472753989
15837,0.0035583394521318916
15838,0.0040291920255607645
15839,0.01997380993389854
15841,0.11137391014754847
15845,0.008815913041508487
15848,0.0352365917148492
15851,0.007003390727140244
15854,0.017322571997893714
15857,0.004630408489110607
15858,0.004284013513218248
15859,0.17979167012599442
15860,0.019017037373766043
15861,0.025590242128142784
15862,0.020951623566394288
15863,0.01566447812005322
15864,0.030456979913606234
15865,0.0028898901346989816
15867,0.004448262526900234
15869,0.010042449026769823
15871,0.0005382721030972623
15872,0.0035980068220506363
15875,0.003656526808760613
15876,0.006864718438370757
15878,0.01478650119120013
15879,0.04149719984901077
15880,0.07110686769606159
15881,0.0389439534557372
15883,0.14069190759813907
15886,0.13482321413995277
15888,0.03261970494923787
15890,0.019813570179122365
15891,0.0030219722460800963
15892,0.017572188635686894
15894,0.06659633874778838
15897,0.0049446428010432265
15898,0.021037022490054888
15899,0.020006459832953984
15900,0.0012173375877888993
15902,0.013243043631145784
15903,0.017938756332797616
15904,0.004024713137330699
15907,0.006397553207085771
15908,0.012836120578300136
15909,0.005740966951722295
15911,0.03659646806089457
15915,0.0023084706287519424
15916,0.017741831180792835
15917,0.00668926568767021
15920,0.005653184589415435
15922,0.03664199787104109
15923,0.030708569603884777
15924,9.014518503318617e-05
15925,0.03484434873449
15926,0.05625838450105603
15927,0.023250497482117632
15933,0.00044160793507864337
15938,0.015394111795222987
15939,0.005710584051946399
15940,0.057532868281611804
15941,0.029093767374651816
15942,0.007152932875122414
15943,0.003462417114096272
15944,0.013142236230174046
15946,0.03509133414046964
15948,0.018052224324887445
15952,0.018337846970353105
15953,0.0641868491194486
15955,0.037989245490391205
15958,0.007695717304168337
15960,0.007514868217429088
15961,0.004822039249698753
15963,0.032445801711864355
15965,0.005698583564237412
15970,0.0022659473677680824
15971,0.025058475716197952
15972,0.031094989388152743
15973,0.0006450633273396821
15974,0.03226458672240774
15976,0.0028883178352061773
15977,0.00784485084563659
15980,0.010567214415918784
15981,2.1947367224254726e-05
15985,0.004966148592278252
15992,0.061880669626228534
15993,0.004285186066629948
15994,0.00482140106573691
15995,0.0036238143547222736
15997,0.005201043327675421
15999,0.004187153458765624
16003,0.031601406925731476
16005,0.00860650948644772
16006,0.02023659619719238
16009,0.003462368468166183
16012,0.016988076018264738
16015,0.010869154842255802
16016,0.012068404110453628
16017,8.790240631863039e-05
16018,0.005272086837321783
16021,0.0022279232799366513
16022,0.04737795114334442
16023,0.13463792446384487
16024,0.00011233089649987045
16025,0.0018024395071952726
16027,0.015138309118578306
16028,0.022319734599144405
16035,0.08855366070531882
16037,0.00614611991406709
16038,0.007237757148375491
16040,0.034269578423128624
16041,0.0065148258186386735
16042,0.03499165806198748
16046,0.006243360223359948
16047,2.274446755992383e-05
16049,0.0029864344836709714
16053,0.021790485535256005
16054,0.029774890810514074
16055,0.017926202721641294
16056,0.028249003035049368
16057,0.004146555864985919
16058,0.026665274292483634
16059,0.06962591839791157
16060,0.018052224324887445
16064,0.020144293393112522
16065,0.02263571930514956
16066,0.003610280104831676
16067,0.032573093531543064
16068,0.025358668785254734
16070,0.14782796850921395
16072,0.002360778650805164
16075,0.058711805484110556
16076,0.000982181436626697
16077,0.0017737594774207368
16079,0.013262940917094127
16080,0.006609169694090058
16082,0.0006070811754237701
16085,0.12028239618541313
16086,0.0046099228042281734
16088,0.0029373607634993405
16091,0.008069726051485052
16092,0.032963939721655476
16095,0.02927766349261503
16100,0.000529780856934039
16101,0.003030900027037547
16102,0.0038381835295193847
16105,0.01161558430594804
16106,0.010824066963850345
16108,0.006609315710627846
16109,0.02552327912713309
16110,0.004040505922630269
16111,0.0033295360330037643
16113,0.005129575019881986
16114,0.03086071466930788
16116,0.003882806539006848
16117,0.020510101756688198
16124,0.07425034372578389
16125,0.00280511626422805
16126,0.14638611898679682
16128,0.0011093077509601824
16130,0.06038253363751596
16131,0.01797727134432981
16132,0.00043929790655772863
16133,0.002324237842531887
16139,0.00916546901528123
16140,0.0040946345199492865
16144,0.0388822864847572
16146,0.018052224324887445
16152,0.004801413638757047
16154,0.010945460288049028
16155,0.12627256164594708
16158,0.005026737625419253
16159,0.09488283752044933
16160,0.005311160156486091
16161,0.005573876101074977
16162,0.13292239332934733
16164,0.002879634380402718
16165,0.0344627135471469
16170,0.002302322314048343
16171,0.0067234089425716416
16172,0.1602648935941716
16173,0.09920304423712212
16175,0.018052224324887445
16176,0.14115863297174436
16178,0.10152912912399573
16179,0.0002968514365386901
16182,0.09251997274354651
16183,0.007752841330002022
16187,0.00666718739308651
16189,0.004926664113323877
16190,0.0013606529200871442
16194,0.004371803925634403
16196,0.029126998433732985
16200,0.03168039693389835
16203,0.0056701615226374
16204,0.004914595181594852
16205,0.007160655057297372
16206,0.018089832665226582
16207,5.730263829484641e-05
16211,0.03345290788176017
16213,0.005150579765487191
16214,0.02075428091833063
16215,0.006606859219502091
16218,0.00795961507069927
16222,0.0030364396030845135
16224,0.09683758637772473
16227,0.0026413364601731958
16228,0.00223968981102052
16229,0.017387326799892393
16230,0.006326339818996237
16231,0.02850893619598112
16232,0.007684052279057997
16233,0.030905749570023358
16234,0.028752560014797424
16236,0.020169093817839965
16239,0.1043952946350425
16242,0.005162490070322851
16245,0.019794564401491826
16246,4.087673143623222e-08
16247,0.060113129642942076
16249,0.0036049945179867145
16250,0.0030364921936756007
16251,0.02123789449531781
16253,0.011882883424627696
16254,0.00014844743859694924
16255,0.004089694534893274
16257,0.00369287946289132
16259,0.0009820033870246707
16260,8.685146749062118e-08
16262,0.021962466830903474
16264,0.028323750522869295
16265,0.034111184163094894
16268,0.0008186432896440564
16270,0.00793816816885125
16271,0.016439122329830757
16273,0.01871744725579404
16275,0.11310040366331746
16279,0.007415612974639646
16280,0.004438999186861602
16282,0.02161849415978163
16284,0.008622757288662197
16285,0.006813589937479172
16286,0.01487410650941231
16287,0.006212540556398504
16289,0.016401153782139605
16291,0.021399535524753648
16294,0.01220893169839939
16295,0.01927694275463435
16296,0.004272451105198813
16300,0.015927019199226584
16301,0.022155364894770335
16303,0.0033979980948039175
16304,0.0035462756129496804
16305,0.03207298177005204
16306,0.003102884308887047
16307,0.0016604674631050921
16308,0.002844761714778473
16313,0.0033363687167844384
16315,0.00980888815510913
16316,0.10988749251387811
16321,0.03003713977639347
16322,0.0027925680464895727
16324,0.012932423101279136
16326,0.03249985354559851
16329,0.01882184970454722
16331,0.0037105943872188904
16332,0.10066814396343303
16333,0.008507638307654922
16334,0.003715302817634379
16335,0.004093507831749054
16336,0.10010035354183767
16337,0.005249863794205172
16338,0.0030314905701018914
16339,0.009896924772166452
16344,0.0046678173605747015
16345,0.0010531955873700582
16346,0.13347606697014944
16347,0.003576499912907673
16348,0.13203033244358833
16356,0.0013143841909818914
16357,0.020796630984327248
16358,0.0030363693099912264
16360,0.0026653064556487333
16361,0.0690645954616474
16362,0.023352600003818304
16364,0.009258663354055778
16366,0.007732211187491677
16368,0.02832446519165083
16371,0.0025656350648051306
16374,0.008272551247645686
16375,0.013694049465812236
16383,0.059752904952557424
16386,0.01269985089602633
16390,0.0005052937656590963
16393,0.004529647888736705
16395,0.005003169334102167
16396,0.09544663420114952
16398,0.03201505392405055
16400,0.00010761861879015277
16403,0.003411677694477793
16405,0.0037997631943967256
16407,0.0007008418130117652
16408,0.00014780828131814495
16411,0.02140145309909545
16415,0.03366957696169065
16416,0.0035595666006193122
16418,0.03213487835428286
16419,0.09807648227464635
16420,0.006772028227389951
16422,0.007628813059828012
16424,1.6740989717881315e-08
16425,0.01377638858479307
16429,0.14480786574616103
16430,0.04820996978639539
16431,0.002299675815413706
16433,0.009681104621011929
16435,0.01451050266931206
16437,0.0042519481344714324
16438,0.07585403472098927
16439,0.004032747840999475
16443,0.006496151152097067
16448,0.03017565518250621
16449,0.006622235382719786
16450,0.13326193490131596
16451,0.013782192614579795
16453,0.0004784871326663792
16454,0.008962163288122124
16457,9.234879629228553e-05
16458,0.005628961966725871
16460,0.024123053081251643
16461,0.004998964896346747
16462,0.10113498981428108
16463,0.013009311541832705
16468,0.12309474981998528
16471,0.0641500571074311
16472,0.053667973791443585
16473,0.004017962026895316
16475,0.0035960597672162605
16476,0.019882251464291165
16477,0.020239511946581384
16480,0.002420288069652522
16481,0.004374428149748731
16482,0.0004915578466968737
16484,0.0030364559876674586
16485,0.010449656099401987
16494,0.005325503835653592
16498,0.03439401749943339
16501,0.006432416414819776
16502,0.004677898861101069
16503,0.004813738489409983
16506,0.005928603289256057
16508,0.034768358153184915
16510,0.016820037159720535
16511,0.006095805762872726
16515,0.0034663153269789224
16518,0.00032610826515017084
16521,0.006390620069044882
16523,0.00950642605084126
16525,0.029989724337657706
16527,0.015720008725742512
16528,0.004945759964784415
16530,0.00867607752564029
16533,0.02492097985725288
16535,0.1064008682840974
16540,0.03315235439231694
16546,0.005412124101398041
16548,1.696712209548649e-05
16550,0.029634958750619906
16552,0.007195116447126505
16553,0.209541266707103
16555,0.007522979908976168
16556,0.012581313481749196
16557,0.004100760343608064
16558,0.0034622510004788504
16559,7.697901644998377e-05
16560,0.0048824284430317565
16561,0.02492928749126882
16564,1.224054625104791e-07
16567,0.07107932956666825
16568,0.0016626072568793942
16569,0.004767227218068869
16571,0.14787891436960832
16572,0.023126474114322743
16576,0.010086246078341738
16585,0.027111480375321136
16588,0.00019396872001800888
16590,0.003273639993952567
16592,0.011810477932631912
16595,2.519853849180581e-09
16596,0.01330942116351913
16598,0.004500061182186564
16600,0.004053445310532774
16603,0.024412563847064726
16604,0.041323094283009426
16608,0.000977314351822573
16613,0.0029862289960277543
16615,0.03172492872572516
16616,0.11266292625438076
16617,0.18463440174577725
16619,0.0027523509708616382
16621,0.006677263024728791
16623,0.0016446551718154027
16624,0.008478525553131703
16628,0.004392393888073785
16630,0.0037039944164574913
16634,0.003205715446813958
16636,0.013694049465812236
16638,0.0004441979498799008
16639,0.0045966801261023435
16640,0.036375358334778826
16641,0.006424544121964878
16642,0.0034623404559940302
16643,0.08073453983203138
16644,0.003200491684376746
16646,0.0031298060290847664
16647,0.0001127297951312152
16650,0.005230369016484701
16653,0.12090080181182356
16654,0.03848198942391341
16655,0.023897638991929097
16656,0.0035927870242961103
16657,0.003214404205207018
16662,0.0030705213553848935
16663,0.011360535311981742
16665,0.003379933646377578
16666,0.001592752143850421
16667,0.003165233190231452
16670,0.05868003165304156
16672,0.009751619159051504
16677,0.0028715017377325376
16678,0.00335098632105172
16679,0.03461266946490803
16683,0.0009231409307874481
16687,0.012455652222688785
16688,0.0031679939574505976
16689,0.019665118933398396
16691,0.02220858535548601
16693,0.09154554759422875
16695,0.0044039216126626314
16696,0.007525450221021443
16698,0.008949882474892647
16699,0.19980382106224745
16700,0.007999701633236043
16701,0.008378026164956146
16702,0.017060392138292402
16703,0.013945692795301235
16704,0.02333185723028279
16705,0.0206635983891548
16707,6.620296815403673e-07
16708,0.00041049036937553776
16709,0.050991880512720626
16711,0.1397169626433471
16712,0.024476086416412683
16713,0.020821723869494095
16714,0.06932873875043245
16715,0.07239965726656244
16717,0.0031262467042057563
16718,0.009248053870535601
16720,0.05698300284941706
16721,0.0020604394613296427
16724,0.004832888885431453
16728,0.004275708020781809
16729,0.02183785282323006
16732,0.005988183443291286
16737,0.0034587919663727077
16743,0.0017422534179384777
16744,0.0015361798599082945
16745,0.0331578271056708
16746,0.023297630360734668
16747,0.030306153738388953
16748,0.007010583553016768
16749,9.590530770365734e-05
16750,0.011097712523558897
16751,0.003408750762547464
16753,0.00035504920051275605
16755,0.020607128085141698
16758,0.04781645658466285
16759,0.0053945566252762665
16760,0.002158149507800664
16761,0.0029511596032889245
16762,0.005171247037213693
16764,0.0040915648382836576
16765,9.838782131388053e-05
16766,0.0185759297682165
16767,0.0006148129814002154
16769,0.0008948733321063664
16772,0.005145347989476665
16774,0.02382648308873684
16775,0.003358977993898183
16777,0.04669758517401411
16778,0.04457485612452194
16782,0.005054215346523099
16785,0.004822963636172014
16789,0.010601916374962307
16795,0.005673979571539589
16796,0.033701960573677234
16797,0.004890054184652922
16799,0.10365465285487871
16804,0.010184290294726221
16811,0.008282247654415115
16818,0.047689542996529326
16820,0.002699462418422523
16821,0.018522149552794007
16822,0.0007352211209476029
16823,0.0029467162224759624
16825,0.00018674082329161825
16826,0.010398679266437059
16827,0.0001347656342445133
16829,0.023735704831369008
16830,0.00410350321738962
16831,0.026256660791715958
16832,0.03152052011709991
16835,0.004295240920211559
16836,0.002810478657393181
16839,0.01987712980129301
16842,0.015511485626410453
16844,0.04955455198009905
16845,0.0507403396761338
16847,0.036589223101943597
16849,0.03411063037866474
16854,0.0031625948767889356
16855,0.07838465718851431
16857,0.00674183674262076
16861,0.05205022163776862
16863,0.0030365495410917174
16864,0.0036836379065826293
16867,0.040523665917042165
16869,0.03091873124950402
16872,0.016271362101858755
16875,0.002330968127841403
16877,0.013797875331593226
16879,0.0027013434889741634
16880,0.00558761765076372
16881,0.004062217802924043
16885,0.012127534654150288
16886,0.014566240915765293
16887,0.0070823429858372046
16889,0.004563240187799608
16890,0.06038442924208848
16891,0.03725106938604552
16893,0.004836746302192929
16896,0.004664275537596183
16898,0.0013069613879772564
16899,0.03196408196582549
16900,0.006504289268528883
16901,0.11080764619187954
16902,0.011566483268412892
16903,0.009272082553998631
16905,0.12643988534236708
16908,0.011950233259137091
16909,0.0002379727163104317
16910,0.007251008220367094
16911,0.04919448102858356
16912,0.021677549774809526
16913,0.003036383975966692
16914,0.01361923389746355
16917,0.008679795547990764
16918,0.0031553763702322256
16922,0.004646011362981931
16924,0.05822491950763866
16929,0.12117685394799309
16930,0.13719612191092598
16932,0.0039053257186238773
16935,0.022947828698006587
16936,0.0044290343515399205
16937,0.011003751898620863
16938,0.006333420161476849
16939,0.08575231285432094
16941,0.0007620127951779473
16942,0.04219799693092988
16945,0.0025623818904795693
16946,5.923209920527576e-08
16947,0.004989439355358555
16948,0.002701876901403386
16949,0.01803519223514058
16953,0.012846430816703055
16959,0.06982370240038643
16961,0.0026399243894603334
16962,0.0033271759499686224
16965,0.043414323861022376
16966,0.05529484157132056
16967,0.011312960027227426
16969,0.04324998381142742
16970,0.09120433072185317
16974,0.01646569572393309
16976,0.0026240161148712786
16979,0.017530951871062194
16981,0.03132948256854989
16982,0.005175825161485328
16984,0.022403780053559284
16987,0.02871419523758618
16988,0.022692812754414166
16991,0.002384835244474313
16992,0.03403155293123643
16993,0.009734922154555282
16996,0.003602800264035123
16997,0.0018920542519769484
16998,0.22393759783230707
16999,0.002171747490492799
17000,0.01986243249847154
17001,0.05642627721556445
17002,0.0022457650846859152
17003,0.0025975371590210754
17004,0.003036524963495455
17006,0.003611593318031486
17009,0.0009121538384658405
17010,0.054229882576392954
17016,0.03984733583537547
17018,0.004363002141452605
17019,0.13848170357989215
17021,0.003948186813854919
17022,0.005336978683799125
17023,0.01976532670969775
17024,0.00832411364582078
17026,0.032477757374629525
17029,0.014118602634588794
17030,0.005334565746181062
17031,0.032199496259294684
17034,0.0034404388342212195
17039,0.005361952507109295
17040,0.004243741848229162
17044,0.014537407229771251
17050,3.807300041172788e-05
17053,0.0063975109296557035
17055,0.0059104028608378155
17056,0.0031509959163086645
17057,0.003865797076792868
17059,0.0006041164545323924
17068,9.930293356740686e-05
17069,0.021365141937128056
17071,0.00037541358229934243
17075,0.01883538337601382
17080,0.0030364068341830557
17085,0.004392239604261759
17087,0.0029217440006885343
17089,0.09360485795901191
17090,0.0032975131358585906
17091,0.0042351618911538515
17093,0.003372008777048811
17094,0.013287734569292985
17096,0.050494600604134916
17100,0.12465948509920384
17103,0.0034984295749750666
17104,0.015430602426242031
17106,0.003590186793245974
17108,0.3192054716296934
17109,0.003686932591642899
17110,0.018052224324887445
17111,0.019975193626219714
17112,0.0029863712552023595
17119,0.006670769153607839
17121,0.006922160335170979
17122,0.004175037527722591
17123,0.022277132056163353
17124,0.0038283326422271424
17126,0.0038945867876940157
17128,0.02374611466862857
17129,0.01629237246062704
17131,0.002118058703776461
17132,0.026165002021878186
17135,0.004167272450614844
17137,0.005622827185607492
17139,0.02578439131414808
17140,0.00405307857747458
17141,0.009668325060639322
17142,0.0028205549899945393
17144,0.03531376274403058
17146,0.018052224324887445
17147,0.0030364840012757285
17149,0.015433262390651991
17150,0.11150278704002138
17151,0.003572471810363583
17156,0.0034623910599918643
17159,0.05802927601074782
17161,0.0029906272255760535
17163,0.05054810953319117
17164,0.005766463642190574
17167,0.0049149535575754525
17169,0.002287571688574182
17170,0.0218387032644063
17175,0.05628619823864296
17177,0.018052224324887445
17182,0.002996345827954173
17185,0.003881601539779928
17187,0.0008060267355985484
17190,0.0018718292403241818
17192,0.027636543156497554
17193,0.004233299417961132
17194,0.003336788753293751
17197,0.005345668977025548
17200,0.007383149479013929
17201,0.11562930974467259
17202,0.02285820168777816
17204,0.0032941516546747002
17209,0.02221981495352808
17212,0.021761064386810965
17213,0.013958823436626492
17215,0.00016891141752983617
17216,0.004426863035584069
17217,0.0033976042564005486
17220,0.004097228909475453
17221,0.01966241131980124
17223,0.11439254529071069
17224,0.0032678617440662296
17225,0.005361335284473469
17226,0.07552396521630021
17227,0.016967365607894514
17231,0.02434291093247691
17232,0.018052224324887445
17234,0.020875856977004704
17235,0.008719823286342543
17237,0.00420103163704503
17240,5.127580608674128e-06
17241,0.01630027831373653
17242,0.12271800881460411
17243,0.012118148429854076
17246,0.07635380699377477
17247,0.10061825087619727
17248,0.0034083171246197014
17249,0.01939160021492971
17251,0.004989001014181457
17254,0.005136226573564692
17255,0.0030496777786267523
17259,0.04564186390386832
17261,0.0030365724005506846
17262,2.770950141160975e-05
17266,0.007542166940535605
17267,0.0031861280866456857
17269,0.05287345105868817
17272,0.0014651616045289549
17276,0.15847881624393306
17279,0.013694049465812236
17281,0.0027925170430798574
17289,0.033282817625622726
17290,5.392568845021206e-05
17291,0.004675175118238048
17293,0.06256238779433444
17294,0.1562914504591485
17297,0.12417980392263123
17300,0.006330073208909793
17301,0.002963928927104325
17303,0.000990252652273183
17304,0.02070399095036189
17307,0.022899883941731716
17310,0.003976443849448799
17311,0.006340999016380978
17313,0.00340876149975024
17318,0.00323635611022859
17319,0.0030984801749404075
17322,0.0017876111764053482
17324,0.0045405688606795615
17326,0.012780311028035049
17333,0.006666749685716972
17334,0.016911670797144642
17335,0.002619161801573141
17338,0.0031400736173069457
17339,0.00454506046587357
17340,0.09928209244852713
17343,0.15818604250320242
17346,0.004112002919402841
17351,0.0030802547201443623
17353,0.003801738142415361
17354,0.02714406748295622
17356,0.00688739356394687
17357,0.0047961057768729385
17359,0.004089914441723292
17362,0.08286174545645629
17363,0.008730493709488536
17367,0.03595301880364338
17369,0.0030364068341830557
17370,0.009764764765108213
17371,0.041263645961095524
17373,0.0023795134195601867
17375,0.03974096848464004
17377,0.029090344568468308
17379,0.005584210214215041
17380,0.018052224324887445
17381,0.005685004186993612
17382,0.1556524817261959
17383,0.04700880416742531
17384,0.00833743746076513
17386,0.0036473259807585498
17387,0.003223087470616141
17388,0.0067207866308373046
17389,0.005199689038910208
17390,0.17863733933679518
17391,0.00395446694729841
17392,0.012446746315644611
17393,0.008009947906600605
17395,0.006790447363725246
17396,0.0038012424774045033
17399,0.012868023498609398
17400,0.17590528316047524
17401,0.003611664737086784
17402,0.1300705512052356
17404,0.02083228372304803
17408,0.002925489675490682
17417,0.027556223767658674
17420,0.010549570048310544
17421,0.0036926324119055027
17422,0.004309022376020932
17423,0.00292145972383754
17425,0.15844569117465798
17426,0.04462424904699874
17427,0.006611471211893033
17428,0.07371988299996436
17429,0.008463083841645203
17431,0.021715356659624166
17432,0.04567953203747755
17434,0.0018323222713858183
17435,0.013694049465812236
17440,0.0038760172461987873
17443,0.11112552764863769
17444,0.05200834255484949
17446,0.06574117375859714
17450,0.014489744111192884
17453,2.9776978014285415e-08
17454,0.11112540158905986
17456,0.0306656361547114
17457,0.008775601234102934
17461,0.015800401684293225
17464,0.033015662020252676
17465,0.0385910959402479
17470,0.08975130450211788
17472,0.0026778421189085546
17473,0.022224405479704494
17474,0.08709366136319578
17475,0.0038798799160798345
17476,0.14372677860220734
17479,0.002629161823511477
17480,0.0004157545921621582
17483,0.04647747997720085
17485,0.006525867355651532
17486,0.005671674256740552
17488,0.018992272880056706
17493,0.018088257250912666
17501,0.0037043768695618536
17504,0.004070348810370803
17507,0.02078472755778508
17508,0.0006195506545429248
17511,0.01032846929955416
17513,0.049774049600167826
17515,0.003833859901581694
17516,0.022759315774849968
17518,0.039043962125968085
17519,0.04486593398478931
17520,0.008086520543492914
17521,0.01766068341351055
17525,0.005499975861024033
17527,0.006927559747070857
17528,0.1338122466373768
17530,0.008478348787706775
17532,0.012773775952260978
17533,0.02931339154890283
17535,0.018906173677636907
17536,0.009490136315775317
17537,0.09524142016097363
17538,0.003960810970005454
17539,0.010530770647816257
17541,0.0031917176074704435
17542,0.02347714476642184
17544,2.6521033864795483e-07
17546,0.004962599551170738
17548,0.04170238323511225
17549,0.02871004969748519
17551,0.003496884568923239
17552,0.009459892250975512
17553,0.04526014012072768
17555,0.019616216847466672
17556,0.006719092929835764
17562,0.011903055410205261
17566,0.10455463338867846
17567,4.6131538152140285e-05
17571,0.018907748670991206
17573,1.701250397931219e-05
17574,0.011115019397976314
17576,0.003484026147529859
17578,0.007896885823703811
17581,0.004058750902437954
17584,0.005013321484784656
17586,0.00778343358272148
17587,1.4869391412311902e-05
17588,0.030289784857354753
17590,0.0021498826283982203
17591,0.003701837759411576
17592,0.0050455620527040754
17594,0.003317175422688841
17595,0.0009626178963463712
17598,0.0032274389926458093
17599,0.10397373930696306
17601,0.004330500424056398
17602,0.11244329575374247
17603,0.0050619945329835984
17605,0.012637810207323833
17607,0.014929998252117717
17608,0.006185619030834801
17610,0.0038980664999741592
17611,0.009720233194023615
17612,0.0945118734345205
17615,0.06083596841671223
17617,0.13948626004107081
17623,0.004045289975292558
17625,0.00023948290969485556
17627,0.0033800488054496363
17629,0.0028255424126396138
17631,0.027084565325602408
17636,0.020974445660996432
17637,0.004496087693489821
17638,0.02095362782691979
17639,0.0032642060396666553
17640,0.007761855265433837
17642,0.010957625762819116
17643,0.023058537311525313
17647,0.005266093099205269
17648,0.0182827613073087
17654,0.0024656576533361218
17655,0.005077128735196989
17656,0.018052224324887445
17661,0.08436524527459195
17663,0.007068560141345692
17664,0.0037796615916633235
17666,3.052556807943518e-05
17667,0.10710429075551489
17668,0.0074294313063734295
17670,0.010892830663432981
17672,0.01969813170497831
17673,0.003535860740116264
17675,0.004125978993243024
17676,0.006701217185027395
17679,0.010412089636087425
17680,0.00012599674177951383
17681,0.10794440694178199
17682,0.003275546341078127
17683,0.03882439770032134
17684,0.021509733746059294
17686,0.004509745369625091
17687,0.009329288690028855
17688,5.45578025290803e-07
17689,0.02101306701735121
17691,0.0075016978550678645
17692,0.16126756122876781
17693,0.024806971732644442
17697,0.08667926898378954
17701,0.004212286973436491
17703,0.016376114129620836
17704,0.026974791843049805
17706,0.0030305518503722303
17707,0.01905304480946759
17709,0.003592755410124418
17710,0.0029294496487638523
17711,0.0025033996188521222
17712,0.010933220887087721
17713,0.005565896260552409
17716,0.12517457879340727
17718,0.11307336226295693
17720,0.018052224324887445
17721,0.003823894337660922
17723,0.013606338344930809
17724,0.026252206444708655
17726,0.06619690075252946
17730,0.00241523966344893
17731,0.022462082594941393
17739,0.02237381096294505
17740,0.003853522213014302
17742,0.11425764231504588
17743,0.03853112748477839
17744,0.011402380224613892
17746,0.11028629995690135
17747,0.021957719146733105
17749,5.643587532936557e-06
17750,0.003165233190231452
17752,0.0028536404270476908
17754,0.005279376123451505
17755,0.030059646132613846
17756,0.013442970726931121
17757,0.02098209301919247
17761,9.608828500536617e-07
17764,0.1429629058233862
17765,0.07305033101519585
17767,0.008367278320950713
17768,0.02724677310351821
17769,0.1115625866673145
17772,0.015012517788481793
17774,0.002504027839858347
17775,0.002454096793109395
17778,0.017201020660499555
17781,0.010507909436776151
17782,0.0024496534688386953
17786,0.006137287445512992
17788,0.05611057295164451
17792,0.024812684878958643
17797,0.0029233313829953008
17798,0.0009236778018240987
17799,0.01962718672489391
17800,4.347767724627313e-05
17801,0.17258619510519493
17802,0.026603437072350286
17807,0.031006403552903277
17808,0.004433267587898032
17809,0.005970090316749437
17810,0.024929454897570022
17811,0.0028180965744787853
17813,0.04987379660243329
17815,0.008569006685556609
17817,0.008682486902754919
17819,0.003862636113118665
17821,0.14354500385817806
17824,0.009555672655655975
17825,0.0011526868868098855
17828,0.030980296817630974
17830,0.017382952605876367
17832,0.010866244528286733
17834,0.0006706914924220043
17839,0.02662957295389917
17845,0.026394887366326336
17847,0.0038835970269675644
17853,0.002411589818688612
17854,0.023479504026431314
17855,0.0062597681684685
17857,0.009579504180269083
17863,5.3514928477066046e-21
17866,0.041854809025651314
17869,0.0021880317330630577
17872,0.02623050577595835
17873,0.010531397220226306
17876,0.00017717388461148905
17877,0.10456653841644883
17887,0.002586163842525448
17888,0.010782670208870493
17889,0.0057686954992534935
17892,0.05050328681085909
17893,0.0254710352542019
17894,0.06381775977006121
17895,0.006742287366804217
17896,0.018052224324887445
17900,0.014132545292996715
17910,0.004908495051608877
17911,0.004147311268899112
17915,0.048661086483096416
17917,0.004561937237988004
17919,0.0005722170128669204
17920,0.005457541911033222
17921,0.0022468731217212567
17924,8.936127554391634e-05
17925,0.008312485965581297
17926,0.08214087120046362
17927,0.07836294950103995
17928,0.005673979571539589
17931,0.14545469266774877
17932,0.003947522680570219
17933,0.004899125509650283
17934,0.12757200606971522
17940,0.022943443254683497
17941,0.05248552731093318
17942,0.030062123776162304
17949,0.00649905440056568
17950,0.14309997335553346
17951,0.012814133625636987
17952,0.016014611252101723
17955,0.0005810763188218739
17957,0.00526783968090591
17960,1.8662150624803884e-09
17961,0.008419707901032794
17964,0.0012392266897992062
17965,0.007655847830004896
17966,0.0060692841862572235
17969,0.011520435642096868
17970,0.0061907694747875466
17972,0.017012292281584195
17980,0.004115498493724277
17981,0.0034153212016996247
17986,0.00040173028828479
17988,0.02542574863538045
17989,0.02144763056983963
17993,0.10208244336745921
17994,0.0061537185015486185
17995,0.004015121530009081
17996,9.804357172918736e-08
17997,0.017437527403508908
17998,0.0009087921151470707
18000,2.7157617350983886e-05
18001,0.004105006584952176
18002,0.03794224868357631
18004,0.00692527306045741
18007,0.013726803751969326
18008,0.0032714246013471077
18016,0.005295671395623443
18017,0.018052224324887445
18018,0.008581310463816076
18019,4.822732503172918e-05
18023,0.018840218234642117
18027,0.02208092914357024
18028,0.0830185598583335
18031,0.010621017327306059
18034,0.2345862620178855
18035,0.004501061837215902
18036,0.005519890368830206
18037,0.068064146231891
18039,0.01055038577012521
18040,0.028148969728464424
18041,4.070550447483918e-06
18042,0.007604976354729227
18044,0.006965813945097893
18045,0.04000260943146161
18046,0.003502596033431247
18047,0.005160904726533833
18048,0.0030286342758308045
18049,0.013025426211957604
18051,0.003616317452855873
18057,0.04229681242674497
18059,0.026665274292483634
18062,0.0779277143250404
18063,0.00012504961763432128
18064,0.006205638307725353
18069,0.0030365379119042875
18070,0.0036339312842388898
18071,0.0043502233531634805
18074,0.011386180198903308
18077,0.027610486266264098
18078,0.034193876013010334
18081,0.001754946138002017
18082,0.003036465898266548
18085,0.08577014002607192
18090,0.018815763961937494
18093,0.02502324817237705
18094,0.003940244004555888
18095,8.103726700124811e-07
18096,0.0011643734883300366
18097,0.011984816053201165
18098,0.0421134804539315
18101,0.08365375154596158
18102,0.07960667991098876
18103,0.0017794905913089338
18106,0.02043792369636397
18108,0.012854812374956188
18109,0.1497732678609391
18111,0.02140488889053785
18113,0.02600359817275933
18115,0.0003952092097631499
18116,0.006503532415511534
18117,0.02421877987083907
18118,0.002986232319508815
18120,0.03359701551004203
18121,0.022091319950847482
18124,0.05243996570658346
18125,0.007198833146168893
18127,0.0007479896960290205
18130,0.012057909149900431
18131,0.006687379006303457
18133,0.010454478778007445
18134,6.050328269684603e-05
18135,0.0004583970815832406
18136,0.005419663176732136
18138,0.0223015129514897
18139,0.10735658300994043
18141,0.0006321998432183485
18144,0.09029086246053453
18145,0.002957923876163241
18146,0.0015069274825862049
18147,2.9080224403179415e-06
18148,0.005267385273853014
18149,0.00757415982450403
18152,0.00020240113419576583
18153,0.0279971700772241
18156,5.173443129390833e-07
18157,0.012757202639951034
18158,0.04378856860852288
18159,0.015584459168217194
18162,0.005129382511818128
18164,0.00719305857941062
18166,0.006506396642498394
18169,0.0041912670399743375
18172,0.013038442331820608
18174,0.02746323034724723
18175,0.003947488667283578
18176,0.004272777090679669
18177,0.004806159031430506
18178,0.0036420355418547126
18179,0.012028836131499746
18180,0.04649481397489795
18184,0.018044736486814945
18186,0.038957820889286815
18191,0.007772096949877046
18194,0.10025981162456495
18196,0.006128293999339723
18197,0.015007360196978453
18198,0.024482489988182067
18200,0.003491580400115748
18201,0.05860986738035455
18207,0.0035345321429388257
18208,0.055090458887397005
18209,0.0036798197805780657
18212,0.0005594155684671015
18213,0.00769430512075023
18216,0.02160195441680326
18219,0.005456780252175209
18220,0.002348848921714299
18222,0.010280472641334637
18223,0.004922730530779457
18224,0.09092389567967951
18226,0.005053039669399332
18227,0.040041067468614515
18228,0.006053069012228875
18229,0.012544200344425225
18232,0.14330794190762042
18233,0.01989615671104443
18234,0.0030509538891773528
18236,0.024735074457978585
18239,0.0029346652094847012
18240,0.0033288971809943384
18241,0.014290759263791716
18242,0.0036701030406612635
18244,0.004236457080261523
18248,0.009646587330556393
18249,0.023897689411483656
18253,0.005851975944210144
18254,0.008308882508012917
18255,0.004675265516045196
18256,0.029997522461923925
18262,0.014333647583632973
18266,0.005409117790052772
18267,0.147166996710299
18270,0.0007754951929648428
18273,0.1340316903781172
18275,0.003816196092518493
18276,0.004568311110228146
18278,0.02541902852150717
18280,0.288261187350172
18286,0.008647567908426124
18289,0.024482489988182067
18293,0.02518284882415604
18295,0.048465098825471425
18297,0.0037744235853209036
18299,0.0026573380855149705
18301,0.004397574861394505
18302,4.2134840173314974e-05
18303,0.0034051990489875126
18304,0.007305538854464222
18305,0.015222362063259534
18309,0.08089951365679102
18311,0.0021693895413403574
18312,0.0412396777094114
18313,0.0960692806240865
18316,0.0018270374585569664
18319,0.10979464263639103
18320,0.039741474489350864
18321,0.006628418388860183
18322,0.05010072596597809
18328,0.003683596451778501
18330,0.08092889622589576
18331,0.02037415417822638
18334,0.00779062593683837
18337,0.012719450297335738
18340,0.020607128085141698
18343,0.005635619779365125
18344,0.00791409314060184
18346,0.003462239705003003
18347,0.006679662566138044
18348,0.0038249656343929614
18349,0.04582057822135319
18353,0.0010555142932194277
18354,0.08058887085297503
18355,0.0034225345038980653
18356,3.122459142788429e-06
18357,0.027209546752934573
18358,0.002793264954909178
18359,0.0096072882801714
18360,0.08259331556558139
18361,0.014981377938571433
18362,0.022749850660641446
18364,0.0073018026156121425
18365,0.006470086735634335
18366,0.05927496569867203
18367,0.0026396680698046663
18369,0.08104481474476495
18372,0.023352444364320813
18374,0.11723182655685914
18378,0.0035186218351826964
18379,0.02081863293901794
18382,0.006743508766494125
18384,0.12893118521177638
18385,0.025151291856579126
18388,0.005394864989321381
18389,0.05287345105868817
18394,0.034852583772894165
18395,0.08571859902399087
18396,0.004224853346656699
18400,0.00666370781629939
18401,0.0003404761434471328
18402,0.056844584127204854
18406,0.02425454414989746
18408,0.010916460733684965
18409,0.011649840341343596
18411,0.023288165214446967
18412,0.007941370581652334
18414,0.015081725952636136
18415,0.00014009461645328927
18416,0.013330122428029076
18417,0.005927007161406459
18418,0.01522022702319578
18422,0.0045677276448402825
18423,0.009442195326468228
18427,0.043240204745423234
18429,0.0029966568472021777
18430,0.004500066244615793
18432,0.07273013789026188
18433,0.01869790914696462
18434,0.023040883831592043
18435,0.03364898760961265
18438,0.004427017280069926
18439,0.003288583054309599
18440,0.013148423307554733
18441,0.014827295269947563
18442,0.00134061351314671
18447,0.12706386585009716
18448,0.003100228690723102
18452,0.09180734705837272
18456,0.004458076871912068
18458,0.06327879962015177
18459,0.13227550673422558
18461,0.016356512908840787
18463,2.660375655726247e-06
18464,0.0037509108067611046
18469,5.260622268409296e-08
18470,0.026391524063363307
18471,0.02231770276158663
18476,2.608429549592055e-06
18477,0.023503353449741977
18483,0.08138811127922606
18484,0.004341077344287209
18487,0.026195319298612692
18489,0.08871581435234781
18493,0.06634420043197209
18494,0.002867894961330739
18495,0.010135194917771083
18500,0.11239575534824374
18502,0.024117551725999376
18505,0.028745225145547094
18507,0.009598700614338328
18509,0.00887710621484545
18511,0.004668754003836866
18515,0.030441447775199044
18516,0.013493403607668063
18517,0.00356240846402535
18518,0.028626572310782066
18520,0.019394557401789764
18526,0.06688294152374734
18529,0.005674417546732606
18530,0.006654866740317732
18531,0.008009759966407506
18532,0.0036681679042787838
18533,0.005245570917679913
18535,0.00805653697685091
18537,0.009708596070902359
18538,0.002488925580927409
18542,0.0026465629366275983
18543,0.016273704438929743
18546,0.0021865378190592064
18547,0.023462498627104547
18548,0.0026672545067135682
18549,0.005057928637930768
18550,0.004499892151201039
18551,0.05593014164832816
18553,0.011808622508503822
18556,0.014529075534062926
18557,0.004802354324005969
18559,0.008395728120382575
18560,0.007676651355495312
18562,0.0036518259301266437
18565,0.04034312683907766
18566,0.003046897429345752
18568,0.11019741016269125
18569,0.049567365286701116
18570,0.04488905696762233
18571,0.0020392571113374766
18576,0.004697870343701841
18580,0.009273286655790636
18584,0.0015418295715554221
18587,0.11074066658996888
18588,0.012607183624826738
18591,0.0027332793295933543
18592,0.019821393320810763
18594,0.20129014680239843
18595,0.006244644224958564
18597,0.02602241768036937
18599,0.014196142776766884
18600,0.02006326286738471
18602,0.0037129784814037225
18603,0.0036303426142590633
18605,0.11623832800959526
18609,0.019175846842867467
18610,2.520197200607144e-09
18612,0.0026041220473861817
18613,0.0005956243674008879
18615,0.002982861279254308
18622,0.00227350642725781
18623,0.030289225945213844
18624,0.006764349244970405
18625,0.017108416285633275
18626,0.02383540964271316
18628,0.09601500229686397
18629,0.34701157495018
18630,0.034285224168172666
18632,0.0030205708602003213
18633,0.0031664728560575383
18634,0.004899752682257547
18636,0.008832911956164013
18640,0.13574687813867084
18641,0.03394214247367596
18642,0.0877474170235543
18645,0.03634417011191196
18648,0.08871045460474981
18653,0.008763972354682781
18654,9.925142888072659e-05
18655,0.006251810425597764
18658,0.00547743914579447
18660,0.01885409959174785
18668,0.004749318523092696
18672,0.006111892720324922
18673,0.013038696168161463
18674,0.005308909844719493
18676,0.004033366017613496
18678,0.00857840175965796
18679,0.004190384171736784
18680,0.026179030392859397
18681,0.0021917266689661
18682,0.33442029364004916
18683,0.0035934343276453153
18684,0.0036696237018689366
18686,0.026434845022908597
18689,0.015394145915860396
18691,0.0029964398439376572
18694,0.15148813508507156
18696,0.0034622564208326607
18698,0.011070402241925037
18700,0.011637133561231295
18702,0.005846852231507761
18704,0.03992281040021995
18705,0.022656122388164994
18706,0.016648363193018042
18707,0.07972800630207551
18713,0.07935076186140638
18714,0.025209456338764404
18717,0.015246870416609638
18718,0.005232510133310202
18719,0.06712461909403708
18720,0.037224694174475076
18722,0.005564699356903655
18723,0.026279232687400584
18728,0.0082110859987316
18729,0.00810515689970003
18730,0.0023572289364114036
18734,0.031552441981684595
18736,0.003162594781430336
18738,0.03856445409776312
18739,0.004499858462196837
18740,0.015309168468471537
18741,0.027874248741288646
18742,0.015990520499584226
18746,0.006896189264658197
18748,0.0016699602738347163
18749,0.024413374689115867
18750,0.06077371112615024
18751,0.00294471219842654
18752,0.004010228520889682
18753,0.012045385972538687
18758,0.006178834918284021
18759,0.0029855688998319074
18761,0.10460091301524192
18763,0.11220392945551814
18766,0.01736643761276206
18767,0.00474333446279456
18768,0.00807040473723114
18769,0.014686150084695416
18770,0.029141807894476346
18772,0.010333020101211303
18776,0.0053963919135352634
18778,0.004488049213282548
18783,0.025514233188926694
18785,0.01870620571337925
18791,0.008293147572874264
18792,0.04451760083497927
18793,0.006922839083975623
18795,0.006316887242286475
18798,0.007977969339531018
18800,0.07757013002293385
18802,0.030059646132613846
18803,0.029950827304797503
18804,3.5373273753304335e-05
18805,0.00860057138781249
18806,0.0003203136993184166
18807,0.0803147145524864
18810,0.007523349398596416
18813,0.003924321740832864
18826,0.0034624844361372926
18834,0.019003099599958252
18838,0.020025039370558623
18839,0.12999143987811196
18841,0.0018005166895533507
18842,0.007683315119894197
18843,0.0036237774633157836
18845,0.008925305482944432
18846,0.0030365379119042875
18850,0.0032153815704378383
18854,0.13093134336899398
18855,0.0033484476029844172
18856,0.024841522507938977
18858,0.01070532380667837
18859,3.194023698641504e-12
18860,0.004982770066765838
18862,0.0048710813302858934
18865,0.003108954104421049
18867,0.004993332531723841
18869,0.00014189024743671528
18870,0.05650792641024794
18871,0.004763835788860911
18873,0.0031735536674264773
18874,0.010033888037453646
18883,0.007262359730039841
18887,0.002944438539748224
18888,0.018052224324887445
18889,0.0152450226742541
18890,0.004942724007215421
18892,0.014749023660274144
18893,0.013635763271642518
18894,0.008362891821243343
18895,0.038885390083783625
18897,0.008719286053602343
18899,0.0028114109459367225
18900,0.014534885960669416
18902,0.006261379523267649
18904,0.06641431324933066
18905,0.005262118258968988
18906,0.03636073395550916
18907,0.01861939379178043
18908,0.0069118901815684655
18910,0.035339048170525175
18913,0.012476837637889007
18916,0.011313246773519097
18917,0.0044179507280109435
18918,0.13237696845227542
18920,0.0635530300048216
18922,0.05359785483203422
18923,0.03468299096730677
18925,0.028723548681522645
18927,5.74522695802485e-05
18928,0.003036383975966692
18929,0.005165637162747736
18930,6.581999940707814e-08
18934,0.02479772064120288
18935,0.001643205708819579
18937,0.018101509283640474
18938,0.031040683132666048
18940,0.0033156870118648558
18942,0.10237144314528047
18943,0.11639352652348059
18954,0.018052224324887445
18956,0.013694049465812236
18957,0.10209482474356452
18959,0.028572727451003865
18961,0.07453439814788625
18963,0.01158516280454651
18964,0.00808698437756086
18965,0.002449234792294954
18966,0.13337310878422604
18968,0.029414887653738692
18970,0.004214071334404758
18971,0.0028831650540704704
18973,0.003836052796901516
18976,0.022726090343834902
18979,0.003931067857834825
18980,0.002557106553084741
18981,0.007083927399919149
18984,0.03522083708023346
18985,0.011007583616722353
18988,0.0031584431385835604
18989,0.0015097039779713077
18990,0.04656211075577346
18991,0.008810719291883196
18994,0.016763011044433958
18996,0.18730017991555686
18999,0.0006388800054153064
19000,0.005482659786978896
19002,0.004405212821702251
19006,4.2570991068669596e-05
19007,0.0035191839841230655
19008,0.0030406326059758387
19014,0.08290501658821292
19016,0.017322743868706327
19017,0.019964531173510963
19019,1.7417437457594226e-06
19025,0.00023981085645426056
19030,0.011213210531467985
19031,0.024728959939266566
19032,0.013149497619310148
19033,0.0038846759090587655
19034,0.005169187356624877
19037,0.0034794290282869366
19038,0.006663644983130344
19040,0.018052224324887445
19044,0.1028159102166608
19046,0.005469950572263887
19047,0.018052224324887445
19050,0.0009112184863665729
19051,0.00426372779361455
19052,0.17842433747179937
19053,0.00567439110942208
19054,0.005399121798899226
19056,0.024368649773369753
19057,0.005674135325111783
19059,0.03535116210742366
19060,0.003672340592052011
19062,0.003169413971217585
19070,0.00041559722876815657
19071,0.0029355594605865645
19072,6.203700107808597e-05
19073,0.041972732525194505
19074,0.018051984136222724
19075,0.0114877374140876
19081,0.004516065098229326
19082,0.004093497522159302
19086,0.0037834072345783783
19087,2.503950247900993e-07
19090,0.015238306919634398
19091,0.001828676329282473
19095,0.010698053151899178
19098,0.006453844378456696
19099,0.005674170639008529
19100,0.03137985223159156
19101,0.01325217426015119
19103,0.03578944914579108
19104,0.018052224324887445
19105,0.012745379194954167
19107,0.0034623797640606717
19108,0.007858343435495138
19109,0.034540202322770844
19112,7.626600753867077e-05
19113,0.006450668347791664
19114,0.003462361089193422
19117,3.6262227859907645e-05
19118,0.03031127081695479
19122,0.02815067259677628
19124,3.103446276929037e-06
19127,0.002755300809012937
19130,0.02129733509133999
19132,0.13731410531830185
19133,0.010113526148147036
19136,0.0027149319041685303
19140,0.00869025640993531
19144,0.12679010880897298
19145,0.004046515267567519
19146,0.019104803416181985
19147,0.0036978704825987646
19150,0.0054176770579070525
19151,0.05037317883602467
19152,0.07172571193566375
19154,0.02842851146910089
19155,0.015385479461655872
19156,0.03266740542297572
19163,0.04836668804026831
19166,0.007131094600990066
19170,0.025110114083934213
19173,0.003105345661028752
19174,0.028992920967872166
19175,0.12666289287562998
19176,0.01996560586670422
19178,0.009688690892258676
19179,0.024909575815556535
19182,0.003012757333050715
19184,0.04222724299269998
19186,0.02963426536066831
19188,0.0035906888692928992
19189,0.0041009490957737565
19191,0.006815656301977992
19192,0.002138527591981863
19194,0.0035046128611606444
19196,0.010512533637857592
19198,0.04111757674161982
19199,0.07010860398984972
19200,0.0023650035341926615
19206,0.08658626453762888
19207,0.00996663679981002
19208,0.0029636197637162858
19209,0.02027713488338987
19218,0.0313563399481708
19219,0.004034174511597707
19223,0.0024861885761205045
19229,0.034409056802678084
19230,0.008683950941674025
19231,0.12953057328846518
19234,0.015714560714440183
19239,0.06323857485106045
19240,0.016448915529511096
19242,0.004419295996459013
19243,0.014701876264477729
19248,0.0003082481939197418
19249,0.04800780746636875
19250,0.011002881349905735
19252,0.004031485287672719
19253,0.0005462898282721404
19255,0.04027012858501205
19258,0.004943013737287512
19260,0.018052224324887445
19261,0.003926508269260113
19262,0.0052633230308473675
19263,0.0055139521464348095
19266,7.489115148521735e-05
19268,0.005654243802958008
19273,0.003036474090617737
19278,0.0002456900183743208
19279,0.12418057141640433
19280,0.004801813522143243
19283,0.02258915191387063
19284,0.002435590069816912
19288,0.0038181245829908782
19289,0.011452212934304182
19290,0.0013046547523238193
19294,0.02656840410066327
19295,0.0032698949951674816
19296,0.005415595029321201
19297,0.04390388597004033
19298,0.03060060605917895
19302,0.0038489546272906985
19303,0.008909428505674314
19304,0.03926373680135964
19307,0.01921866940220234
19310,9.356500288018871e-05
19312,0.018344114587598527
19316,0.004721729762303015
19321,0.006955990063804037
19322,0.014835227719965108
19323,0.0027980157563887646
19324,0.0030364723723385373
19325,0.0029906775749808925
19329,0.01039952306329731
19330,0.020452645809707733
19331,0.0024683085968361996
19334,0.017059508055409373
19336,0.003956451070527715
19340,0.1143179576409679
19342,0.08467143256060992
19343,0.003187285853154821
19346,0.007745945479137586
19347,0.028914330778572313
19348,0.04161213054876861
19349,0.13262952287269844
19354,0.0026700628527122454
19355,0.028394530535835478
19356,0.016685026711202217
19358,0.13213136909624731
19359,0.007325261900658809
19362,0.004740023842302057
19363,0.005185519636460524
19365,0.0015094864682962813
19369,0.003025629948027495
19370,0.09889956635586218
19371,0.0005257412485032843
19372,0.0035708894290882665
19375,0.01703104654760633
19376,0.037042289916305544
19379,0.0042002271266297925
19381,0.0036629608700095265
19383,0.005666459809292352
19386,0.06587231498730599
19389,0.00020897718636343554
19391,0.024311174972214536
19392,0.004083739163527049
19393,0.019402727446284917
19394,0.0006041141248782024
19396,0.0006247958379669309
19397,0.004076465552684481
19398,0.14790631558185713
19399,0.0025800566308312183
19400,0.00558556692592571
19401,0.02223605950936494
19402,0.004838103658878671
19404,0.00503105395535151
19405,0.030289784857354753
19406,0.002228895986002804
19408,0.10438567748104238
19409,0.003257214846282089
19413,0.04161127171224068
19414,0.10380041772599975
19415,0.02226224126256
19417,0.010283383566144182
19418,0.0022742553621381703
19419,0.0030338842112843847
19422,0.0033541708116720907
19424,0.022741453445608198
19425,0.0034647022309146824
19426,0.002725860956122456
19431,0.0002809714037822763
19433,0.022245460687950604
19434,0.0076987254953699786
19435,0.027505066395997278
19437,0.014609701515671841
19438,0.019944732110942318
19442,0.03665109313284616
19443,0.006275750497286756
19445,0.00751924390577342
19448,0.003370519353276927
19449,0.003562357028561099
19450,0.019884469607781292
19451,0.002007492810484055
19456,0.08418913454154259
19457,0.006074294466525872
19458,0.005052278077547162
19460,0.022387851054955714
19462,0.0030997428542591755
19463,0.07747193626067118
19464,0.0023682621186827584
19466,0.07562520485420562
19467,0.08864642631929481
19468,0.03629407723619243
19473,0.007815346173681416
19477,0.019128616467022772
19478,0.0031592656978774955
19484,0.05057578326423968
19490,0.004888291560750467
19492,0.033214480153517176
19497,0.40682030854696133
19499,0.005479871623483814
19500,0.002850135744073128
19501,0.004030641383186639
19504,0.0024511752442096424
19508,0.010326429915175371
19513,0.011198930932011618
19516,0.08977856360419345
19517,0.004165790087301971
19519,0.003197145815861889
19521,0.003036377502082604
19522,0.007120781057314897
19524,0.16897002086395968
19525,0.003630398575434635
19526,0.012940170984823758
19527,0.053880001715425174
19534,0.004733788443952348
19535,0.10490313470161726
19538,0.0037057116214138743
19540,1.4593672766272312e-05
19542,0.0026513495953845137
19543,0.00724312982565673
19544,0.1395258526922206
19546,0.00015925092567102653
19548,0.030426366230755706
19549,0.008454763578904064
19552,0.11978177498782647
19553,0.050251888926462165
19554,0.004847804459130346
19556,0.0026271659597473414
19559,0.04196752580454778
19560,0.10424871895157295
19564,0.01738000259167636
19565,0.012843627731351802
19568,0.023104878808613814
19569,0.03623190986985421
19570,0.056853803652473396
19571,0.13097538598917552
19573,3.652459238673542e-05
19575,0.007536961442114481
19576,0.03983019417936353
19578,0.00021955243419907074
19579,0.004808268522791026
19580,0.0491676733209814
19582,0.004959926496562471
19586,0.02111375820105528
19587,0.028307866244407634
19590,0.060694238663843006
19591,0.002273140338664703
19592,0.0004241067988958983
19594,0.010753093993125734
19596,0.006359753311924938
19597,0.02149975893152974
19598,0.017492000727512114
19599,0.002991418013245296
19600,0.04819652297430152
19602,0.005446483546319988
19603,0.08425297603151144
19604,0.04930544044761729
19607,0.0095414432061554
19608,0.03973295363942631
19612,0.02073869621388552
19613,0.02392426755812373
19614,0.0063242837747599775
19616,0.019643938077161558
19618,0.018052224324887445
19621,0.003529986567654575
19622,0.004803431531083546
19623,0.0022842219835272222
19624,0.00754614955981253
19625,0.004782748473329811
19626,0.1668913456772541
19628,0.004129925750677831
19631,0.003246360629204863
19635,0.002161818088625144
19636,0.23835771884149057
19637,0.04137355244521819
19638,0.002946917319584834
19639,0.008160807083803852
19641,0.018052224324887445
19642,0.047346535301643435
19643,0.10218273808946719
19646,0.11072181177262341
19647,0.0054141945952033465
19648,0.012986140679624423
19649,0.00016306777954142726
19650,0.035179249561343114
19652,0.01631458933621979
19653,0.003961074608654982
19657,0.0009859178448290097
19659,0.025674775579144115
19661,0.0034305044216763596
19667,0.007228554377931636
19669,0.07115912254523618
19671,0.0034982296606302227
19673,0.04435155341604186
19677,0.016301957910153878
19678,0.0026298687189238467
19681,0.008633019394077481
19683,0.005479015217318729
19684,0.024429176986361933
19686,0.10636564800510015
19687,0.050799119145829255
19693,0.001413884369608533
19694,0.007970955532731777
19695,0.009608643975300153
19696,0.005280426268581757
19697,3.1598971490369816e-06
19698,0.025333708007200542
19699,9.782541208703438e-05
19701,0.023462498627104547
19703,0.007684052279057997
19704,0.015827837251575282
19705,0.023440792066361522
19707,0.015833820715742228
19708,0.00013460920617239046
19711,0.005183763634689408
19713,0.021625601082828367
19714,0.12379524546272742
19718,0.006864165068128979
19724,0.012281504942272316
19725,0.0012643848431657743
19728,0.005615283293125862
19729,0.004873067499258245
19730,0.002986301786550017
19734,0.004499848919980476
19735,0.003677104436329883
19736,0.003479950622667717
19739,0.037301045714013374
19740,0.08999419941092725
19741,0.018052224324887445
19742,0.004877133358059578
19744,0.08244974461685815
19745,0.0113768789158256
19746,0.02021289996706698
19748,0.015913448800752815
19750,0.2080875923780467
19752,0.008453321552905953
19754,0.06660695153154576
19756,0.00305193046803137
19758,8.144010452290717e-05
19759,0.010879712866295937
19760,0.0219658284207258
19762,0.005639842191912181
19764,3.380842713409188e-06
19765,0.004889793158655144
19768,0.018038851073467338
19772,0.005654121305808094
19773,0.00340534318200008
19774,0.005171699138014293
19775,0.0052848809014093626
19776,0.004092698653058988
19778,0.00288494274663693
19782,0.4024761227850861
19783,0.04090187430800072
19785,0.0027532674124097355
19787,6.548055082767983e-05
19788,0.003456662373879305
19791,0.0048648233907929335
19792,0.0007934067588043763
19794,0.006464460482095196
19798,0.01827520840502899
19801,0.02908842694707252
19803,0.014479786753602947
19806,0.0009200246481121964
19807,0.01264435374699395
19810,0.0008766176227217693
19812,0.024175446508734565
19817,0.013660607835599295
19819,0.018052224324887445
19824,0.016310900617573554
19825,0.011811341282896246
19826,0.025427079021208006
19827,2.419144969269554e-07
19828,0.019271348775845614
19832,0.0036433891237887314
19836,0.019935120600593655
19839,0.004714941811901565
19842,0.05559525047162087
19844,0.002032048491214338
19845,0.025495344493826632
19848,0.03484629054961426
19849,0.018503607234462843
19851,0.016633863529443144
19853,0.013804456353933294
19854,0.023945076322138686
19855,0.028611373633308075
19860,0.01794748989528244
19862,0.003517973575354169
19865,0.022460155821596935
19867,0.00841014625247123
19868,0.003916419518720953
19869,0.010749334219374376
19870,0.020735709555686654
19871,0.0001989074397327164
19873,0.005723931821032695
19874,0.006120670993899253
19875,0.027015515257749128
19876,0.00014858794292917275
19877,0.0076068334003521155
19880,0.0041454259270423295
19881,0.004101179578505154
19886,0.00856274995558242
19887,0.014364755311430156
19892,0.0042545371831423165
19893,0.13100245162071786
19894,0.004296958976740445
19896,0.003345650980422785
19898,0.003986907541529322
19899,0.0038000588890088416
19901,0.008737361341388038
19902,0.010678830307225322
19903,0.028222663739595134
19904,0.007855335753198037
19906,0.0457159164933705
19911,0.011747401070977674
19913,0.011227276054899284
19919,0.004252772429912674
19921,0.025768657976907413
19926,0.002993380190205375
19929,0.041892386147541205
19930,0.019223965605936928
19939,0.023047686594102907
19940,0.003939548371725794
19945,0.06174586291774198
19947,0.006837307375275239
19949,0.0682188436089099
19951,0.01936427215832932
19964,0.0012745460100858418
19965,0.007621752524229681
19967,0.014022341933064949
19968,0.019323839091966815
19969,0.006121958867819986
19970,0.04645485822369723
19971,0.0016459399940624495
19972,0.0037752520243773324
19974,0.004178977047132592
19975,0.0012267793452824954
19976,0.0001770246732587987
19982,0.00013713417040918927
19983,0.0034966744907454174
19985,0.016381570931956774
19989,0.0038795968427911918
19990,0.13148306734141302
19992,0.01107853287828674
19995,0.03464156453233729
19997,0.0035328527213084864
19998,0.0032341274969160394
19999,0.03348306429442683
20000,0.004396447583530695
20001,0.009184476053592964
20002,0.0020387023635489642
20003,0.005635765668874085
20007,0.0032142670376429823
20009,0.00750816844234834
20011,0.0036444783034423832
20013,0.05287345105868817
20014,0.0027494965986650318
20017,0.0038690821421979277
20018,0.0156992875028808
20020,0.014999480258799302
20022,0.003407281297838312
20026,0.01947626312518439
20028,0.003462314402464476
20029,0.11323540417064631
20031,0.001064589865663118
20032,0.010314846634257786
20034,0.0037265815354682276
20038,0.0033712524644645262
20041,0.023256113643744344
20043,0.009069978022362566
20045,0.004518377305409166
20047,0.0902956364705541
20051,0.00977416896551127
20054,0.03023861561046829
20056,0.008492694173852181
20058,0.0879134971632662
20059,0.007191180603499209
20061,0.002937775819078453
20062,0.033572739027714966
20065,0.025610719690651224
20066,0.003987169681750049
20067,0.00016934750760574623
20068,0.013139094330289354
20073,0.02398416339467231
20075,1.2986660520458398e-06
20076,0.0396478062851659
20079,0.003530787299180131
20080,0.13413423718528303
20082,0.125390532073386
20083,0.11052599671449578
20085,0.0642691702965808
20089,0.000884183618536929
20090,0.0034586400813948065
20092,0.014742602594436128
20098,0.033491635132232564
20102,0.006277894181610905
20104,1.5154648092560898e-05
20107,0.004652857761653226
20108,0.036229789891408355
20109,0.004771858418487153
20110,0.1009270227170754
20113,0.004344717375726665
20114,0.10590670334814813
20120,0.004269108429559401
20122,0.004263215126335278
20123,0.0008129824139813074
20126,0.0001571053207939207
20130,0.020144046163864986
20131,0.0005468525683479728
20136,0.009361810431578974
20137,0.021558581711780864
20138,0.016514782042677877
20140,0.004916902034964722
20142,0.000558660313009661
20143,0.02558842128584951
20144,0.13354285512902053
20145,0.003114008535424496
20146,0.01400957815944979
20147,0.00956842091630765
20149,0.031379350352127154
20152,0.001586708115387919
20153,0.013579838599979263
20155,0.017277915967581395
20156,0.21631791928105382
20157,0.00418842291376211
20158,0.0032464823549895523
20167,0.013523856419336778
20168,0.0705934689671045
20170,0.04129911957341732
20171,0.04861836791135555
20172,0.006358984831280728
20173,0.0036403401309858647
20175,0.005937415623108569
20176,0.02337611193987506
20183,0.062221415500111316
20185,0.08180206572154282
20188,0.0023913239880749807
20189,0.07196206754337206
20190,0.018062315824942898
20191,0.13937495857070537
20192,0.004483185986037224
20199,0.004901482549914496
20201,0.01135501009782945
20202,0.018688399230569266
20205,0.0639913343897954
20206,0.0029898879724531598
20209,0.05165209035686914
20211,0.023262788684364558
20214,0.027860246914956845
20216,0.004265739791035741
20218,0.10687574169819776
20222,0.10490313470161726
20223,0.0004735197630722596
20225,0.01667022710800231
20227,0.010397351755623556
20228,0.11016408230480176
20230,0.006663606240678377
20233,0.02800450011706655
20235,0.13989373638101146
20236,0.1346532594244383
20239,0.00346223232630371
20242,0.04487746516658683
20243,0.1401394839856987
20246,0.007280886122262676
20247,0.006921714732096933
20248,0.026642776388565995
20250,8.891740081528578e-05
20252,0.005236290606243544
20254,0.0033833761260047006
20255,0.0199660203456753
20256,0.013624520276879078
20258,0.009298850115950547
20259,0.024446134163527103
20261,0.007922864637209502
20265,0.003481898401246154
20266,0.0016549869676136771
20268,0.0028021404217664684
20269,0.015743087740898724
20272,3.6869286881176755e-05
20273,0.016349987721423553
20274,0.07260946153123317
20275,0.0071586841800826
20276,0.0037395129416566107
20280,0.027814853589552796
20281,0.0063243373303932685
20282,0.001691077656448662
20285,0.01110291206551604
20287,0.008238605295479876
20291,0.007267180810308585
20292,0.024152296367617312
20299,6.344839890284829e-05
20300,0.00676574401716731
20301,0.003560967237333951
20302,0.011359214355963317
20305,0.023131509153576268
20307,1.1095031591714053e-05
20308,1.6798714546487528e-05
20310,0.02016700555364376
20311,0.027204517782396406
20315,0.01739705024032569
20319,0.014393303555478385
20322,0.0035835212212848256
20326,0.011678690146236502
20327,0.00175722539507695
20328,1.3059597872303126e-05
20329,0.0022503037836157573
20330,0.010064689098703582
20332,0.024512498096807403
20336,0.011614061126258117
20342,0.043894976380203954
20344,0.10166706637547875
20345,0.03829340054137295
20347,0.006039725670803325
20350,5.6788548424088185e-05
20351,0.003920074530236261
20352,0.0031246951744662147
20354,1.3618437255580358e-05
20355,8.719013921794118e-05
20356,0.008504360521723585
20361,0.00546733051836503
20362,0.005568503190277208
20363,0.018876627360249813
20364,0.01612612941867526
20368,0.008742359254396263
20382,0.018264410316212204
20385,0.015507144019689945
20387,0.003462361089193422
20388,0.14075315708514843
20389,0.026728990325282396
20390,8.275177410246733e-05
20394,0.005369243115733489
20396,0.002169062756734185
20397,0.013650051313166562
20400,0.002962954175139293
20404,0.04934359812636459
20405,0.0030773875169713494
20406,0.0003230059619025692
20407,0.046770540257124904
20413,0.0015119445972834294
20415,0.003628916793901951
20417,0.0001708800828784477
20418,0.010753467010976694
20419,0.07593378441653265
20420,0.032720656648850585
20421,4.4771778102089025e-07
20422,0.02637596925654215
20425,0.007982184358885026
20426,0.0024600190094210992
20428,0.02541823931068466
20430,0.04384378127759
20432,0.0029170845418722575
20434,0.0075922124186119325
20435,0.020188845393318836
20436,0.004766699769068775
20437,0.018052224324887445
20439,0.005579460198264576
20442,0.01817984059742513
20445,0.003985803362109465
20447,0.005780728856739035
20448,0.083115868287708
20460,0.004916247557064614
20461,0.010247622864603038
20462,0.0037834213710923356
20464,0.004363102642661137
20466,0.006120970785861931
20469,0.0004029290944298236
20471,0.01945774174713768
20473,0.014148678393714661
20475,0.028903212195813887
20478,0.007769336690023019
20479,0.003947350906475243
20481,0.0387642134798781
20482,0.011231760381592838
20485,0.04161898840519164
20486,0.004285836957383899
20488,0.00629454122496186
20489,0.003084987571446565
20492,0.0034231672858217495
20493,0.012010450490571119
20494,0.0031896528486831488
20495,0.0019856624899541996
20496,0.003372814384030764
20501,0.005636390077652744
20504,0.11989880512544529
20506,0.014555313081222019
20507,0.04771091918812029
20509,0.0027978310726799664
20512,0.0031882381231160303
20513,0.11997815519064177
20514,0.04078203092537361
20515,0.001614302384867607
20517,0.0033990597386683416
20518,0.11673713988087168
20519,0.02149775682958177
20523,0.007651167884147307
20525,0.00531090896311946
20526,0.003573333291225012
20528,0.01415767506381547
20531,0.003893553718972665
20536,0.00956267269082268
20540,0.004020545574974547
20541,0.0034051720247245043
20544,0.003244834582362749
20545,0.027813488608098322
20546,0.01735165425779649
20548,0.005115346289026403
20553,0.007610645005573117
20555,0.005337135626318802
20558,0.026195852661024706
20559,0.02473639906547456
20561,2.326773964866148e-08
20562,0.010932201180857764
20564,0.002976412217115694
20565,0.0033033873887022822
20568,0.02605618329372921
20569,0.006027367858985453
20570,0.024885140094968772
20572,0.006821880166191232
20573,0.12759590920929986
20575,0.005471733548142753
20576,0.005317741538672583
20580,0.004849325918427109
20582,0.003462482477624716
20584,0.003878585757341285
20588,0.014851790382915961
20590,0.010452933560780154
20593,0.013312426799162879
20594,0.003187114619919494
20595,0.00026784749134171567
20596,0.0058529927601782645
20597,0.0015117237479671862
20602,0.017067430213429536
20603,0.010494666766774229
20604,0.08295278811496806
20605,0.007196512565987628
20606,0.022142349602624605
20607,0.023185001367018572
20608,0.019273905948882984
20610,0.0030180668548651208
20612,0.003073016993554039
20613,0.2588910646027153
20620,0.02112071930245269
20622,0.0480410595163275
20626,0.002615772966367218
20627,0.004140431992518896
20628,0.003637056120732601
20629,0.009663462186589467
20633,0.14715583860644707
20635,0.18373077268742835
20637,0.18314941786791697
20638,0.03454221073646068
20639,0.0001663919764146921
20641,0.04670976781814142
20643,0.002467309427667141
20644,0.004531695013079539
20645,0.04271970937188293
20649,0.001601354898557931
20651,0.1258179060301563
20654,0.008041712069771669
20657,0.016874798238250135
20658,0.00037911138702315664
20659,0.09455515002674343
20660,0.04125532328130197
20662,0.02771231514743453
20664,0.01732101164820219
20665,5.9202534405409024e-05
20668,0.12018936676156694
20669,0.10100336654469341
20670,0.018668353514127635
20671,0.003125497808973701
20672,0.004542542881976797
20674,0.003278932399701755
20675,0.003441780366236357
20677,0.038456764008872914
20679,0.014325396233866958
20680,0.0126369333055583
20681,0.00396920130616406
20682,0.019747877443928488
20683,0.006492583495748379
20685,0.025833797260465398
20686,0.01634562558200292
20687,0.005240381600184507
20688,0.04051329827735991
20691,0.023774849280323036
20693,0.003129359743075936
20694,0.024363337128834685
20696,0.0010453632462874706
20698,0.00361897042362866
20699,0.06607334581291555
20702,0.002315209026249926
20704,0.0016088808538676628
20705,0.02361336918112496
20706,0.013236901212932202
20709,0.0037099198240530353
20710,0.007973907911364495
20712,0.0075763562035173265
20713,0.07703227573361349
20714,0.005196988085977703
20715,0.007542726458568623
20716,0.04243717871316371
20718,0.07396064035928543
20719,0.012640894763024614
20721,0.01105616935948218
20722,0.11744726390507254
20725,0.0075975236941923366
20727,2.136674244527909e-08
20728,0.008387470843057998
20729,0.03090503668825495
20732,0.010199798157002046
20734,0.006676453558982791
20735,0.13322618678407325
20736,3.51932618246036e-05
20740,0.05892508811331262
20742,0.003996814666722398
20745,0.006903253538318845
20747,0.006506578171414265
20748,0.01311540560818468
20749,0.0784808436660247
20751,0.003541902045400008
20752,0.004185773940406997
20754,0.032648606078865966
20757,0.015653579629473603
20759,0.011024329939387687
20761,0.02614993419237657
20764,0.004822750717767027
20767,0.007693284169475954
20768,0.0017695058457625386
20770,0.0028411916585092665
20772,0.12320370332943827
20773,0.0014675022400632027
20774,0.1596085932661784
20775,0.023462498627104547
20779,0.002267353351271873
20781,0.007928187422082601
20783,0.004587096838753321
20784,0.0013134628353123111
20785,0.006575141516044397
20789,0.02854994383350316
20791,0.00498616338311109
20794,0.09229121877957829
20796,0.04338766084850483
20798,0.01830315818877814
20801,0.004166806908687757
20802,0.0073651490876794025
20803,0.014086572133906797
20804,0.014560105796448664
20805,0.011209547889408016
20806,0.019850036946384354
20807,0.1444160578071992
20816,0.026786843312699357
20819,0.003098710405462614
20822,0.06636626450753509
20825,0.02452957385551232
20827,0.04763339232341072
20828,0.003993097532610357
20829,0.04595242640084471
20832,0.0008160139359995673
20834,0.03882264985558179
20838,0.006038993661039922
20842,0.010173759141023177
20844,0.10821706043037661
20845,0.018213157909051102
20848,0.00025251212498470627
20849,0.013195531164044571
20852,0.016086880756989004
20854,0.029814100091371542
20857,0.02263304684902524
20860,0.05364364679121029
20863,0.04016787566764242
20864,0.12635846954830787
20865,0.0025839037549983076
20867,0.007398500371549837
20868,0.0008656443480470035
20870,0.007195056861984612
20872,0.010331668888113122
20873,0.00474616519223528
20874,0.0002578945009100813
20875,0.017186239139394367
20876,0.03301237889001549
20879,0.06396866659820052
20880,0.013652287682039589
20882,0.004100756058013867
20883,0.015494251692446899
20886,0.1048845794488382
20887,0.0026947817428904465
20888,0.04511398001661877
20889,0.004894010879001107
20892,0.022146528788761548
20893,0.22354382058342173
20894,0.0018585994744438473
20897,0.021386764098455708
20899,0.025023391414246816
20900,0.0016606010320744334
20901,0.011076421065653704
20902,0.012079428237390867
20903,0.09686639422671792
20906,0.00394458681641451
20907,0.025901673464870323
20910,0.004053257863578886
20911,0.0036430484160063143
20912,0.017479536320066602
20916,0.032247439762018645
20919,0.018072130589621784
20921,0.00935660880015686
20925,0.0015324109657621277
20926,0.00757967918109049
20927,0.005412370048033278
20929,0.005142977904224815
20932,0.005121122006759373
20935,0.03176310135032948
20939,0.017685203183638303
20942,0.010093614055326699
20943,0.09488964291422791
20944,0.022115263499937546
20947,0.013032533335364927
20952,0.019382730258423204
20953,0.005846612230151396
20957,0.0003952092097631499
20959,0.00597547399231768
20960,0.005031050492179961
20962,0.010015929775124645
20964,0.01644966616283031
20972,0.004732172975600641
20974,0.038465608035015475
20977,0.011825784308955195
20980,0.026191929618333654
20983,0.004779959233890615
20984,0.07751380206087453
20986,0.03479533163594822
20987,0.0029280034788535967
20988,0.0019590468855552067
20989,0.006690526464254253
20993,0.004549384078137106
20995,0.041943560743693716
20996,0.035183180017307365
20997,0.003462239705003003
20998,0.002292596169962157
21000,0.005352131151535727
21001,0.023448812936071185
21002,0.003737633268870043
21003,0.02170524675240494
21004,0.03803636326425736
21008,0.014019627880918074
21010,0.006827888505496517
21011,0.024437150899364286
21013,0.004433752719943133
21018,0.0030339441006915287
21021,0.01985831035694883
21024,0.008482829694090619
21026,0.021565420011632617
21028,0.024550156933175204
21032,0.02272251706060655
21035,0.024869780518208522
21036,0.032460603403903
21038,0.0026727013347455975
21039,0.004545852256413306
21041,0.006178196091833789
21044,0.003826800452548654
21045,0.0020412557774579353
21046,0.02747481090115579
21047,0.1287018052279167
21048,0.10382054746941174
21052,0.005379404696845771
21054,0.005586589415128458
21057,0.003311168281348405
21061,0.04317218354195527
21063,0.03789836969637597
21064,0.039555349260198006
21065,0.0037377077095676263
21066,0.06277465934603348
21067,0.0002590242937850406
21070,0.005764547150303137
21072,2.6221492561555828e-05
21074,0.07228109598968303
21075,0.037070387663230155
21076,0.015692399829872996
21077,0.0034052872372718956
21078,0.0173031259637915
21079,0.05782246575952475
21080,0.013140686628314378
21082,0.008201234182909306
21084,0.01295255147440001
21085,0.003947319116199511
21090,0.017567178837612638
21094,0.0036295769955667126
21096,0.04727499787639094
21098,0.10289443205012493
21100,0.0035022566162887683
21103,0.007200652582673897
21104,0.004101135557215062
21106,0.002999746794331494
21108,0.002789487935769173
21109,0.007883674781448104
21111,0.008877224580018597
21113,6.06904782797963e-10
21118,0.0002096338749558251
21120,0.02120204433971459
21121,0.005742092404904574
21122,0.003010016394723334
21125,0.003942774914054057
21127,0.04227154801985708
21129,0.01384493331375803
21131,0.03737582647988736
21136,0.006582127243332339
21139,1.1669644084406092e-06
21141,0.005224985083530326
21143,0.028769210161642064
21144,0.01345548824311083
21145,0.02157378649206586
21146,0.0007775463459436964
21148,0.00034109874796270644
21149,0.0034135288651780927
21151,0.016910866138539652
21152,0.0032935234076320588
21153,0.027965845005554327
21156,0.002498444030795129
21158,0.026651089823399237
21160,0.006479510472092201
21162,0.048370373808620984
21164,0.02078221575332919
21165,0.026665274292483634
21167,0.04898174072142833
21169,0.005454413396374746
21171,0.0037235506249436363
21173,0.009590180740791335
21174,0.12582095236756372
21175,0.006985540364097537
21176,0.004388535459663347
21177,0.01622093248020583
21178,2.3774887366775823e-05
21179,0.01088172636046857
21181,0.11615977460026419
21185,0.0059872456276116185
21186,0.023007671735133534
21187,0.15127939377349106
21188,0.005609839028198986
21191,0.0304818958374238
21192,0.026109549912969557
21193,0.04227962372153142
21194,0.01150110824925549
21197,0.0024383215133958742
21198,0.0026670630565582085
21199,0.00890417923359525
21204,0.0031867139816298086
21205,0.10653133064383252
21206,0.041387424686759836
21210,0.001540876101387754
21214,0.006450280150920024
21218,0.07306229577544229
21219,0.0008758646721833886
21223,5.07834605051286e-06
21224,0.011532573195859252
21225,0.024456167275559056
21227,0.010218989204771598
21229,0.02162665687822222
21234,0.006871678192240378
21235,0.003491910289802431
21240,0.01437304041243767
21246,0.023121676284434556
21248,0.031599454348256895
21251,0.004790297692095503
21252,0.006779622295340498
21253,0.018052224324887445
21255,0.017091375622532975
21257,0.00612983238281119
21259,0.009655510015282143
21260,0.02874650456138721
21265,0.025107893444732944
21267,0.00801479392520185
21268,0.0035075556952838885
21271,0.02634195463545631
21272,0.15306000947847825
21275,0.002571215559014952
21283,0.004153438659276724
21284,0.002017425260652412
21285,0.02589850891274758
21286,0.016220984782650848
21287,6.7883976088714e-05
21288,0.003387043243337636
21289,1.2740750000133137e-05
21290,0.017936844532771112
21291,0.029376374758531325
21296,0.06444020654745085
21297,0.005048696145940146
21300,0.02048928836457477
21301,0.0034624544645333807
21303,0.03159446788180902
21305,0.004400679772742177
21307,0.015744285602594145
21309,0.02326822731507954
21311,0.025037373988525322
21316,0.013318801925629155
21317,0.002111745879845571
21319,0.010535643055665043
21322,0.004829535382132502
21325,0.02279917130218827
21326,0.007100660643461883
21327,0.003091105521435142
21328,0.12293889966946393
21329,0.008791979877817869
21330,0.024826367978232004
21331,0.0917270221776573
21334,0.007380789514488443
21337,0.0816374847021577
21339,0.006588227589821613
21340,0.04450886241073604
21342,0.006782540395984124
21345,2.0466048010671194e-05
21347,0.004597109773331277
21349,0.0030351213197129896
21350,0.0041534473701855005
21352,0.004699448422379401
21355,0.006848359512090626
21356,0.007194589037362737
21357,0.04323167407171384
21363,0.01892834471699954
21364,0.03264575463962909
21366,0.021448858457189877
21367,0.02031761513179327
21369,0.006356250775888894
21370,0.0030676455575272587
21375,0.026630145681681205
21378,0.00011071368010737334
21379,9.023323568778055e-05
21380,0.004981478579251066
21381,0.003689489210221136
21383,0.0500145168320094
21385,9.315538357235574e-06
21386,0.007439274321608348
21387,0.004842685303648749
21392,0.007847593091188917
21394,0.045587825892198376
21395,0.04361947179091898
21397,0.02450146744946667
21398,0.004272182609851014
21399,0.005454892117712576
21401,0.022013439239002223
21402,0.024482489988182067
21403,0.020285752403248175
21404,0.02146174029514996
21405,0.07836071748393825
21406,0.004647660178985484
21409,0.008960926992053081
21410,0.036777221266509987
21411,0.012662126836217204
21414,0.014552454940058595
21416,0.0008238697275691017
21417,0.03919382354137774
21420,0.0026760876959550654
21422,0.12028239618541313
21423,0.04860533653129075
21424,0.015126863234780548
21428,0.02620509295981352
21429,0.019893221566704047
21430,0.010197658169673692
21431,0.018815763961937494
21433,0.027141013030864997
21434,0.10315237715206671
21435,0.003947499264467173
21437,0.0067501938531508016
21446,0.05473936667402659
21451,0.10986172389384416
21453,0.00024508986011354894
21458,0.005791447536746208
21466,0.021904398023635148
21467,0.0036165533250435227
21468,0.06234132403407067
21469,0.018052224324887445
21471,0.008104422393462526
21472,0.07915541356506589
21473,0.024677614734505825
21476,0.03332369308401254
21480,0.021369543538091482
21483,0.03765644454934417
21487,0.12878087584898668
21493,0.011441038222420432
21494,0.008543110435528486
21495,0.13615595887289758
21496,0.0014322117942507436
21497,0.005875801776077201
21498,0.00416514611201556
21499,0.004651488225401861
21505,0.0018592412791003131
21510,0.1298971437890518
21511,0.007549209258895415
21512,0.0023966646588321327
21513,0.018660416296602568
21521,0.00010464265303611275
21523,0.00712698142520409
21525,0.04288558195672114
21528,0.015138979737605683
21530,0.00015701443840172592
21531,0.11151469702374839
21532,0.00520593403990421
21533,0.16427152073620283
21534,0.03923268082076788
21537,0.004106401825101957
21538,0.00019352145770063138
21542,0.014636566769042405
21543,0.002714052266492813
21544,0.008956260851209432
21545,0.002613064862741345
21546,0.004395568619556675
21547,0.002812921074309277
21548,0.016962024846190707
21551,0.014603142594794612
21553,0.058578735233258385
21554,0.013799914078144643
21555,0.0015197055706477885
21556,0.002680517372260903
21557,0.02271618679087437
21558,0.024879817102605714
21560,0.003951696917928254
21561,0.0034614949939314895
21563,0.004820510101196571
21565,0.005112728993149603
21568,0.012411650639483148
21571,0.004499979197070308
21573,0.02554172478837236
21574,0.009346531192497155
21575,0.00943600697053976
21580,0.001899478740873672
21581,0.08621586626378325
21583,0.0004686526776918107
21585,0.011716003569947954
21587,0.00552002053904364
21589,0.027190930730947704
21591,0.003953707220515205
21594,0.08478997824708334
21596,0.005771283734618055
21597,0.004466165754860976
21600,0.007577102136111265
21601,0.07270053875364814
21602,0.004078941888282368
21604,0.013183213080700638
21605,0.0159190673171799
21606,0.021144476411057267
21607,0.0019598641414987983
21608,0.014619445715191108
21609,0.02216098500029126
21611,0.026440475506462724
21612,0.026234353898121746
21615,0.002243379309570361
21616,0.0037476835183299136
21621,0.11746584471786335
21624,0.01656679081261033
21625,0.001663595404251076
21627,0.041301824728431885
21631,0.13642134819220558
21633,0.003100684347974243
21635,0.0879529573250925
21637,0.01345901117673412
21639,0.04435155341604186
21640,0.0027665202400236123
21642,0.0034195043209911662
21643,0.008851752406881866
21644,0.15706848055665196
21645,0.008705519207488922
21646,0.026813341044257834
21647,0.024665533910322307
21649,0.009168415327601459
21650,0.09488340394119976
21652,0.008473389736298133
21655,0.10860387661410496
21656,0.005380909048211772
21661,0.018052224324887445
21662,0.060971385235998654
21665,0.007628414025819242
21667,0.002133605563488432
21670,0.0007145532118301909
21673,0.0040928810811985085
21675,0.003036524963495455
21676,0.061356098495517326
21677,0.14888472164303118
21678,0.0008617871056238236
21681,0.003240690076515922
21686,0.0006394292037707381
21689,0.04435155341604186
21690,0.015336783387160404
21691,0.011784272819395392
21695,0.03144216778265786
21696,0.005634146536780032
21699,0.005037425326503144
21703,0.0009703568198159407
21705,0.006486540761373518
21707,0.04756149853011325
21708,0.012421004936791838
21713,0.007348096825506678
21718,0.020312002752058092
21719,0.006044580680318476
21722,0.0016147886582235297
21723,0.0032770401715319216
21724,0.002304754894631462
21727,0.004374551674271708
21728,0.15337456519920345
21729,0.09883968321984393
21731,0.01616340668044668
21732,0.001880109244668142
21737,0.09807648227464635
21741,0.030005846644601795
21743,1.960891114651185e-06
21744,0.005846621198855539
21745,0.0034763052527160623
21747,0.0189779761917122
21748,0.004809609183533748
21751,0.01426846672412895
21752,0.003033496019221201
21754,0.0224857988886884
21755,0.026934631314566637
21758,0.020963899969856408
21759,0.0048974767297247845
21762,0.04013320990529523
21763,0.010887895290583989
21767,0.0024671087296814134
21768,0.03417462436248552
21771,0.016228730850617896
21772,0.05793003265584908
21773,2.9128525503350873e-05
21774,0.026429804417288788
21775,0.018564659487564555
21777,0.04881638035265071
21778,0.0047035472351929725
21779,0.04726154070704651
21781,0.025284009683893535
21782,0.006539924272768686
21784,0.024886601788142903
21785,0.01977506287812585
21787,0.014893380336450003
21793,0.1566279206791436
21795,0.013994277242086694
21796,0.0038723657986447393
21798,0.0031455821772420696
21802,0.04133746946448322
21803,0.0463123185672558
21804,0.005876444662019143
21805,0.003138492495140519
21807,0.024717784337244118
21810,0.004495490056032042
21819,0.018991136437095726
21821,0.003702229215967303
21825,0.013409835442861697
21829,0.0029203764187741097
21830,0.018142438558288784
21831,0.028238571370355386
21832,0.023683654191642835
21833,0.12947584176546598
21835,0.003382161697044308
21836,0.030698609090119247
21837,0.0029862685117874118
21840,0.0002023450569246618
21841,0.0023181008603412527
21843,0.006340760120216017
21846,0.0006270761435712581
21848,0.027181419295650617
21849,0.007877185824016288
21851,0.014181579293692863
21852,0.11532804983060381
21854,0.09165771541517262
21856,0.0801904856994756
21860,0.0016785068803269873
21865,0.030289784857354753
21866,0.0034622937695423374
21868,0.023639872228532935
21869,0.004196053855552311
21871,0.00478352486901347
21873,0.03909301963347288
21874,0.02423380540963649
21876,0.0038245055135396663
21878,0.0012535734454526915
21879,0.006157418617790333
21881,0.01839348371726365
21882,0.07320944812002576
21883,0.004632940966225808
21884,0.006624224972960922
21889,0.0056744028483719615
21890,0.0032726272334040094
21891,0.0038944516999321567
21892,0.02813278030796509
21894,0.03296030202430479
21895,0.0019495453644032973
21896,0.028693659718540206
21899,0.000887898799891069
21900,0.007185771482136312
21901,0.004929606368768289
21902,0.004935687144846632
21904,0.008042059519164178
21907,0.12301292564915003
21908,0.035355615011701806
21911,0.00837450623237563
21914,0.003373944113629721
21915,0.028316060643609916
21916,0.0035864793167834576
21917,0.09974182395538053
21920,0.018052224324887445
21922,0.026468373405413793
21923,0.012640291886359388
21924,0.055740586984615315
21925,0.007095942939576807
21927,0.0032678249053576473
21928,0.0019487940875288759
21931,0.020201800399764984
21933,0.13499872565052048
21935,0.09547477747903654
21936,0.006675235700705306
21938,0.010454364458418167
21941,0.14494521861907886
21944,0.0035452013117743975
21949,0.005938231430452756
21950,0.0005759578843151053
21951,0.00024456690901944624
21954,0.004955455338803164
21956,0.002356535370011887
21962,0.028925218241504697
21963,0.04525760576678293
21965,0.0028478760572857712
21966,0.004735667416462525
21970,0.0023997291313642487
21972,0.002989019837491599
21974,0.0006040712160055732
21975,0.02787824871236964
21977,0.005962524474823589
21978,0.12550898361158822
21979,0.017480260805305094
21980,0.04683431839987852
21983,0.0029809379045119687
21986,0.002273333350304531
21993,0.00480614950933072
21994,0.038422852361686244
21997,0.04276764239117364
21998,0.0357950512541757
22000,0.14643371098693414
22001,0.02112069104520296
22002,0.006059525923022775
22004,0.005222634243545899
22007,0.11849960998619061
22012,0.0065758727740913
22014,0.02998706344075141
22015,0.010379676789498863
22017,0.04937199774703667
22019,0.040328128129310324
22020,0.16620125329681099
22021,0.13585113784586475
22022,0.00027671153241914557
22023,0.021580452504362038
22024,0.05701315963964234
22026,0.0004465729403158848
22029,0.11162166826330691
22030,0.016483268589037727
22031,0.024482489988182067
22032,0.002943277895575289
22034,0.0037776510691135945
22035,0.0035393908617218778
22041,0.007366059598067003
22042,0.040688447874452395
22043,0.0029803439298737465
22045,0.00407307495621673
22047,0.008412439046211912
22048,0.04415320421110055
22049,0.010304147463630588
22052,0.03777082574874003
22053,0.09272954656854315
22056,0.024156071236550457
22058,0.0075485615042540696
22061,0.06967291429164651
22067,0.005448862123745074
22068,0.01577270260407377
22072,0.035978756819408854
22077,0.00895471920256733
22082,0.0033768486091215275
22084,0.10573402844150415
22088,0.02139753980673257
22091,0.0064376092730731
22096,0.13413647039589469
22097,0.00028602513308928674
22098,0.02098546772103602
22099,0.006320291164844526
22101,0.0486280785825319
22102,0.0030365805931883328
22104,0.004887589345209418
22105,0.001772712380680245
22109,0.03648187046168883
22112,0.05006364428938911
22118,0.09577299550380049
22119,0.004194402423616874
22120,0.018052224324887445
22121,0.0022415830375031635
22122,0.004211053515282177
22123,0.09309657627183772
22126,0.002086039104197119
22127,0.04977044616269782
22128,0.00516408587689516
22134,0.016291505523975118
22136,0.020152836500663063
22138,0.00359904765878038
22139,0.013634390633592904
22140,0.01622735718772166
22142,0.0038447622444405948
22143,0.01855791432585328
22145,0.0204498703018504
22146,0.0016227627609187866
22148,0.005383209294020354
22150,0.007552797249802269
22155,0.010630902611950684
22157,0.002986406192943805
22158,0.08113907102734237
22160,0.00188274979347311
22161,0.005605401430949836
22162,0.01224718782752047
22163,0.04431994455681075
22164,0.02107626244427235
22165,0.007360121173849614
22166,0.0004791431818536768
22167,0.007163430836512226
22168,0.006909972192188394
22169,0.005846852231507761
22170,0.013315969749946668
22176,0.1055306378026259
22178,0.10961910974321565
22179,0.05383160747773032
22180,0.0135494095208408
22181,0.06841755187791775
22183,0.028245910515601432
22184,0.005833032319441948
22186,0.00910383971930131
22187,0.1309561075249084
22193,0.007396916620880615
22195,0.03224704975420293
22196,0.020131591450474995
22197,0.0038692285898877803
22199,0.00990974749239818
22200,0.026291904102740554
22202,0.0038089782857374565
22203,0.003109670089879129
22206,0.024507774386371313
22207,0.004500087861213605
22208,0.00599876416886363
22209,0.060113129642942076
22213,0.004140963774413725
22214,0.010438063023272246
22216,0.0014943101302889322
22217,0.010028833469850725
22218,0.007627286044156461
22219,0.0002020846669517963
22220,0.017581937908481584
22224,0.017366111670812128
22227,0.042328895232721125
22228,2.0752421955263026e-06
22229,0.002532495811521012
22230,0.02915346888203747
22231,0.008102198228283288
22233,0.16922863302388225
22236,0.0031553643383087377
22237,0.004983693098496916
22241,0.11062404656604308
22243,0.0025196526981385984
22244,0.02291386647808442
22246,0.013893548271966184
22247,0.0021048079964764367
22248,0.012688708214210764
22250,0.039922772421386754
22251,0.00708355384447534
22252,0.008726882731864206
22254,0.0034624284101489006
22258,0.023072656569669822
22259,2.411318319409741e-10
22262,0.006659457548002081
22263,0.019127886194028863
22264,0.0031678684839215156
22265,0.00508288365640494
22266,0.09909317854337725
22267,0.009080047091961781
22268,0.14859127748710155
22270,0.004203496975377228
22271,0.07113399117149269
22273,0.012497086642085554
22274,0.06691089067106415
22281,0.06263997305984696
22283,0.10823723293617274
22285,1.1931539756275765e-05
22286,0.13071731469216222
22287,0.010726423769095824
22288,0.02653086489142355
22289,0.08960403924554759
22301,0.0022749467784769317
22303,0.0352024404096345
22305,0.02568638438435277
22306,0.0010640993857929635
22308,0.0007583462526203407
22310,0.07040905132447962
22311,1.7503593854990483e-05
22312,0.01783010859099753
22313,0.023104416274098732
22315,0.14381799241700732
22316,0.06579774304166461
22317,0.0035934187654095636
22318,0.0034624003974934804
22321,0.02970644769731068
22328,0.020971552318328292
22329,0.008298114294000576
22330,0.057012752457012164
22331,0.04977571090197562
22332,0.018497369327420014
22335,0.005069922251327335
22336,0.1316050116823118
22340,0.0038038603394930566
22341,0.020408570647182846
22342,0.003572165706325442
22343,0.019490117236619014
22344,0.024482489988182067
22345,0.04861933628917134
22347,0.003112527854756522
22348,0.023130082427132777
22349,0.003040766073438981
22350,0.11638047830526033
22353,0.01633569949432466
22354,0.004184663854807867
22355,0.009532820388333063
22356,0.1432808263004885
22358,0.0027790797845573018
22359,0.01145978032738888
22361,0.015866402193943172
22362,0.011588975974473002
22363,0.009412827165779477
22365,0.007695116191069666
22367,0.026782721829647783
22370,0.016361343633935068
22372,0.013039638281923878
22375,0.14545990558834007
22377,0.00424511479379727
22378,0.004396236878529719
22380,0.019785654641707496
22381,0.01505364794772702
22382,0.0026027702008791695
22384,0.03151696026219551
22387,0.003036521526880638
22388,0.13566478301459742
22390,0.021055906583694897
22391,0.008810747140766987
22394,0.018052224324887445
22403,0.042325873313709
22404,0.04087924667837075
22406,0.02338307513542831
22407,0.04307376512780222
22412,0.10556851544881013
22413,0.013337802241552421
22415,0.00041957291770389963
22418,0.0015761570016308644
22420,0.024482489988182067
22421,0.01801425527539641
22423,0.004301643633921441
22425,0.004169995303720802
22426,0.029473599480444205
22428,0.022642115977537982
22431,0.007002558666038839
22434,0.0067893197162739016
22436,0.02782466180745726
22440,0.04122588446529532
22446,0.0067853147765610695
22447,0.00016091067354631389
22450,0.006095702402751834
22452,0.006959975755888578
22453,0.0035338876542203622
22454,7.684334448289658e-05
22455,0.0038757640614740844
22456,0.0036709857422719456
22457,0.0041871692876395885
22458,3.3127709463078e-05
22459,0.0183168928838061
22460,0.049433775075287144
22461,0.1515402039050689
22463,0.040475105896962654
22465,0.01456735305606848
22467,0.004449476676430999
22469,0.01571741620557701
22472,0.004265902025699136
22478,0.00011195868080340105
22479,0.015742049260682456
22483,0.017397782697856527
22485,0.005107291180836575
22486,0.0044049136433870675
22487,0.08888332447229089
22490,0.024143414894937633
22493,0.010717687887493183
22494,0.02300833263495235
22497,0.007699364353594057
22498,0.0023151966288604935
22501,0.00810527081060004
22502,0.0047175789966957425
22503,0.008686298156891346
22506,0.01767115255702322
22508,0.2558777416875283
22513,0.003752196134799827
22514,0.008485321355095641
22518,0.006465835452793226
22521,9.507486379986381e-05
22522,0.0603075966450223
22524,0.07944189136821275
22526,0.004314656767835249
22528,0.0015785577751594242
22535,0.0021987927712722416
22536,0.05018925841339919
22537,0.023697154318477357
22541,0.003956001602141868
22542,0.004166701096734443
22543,0.08507920521824766
22544,0.018052224324887445
22545,0.13162195470388513
22546,0.002147751646607385
22547,0.01459918348839725
22548,0.09671597798635724
22550,0.02995738789009838
22552,0.002315209026249926
22554,0.003967248755807542
22556,0.22259974049963652
22557,0.004527540217552407
22559,0.00330691918924219
22560,0.0025342073621262323
22561,0.16003722701086145
22563,0.0017529986563567493
22565,0.023102348650535436
22566,0.006609629804802291
22568,0.01662536928470157
22570,0.13411909087717278
22571,0.008316130756314898
22572,0.006666679885057992
22575,0.002219691751727538
22576,0.003522547198967873
22577,0.05958550534195418
22578,0.09349650155457882
22581,0.004540736846663886
22582,0.0216771206452667
22584,0.008870847426724723
22585,0.006600081440955744
22588,0.00011484824804240356
22591,0.018570586317126513
22592,0.011701196000565644
22593,0.004074315411588708
22594,0.0058478006959837405
22595,0.00449996712343785
22596,0.15025604620464048
22598,0.007963203951805239
22599,0.0012215915567326493
22600,0.0012025840931948729
22602,0.0045671835534122
22603,1.0543850467145447e-05
22607,0.034394501335313105
22611,0.007680745335559197
22613,0.0033887502537306383
22614,0.0051253008615641344
22615,0.08635163759451656
22616,0.0029938960494756647
22617,0.04086599395263729
22618,0.010710331576751296
22619,0.01619247926828593
22620,0.03684816506836155
22621,0.04732341079480238
22623,0.2393637914921186
22624,0.011391506680761962
22626,0.041838322909060595
22627,0.005535495665805632
22628,0.00604172495906304
22632,0.012429818948022536
22633,0.004099921889369952
22635,0.0082989629245771
22637,0.022319734599144405
22638,0.1113810476495614
22640,0.0011605141097609007
22641,0.0002990338859928755
22642,0.0018248789680708204
22643,0.027897355492901708
22647,0.0036167576897516277
22649,0.10812732985566299
22650,0.00417318548225142
22652,0.15379153564650488
22653,0.00346233111865351
22658,0.11384226341390512
22659,0.002891083839591047
22665,0.027440833977278034
22668,0.023053677581914483
22669,0.0031857026350755875
22674,0.0002568431797444659
22676,0.003398953026105736
22677,0.00406604927941455
22678,0.0240293040769283
22681,0.003474759941538535
22686,0.007001065879118712
22688,0.06659633874778838
22689,0.001962983336118786
22691,0.02043334014728772
22692,6.691001163490407e-05
22693,0.010065653657082613
22694,0.14749023489128715
22695,0.04940685062070264
22699,0.0032340748492722697
22700,0.0021916472198750475
22701,0.01408138872526565
22702,0.09965154302604567
22705,0.05964534037547297
22707,0.018052224324887445
22708,0.00427964747228612
22711,0.02100728342719399
22712,0.008219873189471713
22716,0.1058403433157604
22717,0.03203706994464713
22720,0.008273826300093065
22721,0.011259412525014499
22722,0.01321478019034356
22723,0.04714758601486331
22724,0.03232732112334865
22726,0.0037815013303979525
22731,0.03296478432832296
22732,0.01883538337601382
22734,0.019770797975620542
22735,0.058001680128584705
22736,0.02751320214454488
22738,0.00467858635381777
22740,0.002656254189997042
22741,0.004412648851978433
22744,0.024705797140043676
22747,0.00024975223904742037
22748,0.0018932812134329624
22749,0.0033128719182860967
22751,0.11716206871563856
22752,0.0040838486885505666
22754,0.00416514611201556
22756,0.021095384953438316
22758,0.04137246034585017
22759,0.02289744581359096
22760,0.031869257993994766
22762,5.570521560023484e-06
22763,0.20378587685384686
22764,0.017023133814548702
22766,0.009919049904405354
22767,0.006320566865841401
22768,0.009844782084421235
22771,0.0020683993374486236
22773,0.09965154302604567
22775,0.005129478764951613
22776,0.013415207565610779
22784,0.099322894372919
22786,0.0018633103869793806
22789,0.010661860946025606
22790,0.003878320041128762
22792,0.02913841767630509
22794,0.003947522680570219
22799,0.00317278989513006
22800,0.0237540967399626
22805,0.005414938261329153
22806,0.009342778642403097
22809,0.10857705431534673
22810,0.01639389558153213
22817,0.0016201350797163643
22819,0.13877671233886105
22820,0.001319269363857826
22822,3.2257943607867305e-05
22823,0.023997661293563528
22824,0.0016219544476686817
22830,0.003036383975966692
22831,0.0031285802937754195
22838,0.004246305843970834
22840,0.02342901501742494
22843,0.004041115585288219
22846,0.009747778735666216
22847,0.005907489659067697
22848,0.003855209886949409
22849,0.0038248545351428228
22855,0.005571379401578019
22856,0.006528410960120595
22857,0.0032871896105823467
22858,4.866952746948958e-05
22863,0.0344067441502388
22866,0.003998695153115636
22867,0.016187975845675526
22868,0.020138773559152907
22870,0.0033035159862359748
22871,0.009321125988310154
22874,0.0002056533096992075
22875,0.017696162556434542
22878,0.012469985426615695
22884,0.003361294152509542
22891,0.0058701918380520916
22892,0.006505704364318814
22893,0.02094630357700305
22895,0.006341066292282525
22896,0.04376968990254088
22897,0.0039054766196445273
22898,0.008361622527372476
22900,0.003369427221130903
22902,0.0007303084689894228
22903,0.002865934076281994
22904,0.003476558329719484
22905,0.003989929755575804
22906,0.025689237134942172
22909,0.004162263463475746
22910,0.0032195630058539488
22912,0.006386278521454483
22913,0.004074598701368567
22915,0.0018679615875256631
22916,0.004559129504645371
22917,0.0003304418888298525
22919,0.009824262464303924
22925,0.002589214725329381
22928,0.020912190169930237
22930,0.009068323622161645
22932,0.07639019322245996
22933,0.005320041826199252
22934,0.02714406748295622
22936,0.14964265379488018
22939,0.01089845290314369
22941,0.009940830886278219
22944,0.02519441453914382
22946,0.0010610217010921198
22949,0.09840716075629612
22951,0.1104546271934206
22954,0.10720957844927335
22955,0.019399584936593103
22957,0.008733711974601058
22958,0.03712086838324483
22959,0.023475643202085342
22960,0.009537888584085446
22962,0.035287978505137575
22965,0.022715509762895623
22967,0.056467945988674974
22972,0.022536210735444276
22975,0.13292239332934733
22976,0.022319734599144405
22977,0.07710511479481473
22978,0.0013171280114011052
22983,0.003371556272527678
22984,0.04792603324440969
22990,0.00010380035457940811
22994,0.019506924559062534
22996,0.028891988688146512
22998,0.06973096285294618
22999,0.07590349807443822
23003,0.011101699305057054
23004,0.04932216110009847
23005,0.08107716572643149
23008,0.0023107582172849244
23009,0.17307903907318553
23010,0.003758817035805673
23011,0.005068223502317966
23017,0.0004874720166581095
23018,0.020026567639368397
23021,0.0009965023120053979
23023,0.009628145819152634
23024,0.11884298960350724
23025,0.023490587718872732
23027,0.0024110826644029204
23028,0.057534548132045685
23029,0.005658557745694318
23030,0.012361764777353223
23033,0.009148716456692324
23035,0.0030225475246287454
23040,0.0951260252876443
23042,0.000676037768956945
23043,0.004014759472453002
23044,0.007671745246155473
23045,0.0035745089497052317
23047,0.062477110192180205
23052,0.0042116363871687375
23054,0.006490501473636224
23055,0.003535824712170174
23056,0.013415915110379891
23057,0.0004292893419074137
23062,0.008364293816573191
23066,0.005299755168324845
23070,0.0004298720585458521
23074,0.010850006908543786
23075,0.017296627305065367
23076,0.003427108140847706
23079,0.004323415669545339
23080,0.037689057839649695
23081,0.05166427463442866
23082,0.018571354099118843
23083,0.01612045522758821
23085,0.004587966721952741
23086,0.0076699356973332885
23088,0.00021596019742653027
23093,0.002846791167900898
23094,0.05725841966338276
23096,0.017759608238064772
23097,0.0017530039628768424
23098,0.03248765799611002
23100,0.28267690623467934
23104,0.002622822739936999
23106,0.025828674828298114
23113,0.004553433059638089
23114,0.03174377022834122
23116,0.0037281092025025307
23118,0.03629182428554097
23120,0.004987728102911068
23121,0.026310490225753495
23126,0.004008357012685173
23127,0.005353791637333417
23128,0.013594774216168013
23131,0.008113377560209736
23132,0.006395479684947471
23133,0.07073856793234276
23137,0.021504054227911785
23138,0.10432594208219093
23139,0.045844922093892446
23141,0.00675266265751331
23142,0.002273140338664703
23143,0.11578425905151635
23144,0.009719637215495415
23147,0.0714144240549678
23153,0.018052224324887445
23157,0.07739734951282115
23161,0.006603392609343892
23163,0.02151622824444156
23164,0.004212353195966133
23167,0.009008172716874315
23169,4.801472978284463e-06
23171,0.003303948772319649
23173,0.022163140203797376
23175,0.010738652072900994
23177,0.005056180409607941
23178,0.12344715337124548
23179,0.016754770441566667
23183,2.263066764141478e-05
23184,0.025480331405256264
23185,0.008117326273550485
23186,0.013067366778912945
23187,0.005953718439417628
23188,0.0199198591485824
23190,0.018052224324887445
23191,0.003200090853587451
23192,0.046677662679025275
23194,0.018169786793864537
23196,0.00446399902800204
23198,0.1577066443052639
23200,0.012102603751050968
23201,0.08932518520709949
23205,0.049141245823280506
23207,4.8739169462667005e-05
23208,0.005904056897710558
23209,0.004675019435837445
23210,0.003637131958552638
23212,5.557015446225206e-06
23213,0.07046994721711344
23216,0.04177493366964498
23217,0.019657451267776505
23218,0.007459832996371577
23221,0.0293176933809179
23222,0.007645046872599966
23223,0.05357241903195633
23224,0.004796479584644998
23225,0.0038594762890218903
23227,0.03743050768197354
23229,0.0018196316557449006
23234,0.003489938394770201
23238,0.006250585235437603
23240,0.026639904075742158
23246,0.0040359725255476875
23247,0.0033434396332378226
23250,0.1002302709721668
23251,0.0018359314537605565
23253,0.004396632778567642
23254,0.02439003343505641
23255,0.007309478506250085
23256,0.003955181694275549
23257,0.0016959894437961938
23258,0.004293763839273101
23259,0.01739980966744901
23260,0.0033412201985974425
23261,0.0026823084434475
23264,0.008837064931537434
23265,0.0065037131478817714
23266,0.0030363986420127863
23267,0.004116171001280816
23268,0.03772527727884135
23270,0.004822699552945608
23271,0.0038595042281626525
23276,0.1347982542636133
23277,0.0856584732419269
23279,0.004415299651248482
23280,0.004679586821714835
23281,0.015886957269992424
23285,8.982966552775011e-05
23288,0.005386619157091972
23290,3.591734275902247e-05
23291,0.004005240139628681
23292,0.003120706459325565
23293,0.04966025269268596
23294,0.14256428969427298
23297,0.004954188026775438
23299,0.025175645322483647
23300,0.003193096130925708
23303,0.04669374411390898
23304,0.04847106716074585
23306,0.005885565065330197
23308,0.0073106403095845995
23309,0.0030122760331172714
23310,0.02856159673255433
23311,0.02244021206374389
23317,0.15143888704924766
23322,0.0029881987070791713
23323,0.009761523711444623
23324,0.050192776641875214
23325,0.003623929038826408
23326,0.11208787012127344
23331,0.0040036299705678725
23334,0.0025232564842523893
23335,0.03611007830847745
23336,0.06180123111712478
23337,0.004277837486129832
23338,0.003165233190231452
23339,0.0036817721569819334
23341,0.0034053033598860465
23342,2.744618059125853e-11
23343,0.003761240592653808
23344,0.008994753378008058
23346,0.19257992067482974
23347,0.005380223633777199
23348,0.08731618435436263
23351,0.005129478764951613
23355,0.002982904765682018
23356,0.001383651347278432
23358,0.024482489988182067
23361,0.027888705781625864
23362,0.0006112571443575132
23364,0.003980316904789897
23368,0.004078786045893727
23370,0.14965228111515658
23372,0.008834691920272133
23375,0.01083999003017006
23378,0.0002549284653858389
23379,0.0034500797180938327
23382,0.0002588214932983838
23385,0.008111170136440112
23386,0.0032914664435550116
23387,0.055856601706340506
23390,0.03942196818539711
23391,0.0047351821895361265
23393,0.010283137186364652
23394,0.006072759154465493
23398,0.0021122234031483965
23399,0.0024484010465599575
23401,0.018052224324887445
23405,0.019893363676580893
23406,0.0009179385557089444
23408,0.009273464656663063
23410,0.006024990657146803
23413,0.015233495247252194
23414,0.004485032059123277
23415,0.018439557780487018
23418,0.0757873723163627
23420,0.006844361381250837
23422,0.014182306473528446
23425,0.0006172703852345635
23427,0.008144681510836731
23428,7.145613919925512e-06
23429,0.1319705591018294
23430,0.001861225263849624
23432,0.000779954656573561
23433,0.0023152028275469382
23434,0.002970672268139473
23435,0.009303349092111064
23436,0.028610855950500398
23437,0.10488852737971037
23438,0.0037906811689747953
23441,0.0028514157070704173
23443,0.0033022116110197463
23449,0.04002580769955847
23450,0.0578262106644306
23452,0.009442430005719328
23453,0.02660292702230326
23454,0.013029498023286012
23455,0.005016775890904783
23456,0.004095333856205439
23458,0.0055049179092018456
23461,0.013319284216121512
23462,0.002300050310321512
23463,0.018052224324887445
23465,0.10179028127097363
23469,0.012674921709275424
23470,0.0022683203577827534
23472,0.018815763961937494
23478,0.0039669699849486095
23480,0.0001386449865000181
23484,0.00799053994814591
23485,0.00275841158115178
23486,0.004183417380198268
23488,0.08753505292885869
23489,0.0036490901537078436
23492,0.014527100271606275
23493,0.046600977750189974
23494,0.003718291125277266
23495,0.011876975719157717
23496,0.023508800884880172
23497,0.13362717346011935
23500,0.003806482376697076
23501,0.003779808822000771
23502,0.0028096048967584148
23504,0.017097498582576424
23506,0.04138769757561693
23507,0.11502056858094586
23508,0.002747038412162592
23513,0.09946284431030698
23514,0.1424983355952304
23515,0.003036521526880638
23521,0.004521959696866891
23522,0.008673011977796265
23524,0.0036383689568419714
23525,0.02518281350203423
23527,0.006794377212350796
23532,0.0001816384273418353
23536,0.0038107744994108853
23537,0.0021919143875204204
23539,0.14110527491249764
23540,0.0030708044530260246
23541,0.005129616272545074
23542,0.0031273983074312744
23548,0.06878760827464857
23549,0.0076583853728653525
23551,2.585436002049054e-05
23552,0.006633393211596346
23554,0.028494474269373755
23555,0.00036188422647589975
23556,0.0034052782289279958
23559,0.020021304058113445
23560,0.005770167224716328
23561,0.06853338104340687
23563,0.010704784190981679
23564,0.13099813609170122
23570,0.32734538226025195
23571,0.005873368579551718
23574,0.03340004562782707
23575,0.14043434388579654
23577,0.011697984273659999
23580,0.010326241500123007
23584,0.006969591566862309
23586,0.02155839954014578
23588,0.05150789513489567
23592,0.011325254573774774
23593,0.012505760054435069
23594,0.014889652622139884
23595,0.016474423856484538
23596,0.06171135111819349
23598,0.02174216752242569
23601,0.004280628111409666
23603,0.05702458952636898
23604,0.05088939168903715
23608,0.00013279010663789115
23609,0.007904603912152232
23614,0.0003950072135354525
23616,0.017837646884389137
23617,0.0006231013770070997
23620,0.0922245552278341
23622,0.0037365632248637327
23623,0.01259129328494655
23624,0.001175532175032418
23625,0.08731512123925145
23629,0.004396318141126167
23632,0.013041310924424437
23633,0.026548860324369823
23637,0.013425820971307989
23638,0.0030725605165922714
23639,0.04977818434087779
23645,0.1278840027131447
23649,0.0035957720921703114
23650,0.0017484268651839112
23653,0.005877986608400482
23654,0.00236785930916021
23656,0.15446553661339826
23658,0.015995362153145367
23659,0.019549259905329474
23663,0.031342561430993135
23665,0.0034052782289279958
23667,0.00033300320727793067
23671,0.022182359589229803
23675,0.0011188003133656825
23677,0.0027874329766172014
23679,0.0032631870376458798
23680,0.21296493055278848
23681,0.006862252588940488
23682,0.030026942253241058
23683,0.005865540409708529
23685,0.009850279265141447
23686,0.006812848279275218
23687,0.022774418886363296
23690,0.020735793744366036
23692,0.0030331564005694855
23693,0.00872686065078821
23696,0.0030714050298988682
23697,0.0037826878364410027
23698,0.003036467616542098
23700,0.036167321124521486
23701,0.0051486928846695
23702,0.004480041823750233
23703,0.03792992687026027
23704,0.02726874359753964
23705,0.0009941708426949973
23706,0.018381435157002517
23707,0.0960254907569864
23708,0.026708569254091204
23712,0.02178669260522184
23713,0.0034916678951160372
23715,0.005874691384499584
23720,0.0045861093726242185
23721,0.0038922534752716216
23722,0.1234874013702209
23724,0.033406851948617027
23725,0.0028031944224243986
23727,0.0034141588043060597
23728,0.07196206754337206
23729,0.001014680310788787
23731,0.02161559660163508
23735,0.009199660652268583
23740,0.007990426607347905
23742,0.005370286479478992
23743,0.02710238773227416
23745,0.11021248731191165
23746,0.005051456252480515
23748,0.018584590919338943
23750,0.018052224324887445
23751,0.026173136467974305
23755,0.15037605816063693
23759,0.01050859204048393
23760,0.02450869410169932
23761,0.0008805405451017815
23762,0.001795058627907247
23764,0.013300818794490936
23765,0.016900977294320756
23766,0.007662760081402854
23767,0.00023002057699369395
23768,0.05251735373893811
23769,0.007752510265259291
23771,0.07183502747449302
23772,0.01614577590240004
23773,0.08863209291033981
23775,0.04398699870217103
23777,0.009995064715533762
23779,0.005550065433524178
23780,0.04206344001279484
23782,0.0007912421650342433
23783,0.0045288167758255095
23784,0.0038483191554250767
23785,0.005965013111618894
23787,0.021011755276052407
23789,0.02745203142910388
23790,0.0032999122517167463
23791,0.11566778671822403
23792,0.007579764830218589
23794,0.11112540158905986
23799,0.03687652451260397
23800,0.11761820724699379
23803,0.007530858709997495
23804,0.020607128085141698
23805,0.0295067941930553
23809,0.0032386478803788556
23811,0.13632821883586724
23813,1.678620238070842e-05
23814,0.009394396313785481
23816,0.022468618735324793
23818,0.004596775888745943
23821,0.022391793208303847
23822,0.018052224324887445
23827,0.09531692235007412
23829,0.004025823120274106
23831,0.004486822867175521
23833,0.040038797165529195
23834,0.010618130041687079
23839,0.037711503425285335
23840,0.003618280953706806
23843,0.0033869686801844376
23845,0.09199268380066974
23846,0.026665274292483634
23849,0.11904996766953027
23850,0.0675592342519873
23854,0.0047205040828710845
23857,0.025255899736544088
23859,0.011043300237594618
23860,0.00563017028561156
23861,0.004556655274715755
23863,0.0007707211347299412
23867,0.0027324523667347418
23868,0.003519512265008762
23869,0.0026631260569413644
23871,0.09965154302604567
23873,0.011383285141339065
23877,0.01779717107337429
23878,0.029644828284566268
23879,0.0031537214866141695
23881,0.00031684616341692037
23883,0.002997887527571814
23885,0.027328332387760307
23886,0.005621573298042455
23887,0.0034710739813139093
23889,3.960315717430534e-06
23890,0.0007828639313293242
23891,0.04619487169583198
23895,0.003036506860242808
23896,0.14885977470213577
23898,0.10283655125545425
23899,0.015495362850469251
23900,0.01764452691242053
23902,0.020527274051017154
23904,0.002405607332047412
23906,0.004770639307487593
23908,0.010984127989576261
23910,0.038956535660580556
23915,0.0049518152943083754
23917,0.04240666032072374
23918,0.023484774281582257
23922,0.026185188281776624
23924,0.04094841138880525
23926,0.1489450832735736
23929,0.003846498014461807
23934,0.017198565493008286
23936,0.006116355805193793
23941,0.1316052044669508
23942,0.001663815786639243
23944,0.005650736843227193
23945,0.002661703564867306
23947,0.0008499029440152307
23948,0.08736853959256734
23951,1.4127598505713616e-05
23953,0.004666651914923463
23955,0.01058545315648791
23957,0.0025086717020698355
23959,0.0031501348891579263
23962,9.85002688567512e-05
23963,0.0024513086220117747
23966,0.0029095421477765473
23970,0.00936174752888426
23971,0.05097235895142742
23972,0.08427220434092808
23976,0.04271970937188293
23978,0.05068946808919769
23981,0.020607128085141698
23983,2.473062790060979e-07
23984,0.000428825329199098
23985,0.007970515321133926
23986,0.003387432632220318
23988,0.005846689239909649
23990,0.14349707425769095
23991,0.0035658623841682705
23992,0.002020519434585561
23993,0.010093611465527631
23994,0.022412432871511928
23995,0.0011992035701528625
23996,0.004158364164324551
23997,0.02490721877467714
24000,0.025701358477808852
24001,0.07958290452933925
24005,0.012331860771963712
24007,2.8829894845614503e-05
24010,0.10433765203370132
24014,0.13040350565929687
24015,0.010471912693505114
24017,0.014651854586527145
24019,0.0035327337935406526
24020,0.00608569322327423
24022,0.003818054767472142
24023,0.003511420367078897
24025,0.14004804617820557
24026,0.22924052105393844
24027,0.024045036655968494
24028,0.023018979386764993
24030,3.6364896816316584e-09
24033,0.004727141948622891
24034,0.005113043243289872
24036,0.024872935778659597
24039,0.012236169891119152
24040,0.018052224324887445
24043,0.01410962165176632
24044,0.03323905418230358
24047,0.026982557575157773
24048,0.004055751690059366
24052,0.0736526002952713
24054,0.020065298979197933
24056,0.011965533982212902
24058,0.0030363986420127863
24060,0.03236974312188102
24061,0.0034231867746844476
24067,0.001192933558585379
24068,0.0048048233323586655
24072,0.040292157750130855
24073,0.0190422691777642
24075,0.0006747321087710809
24076,0.012666061619551302
24080,0.01628911989001094
24081,0.00805169643841486
24082,0.07680985000341917
24083,0.003354144214704181
24085,0.019353175216374825
24086,0.003462239705003003
24091,0.025226706986050895
24094,0.007738388966224315
24095,0.019820714386315306
24098,0.06804997703816798
24099,0.14116312734913605
24100,0.022395092026580847
24104,0.0869934510970388
24105,0.004963992327011007
24106,0.004039497958787914
24111,0.027782568443881075
24113,0.0056880883378952665
24115,0.03145878694782264
24117,0.1411187756792634
24119,0.02210947355192859
24120,0.003240599021254087
24121,0.004430344091082493
24122,0.0016932695965439222
24127,0.0005674408060909546
24128,0.12646407239670374
24140,0.020235916942721824
24145,0.00015377559617845053
24149,0.004283647336904292
24150,1.1944258613633371e-05
24151,0.0006030090746305621
24153,0.009283585503353214
24155,2.7445095586561556e-06
24156,3.0129679394982716e-20
24157,0.03823168343681061
24158,0.011715809322349866
24159,0.0005026149347573894
24163,0.023341067266551125
24166,0.06659633874778838
24169,0.022180102741447275
24173,0.0007682609041743397
24174,0.007822722906122247
24178,0.0039124310803423995
24180,0.000338651257542812
24183,0.0033657109035832634
24187,0.12028239618541313
24189,0.02483497136694118
24192,0.10389464219077926
24193,0.006585929446452294
24197,0.023855757380089784
24198,0.002478491200107784
24199,0.005522925324766454
24200,0.004214921056486762
24201,0.013469261818810798
24203,0.015063284561066117
24205,0.0030044929060183663
24207,0.014717320534674071
24208,0.007792247458232827
24218,0.007282558878247808
24220,0.007779690986089377
24224,0.006106144186673815
24226,0.007803710697657083
24230,0.00525858429761002
24232,0.028539900466946235
24236,0.01542776720692984
24237,0.02928893715184811
24238,0.12253871910598986
24242,0.004340699000798663
24249,0.008533828706626265
24250,0.001791567277353153
24251,0.0030365478227699573
24255,0.08488031734598261
24256,0.04198658597759065
24258,0.009118778689537461
24263,0.004357903209843938
24264,0.05080273353226667
24265,0.0001576193100276631
24266,0.005129567032827453
24268,0.004182245517718779
24272,0.025457431530444694
24273,0.004404669590379351
24274,0.022309924913431513
24275,0.11170498389277177
24279,0.0007381463758378044
24280,0.019040704038420495
24283,0.014632368945822514
24284,0.005590988765698955
24287,9.65652225413359e-07
24288,0.02574811435279371
24289,0.0037625519653907953
24291,0.090331326572186
24293,0.0006325393855112845
24294,0.05300805096627327
24297,0.0656700074204548
24298,0.0947001204657744
24299,0.006865504715812218
24301,0.050340406973470975
24302,0.13174976109592218
24303,0.06823010212773285
24304,0.023981959544577002
24305,0.003032011010376106
24306,0.0031275440886741417
24308,0.017875683416135896
24309,0.00666377797632459
24310,0.004358440122309437
24311,0.014531846931868219
24313,0.004609893069720702
24315,0.02228856213981702
24316,0.12544990846420603
24318,0.005671527345490504
24319,0.10316777063026344
24323,0.007195116447126505
24325,0.13010657240660956
24326,0.0045684949052542485
24327,0.11826157894561358
24328,0.004873281854124895
24329,0.04792603324440969
24330,0.019621629251760187
24331,0.021718560296095552
24332,0.018052224324887445
24339,0.00420774011117644
24340,0.0023006106751751803
24341,0.01912216097412446
24342,0.02330361885068749
24343,0.0030363856941960123
24344,0.024482489988182067
24345,0.11808666463805766
24349,0.0042095920770554894
24351,0.0030917987426823897
24358,0.014775946658112866
24360,0.0054225357134822716
24363,0.0034338836248904033
24367,0.0019929938895061517
24369,0.13337310878422604
24370,0.007720318938061151
24371,0.03451704643481026
24373,0.004188640790285557
24374,0.005084062262602285
24379,0.007601348333665458
24380,0.0609338216945552
24381,0.010734110611246206
24383,0.003026845702205085
24385,0.014460932947006129
24386,0.020323395060376465
24387,0.007889416847230511
24388,0.22732282053133132
24389,0.025124292101697674
24391,0.12079407002240553
24392,0.024991746467884834
24393,0.002415891327888262
24394,0.004987693329880778
24395,0.06657481435439744
24396,0.013067155241599198
24397,0.003653056687082512
24398,0.15071412286268404
24399,0.005348568839694682
24400,0.07774897564133972
24403,0.029782196163371216
24404,0.11920121772990325
24405,0.018089863822777604
24406,0.00015776451006901032
24407,0.025955666873929396
24409,0.003114273018858167
24411,0.0044644249158833195
24412,0.09252582274536153
24413,0.002872766250326877
24415,0.001958451503224619
24418,0.0025908609932271667
24419,0.0034051952608164624
24422,0.11014861390230914
24423,0.006939961816023052
24424,0.00873466716846017
24425,0.01901533842371181
24428,0.10261059351655684
24429,0.0010742890740068746
24430,0.04216702374533234
24432,0.0006666545364590308
24433,0.0018482705099200473
24434,0.05105335762338273
24436,0.026996011960810477
24437,0.0023402020288531256
24438,0.029244716232381045
24439,0.04125654710811035
24440,0.0012884315820633659
24441,0.0029809029259352817
24443,0.008936103434387764
24444,0.10553722452084861
24446,0.0041879020384278645
24448,0.0031076457186309807
24449,0.033659323815266345
24450,0.0031626807834441023
24451,0.00850831880674137
24457,0.0028512776993808897
24458,0.030289784857354753
24460,0.006457537362853204
24463,0.02142093951320413
24464,0.02283516201097462
24466,0.024949539712792547
24467,0.004315147986560582
24469,0.006494351577401504
24472,0.0013430082829572869
24474,0.02697408761080957
24477,0.002472046933481939
24478,0.007578692418834597
24480,0.04116323693175251
24481,0.007552819106133159
24482,0.10208152041185968
24485,0.01629368099314172
24487,0.016503498171777292
24490,0.005524572698734088
24491,0.026049590808110014
24493,0.06751018735039348
24494,0.004125686283630658
24497,0.0186947720912071
24498,0.00026398493733462825
24500,0.13488213023816947
24502,0.0025133977892813353
24503,0.024482489988182067
24504,0.1377319616867545
24506,0.04204092527016043
24507,0.025899445460681784
24511,0.028807116258750088
24520,0.0038111397675006163
24525,0.005548301445656274
24527,0.04537367312902846
24528,3.743451022702896e-05
24530,0.005365135142476956
24532,0.010892717754991219
24537,4.263460675143497e-05
24538,0.0061676390510346565
24539,0.036578927887697746
24541,0.0058468060242512785
24544,6.176092987651943e-08
24547,0.019770939957913507
24554,0.0037668883469499453
24555,0.02672733299776483
24556,0.051863410646187685
24559,0.00010961248909097559
24563,0.0551269224805559
24565,0.011169554167329938
24566,0.033816596875764694
24568,0.018052224324887445
24571,0.004085764528250001
24575,0.011744540892445926
24576,0.06707775407190188
24577,0.0001622104632263788
24578,0.00568735662648113
24580,0.15165984502840976
24583,0.02252633613581995
24584,0.08271225479326468
24585,0.0006973869832499135
24588,0.002969713592223348
24590,0.004065053017012085
24592,0.140723210997968
24595,0.003194590552053749
24597,0.004624508633427146
24600,0.004425864925914127
24601,0.004528604220684044
24602,0.005234194911013773
24607,0.020448105023485735
24613,0.17327467779175737
24615,0.0004255374395778783
24617,0.02958499006693571
24620,0.01672606073989083
24624,0.04740828123686895
24626,0.006436902156697027
24627,0.025534844225882924
24629,0.007366673468812633
24632,0.01249110786956609
24640,0.01612245823782097
24641,0.005138110246057425
24643,0.07623391533154211
24644,0.0027868603915811676
24646,0.0033169693609928883
24647,0.13509664627058898
24648,0.14819216697639828
24652,1.9518558757653985e-28
24655,0.02714406748295622
24657,0.0030967540092497075
24659,0.004319273054731259
24662,0.036434416457987534
24664,0.002836608585875581
24668,0.03333606351682605
24671,6.848195027231029e-05
24673,0.015174616741344397
24674,0.019149425367005916
24675,0.023059336666100806
24677,0.14311728517691732
24679,0.10157840409446829
24682,0.006959836651014315
24683,0.0004543625446801235
24685,0.004934920494019886
24686,0.018460404378068854
24688,0.056783357003472125
24690,0.016770740441656235
24691,0.008747307219001034
24694,0.09183563738121235
24695,0.10100336654469341
24697,0.02395946601560034
24699,0.010268586095190754
24700,0.004473693920312325
24701,0.004541652277906007
24702,0.0031447349636162343
24703,0.0056742852628496035
24704,0.013134725998780815
24705,0.023826308591844328
24706,0.013774175188471672
24707,0.003852316624005428
24708,0.028409063647520993
24711,0.05454589229218752
24712,0.21728831259072137
24713,0.02392548191233698
24714,0.0036760153299093355
24715,0.01672275956350199
24717,0.005236741907330664
24718,0.019177562149975406
24719,0.13134540737596245
24721,0.08656562983466126
24722,0.0029862560289283502
24723,0.015600907190501844
24726,0.061024293311085755
24727,0.03830867881177824
24729,0.10738830151172615
24732,0.013059693203266755
24733,0.006415538434212201
24734,0.006267696866052532
24735,0.12031656258634135
24737,0.004313851077644965
24739,0.12028239618541313
24744,0.0018079826882134358
24745,0.07088038070962852
24746,0.007024042734991086
24748,0.005151793358707373
24751,0.008866720928810006
24752,0.004515866734394203
24753,0.018052224324887445
24755,0.01082349179041725
24756,3.0037438685379456e-06
24758,0.029324775024236433
24759,0.06614544955744105
24760,0.003036590504192882
24763,0.0030363986420127863
24764,0.020383748714192067
24766,0.13223409595218377
24768,0.02714406748295622
24770,0.004219370074226819
24771,0.01919589334052002
24772,6.69335241588811e-05
24773,0.006655342337592035
24777,0.006579726880363368
24778,0.1063212000625427
24782,6.636680217032429e-05
24785,0.17147317328492018
24792,0.10390066095989708
24793,0.013070358266530958
24798,0.11889325646284495
24799,0.019006091358235718
24800,0.02703050927612121
24802,0.00611180099184122
24803,0.00016791822011055037
24804,0.0038298771524936746
24806,0.018414270891652287
24807,0.004882339031307751
24808,0.002818272955561181
24810,0.014173789448708979
24812,0.005781371996728375
24813,0.018892688794921713
24816,0.0009172891071804148
24817,0.022529644442371207
24819,0.01866673304906955
24822,0.013968183643875077
24826,0.051336485755681546
24828,0.0033734905126288775
24829,0.011533829315257451
24832,0.03889002087274486
24833,0.0034125039462268576
24834,0.0053589767183610465
24835,0.034892360021825164
24839,0.01718132398927334
24841,0.007741750767210134
24844,0.008162764685241877
24845,0.004255132778918414
24846,1.5482249977063522e-06
24847,0.005173239766407177
24848,0.02006537048383725
24849,0.05245924673328757
24850,0.0032394949451380554
24851,0.0037097647918277205
24852,0.005129671276609264
24857,0.005456977283982018
24858,0.14751269785811796
24861,0.028480424043490635
24862,0.0030068183294088826
24863,0.035351227928292754
24865,0.025419557213371174
24867,0.1394817531288061
24869,0.003036377502082604
24871,0.08268286837072686
24873,0.0027207286584854658
24876,0.0019447638089943953
24877,0.10710678501357165
24878,0.0027401362485995734
24879,0.017827410681709108
24880,0.13162820936067027
24881,0.0028108801299660405
24882,0.003639207086522459
24885,0.0030364559876674586
24886,0.006795896435149109
24887,0.02608597356544133
24888,0.025723754942856236
24891,0.005887531502423475
24892,0.003036498667803489
24893,0.00017986858345995442
24896,0.004472919226598598
24897,0.1325693301728518
24898,0.0003246693312281124
24901,0.003217129630395777
24904,0.004094612364947232
24906,0.07803053595033853
24907,0.04547831757738839
24909,0.0035855885288766194
24912,0.03669506283911033
24914,0.04388753788089907
24915,0.011954347980006544
24916,0.003961513729147629
24917,0.03393185702020734
24918,7.146997756912389e-05
24919,1.105960029545645e-22
24921,0.006521135156571041
24928,0.11118053905878189
24930,0.0036395333127983336
24932,0.0041410551648940145
24933,0.008340771410219102
24935,0.2053566544004414
24937,0.13502037065204964
24938,0.004402014086998089
24941,0.011311507366164705
24942,0.00038654299749538704
24945,0.021380519023237204
24946,0.09994353675291336
24948,0.028549127020868117
24950,0.024064688829724477
24953,0.0028522222242801866
24958,0.003659348898264028
24959,0.007471876961148121
24960,0.04459742233172856
24963,0.022049142918129365
24965,0.009645449533978232
24967,0.068052258175585
24968,0.07770186130949296
24971,0.06680792234556997
24974,0.11804099361909522
24975,0.004497392140345609
24976,0.02698542670422567
24978,0.004415761762487148
24981,0.008359831285621627
24982,0.004360957758157218
24983,0.00983613119223237
24988,0.13913600568925558
24990,0.0035361065971140746
24991,0.008402201807014814
24992,0.028668298941527823
24993,0.08819920643301551
24996,0.002031058022804188
24998,0.02958487864290267
24999,0.004546976347858862
25000,0.007645644986334465
25003,0.016755927553256597
25005,0.0032871639954860253
25006,0.013704138374810635
25008,0.013694049465812236
25010,0.014301032660256889
25011,0.01912011195068921
25012,0.0024350432785218814
25014,0.02630141575353236
25016,0.007492315833285358
25017,0.0039763353143246315
25023,0.01994037359226198
25024,0.002272361160146995
25025,0.0022932467738815167
25031,0.02054904922160617
25032,0.03708913815817493
25033,0.0005787378350202454
25035,0.06791306299128723
25038,0.004315168020376225
25039,0.004558670096183079
25040,0.001829024539231003
25042,0.008348770668057922
25044,0.013276212756506698
25045,0.0036492638108474437
25046,0.005635433839046604
25051,0.006752903069975224
25054,1.6224804110766307e-05
25056,0.004009102000464638
25057,0.01988722458538791
25058,0.034543973551331986
25059,0.004476654797408698
25063,0.03468434240781449
25068,2.5383507791628747e-05
25075,0.041191823055710994
25077,4.568254074243887e-05
25087,0.06907847639335285
25089,0.002273333350304531
25091,0.0071833795507864956
25092,0.013197288378504415
25093,0.0353312121100792
25094,0.02004731130344061
25096,0.012786837065814271
25098,0.04738913981767253
25099,0.04185568771261948
25104,0.06675435114811495
25105,0.004401866281013433
25107,0.002988426162242107
25111,0.0035242328204640933
25114,0.019810113720681293
25116,0.008005782145459642
25117,0.0038052422472917135
25121,0.007926618628734847
25122,0.018052224324887445
25123,0.11223139849185777
25129,0.04439014097092404
25131,0.05865153118169464
25132,0.0006500503335920394
25133,0.0030364430396068926
25136,0.0003207511285491386
25137,0.0034480198656179945
25138,0.021427444515242998
25141,0.011738360819586806
25145,0.01081069335342545
25146,0.09798461937181698
25147,0.01654363506711016
25148,0.1119060439442743
25150,0.0031159215042579442
25152,0.049008516040497906
25153,0.015228037353300687
25156,0.11870264913787228
25159,0.006580074009282517
25160,0.004116893162478865
25162,0.04870179685911821
25164,0.005165947789693824
25165,0.0210991444597079
25166,0.08703545789638555
25167,4.246783469232383e-06
25168,0.025853766630307605
25170,0.009487770646144849
25171,0.12109535593885233
25172,0.003040584673008891
25173,0.05999992062848754
25175,0.006484989644493157
25177,0.04303699567110974
25183,0.0026068427581812255
25184,0.003947350906475243
25189,0.11074183591918259
25190,0.007956430903043736
25193,0.032444247485508844
25195,0.01932436585215169
25198,0.0018839795612861057
25200,0.029184227477282162
25204,0.026280694488783077
25208,0.14056806472014768
25216,0.030320883974369255
25217,0.005064248876363509
25218,0.0089574009475154
25219,0.03301509184204366
25220,0.00021712082569584707
25223,0.03909301963347288
25224,0.02547762011919
25227,0.0005907034119451999
25228,0.0032032797354986167
25229,0.015250097720376422
25232,0.03386645174615621
25234,0.021347046809292183
25235,0.015155539399425735
25236,0.0036938211051035334
25238,0.009785788680188952
25241,0.05595696725676485
25242,0.028238188989522607
25243,0.1346630324145787
25244,0.0011927361069293298
25245,0.10668656759300219
25246,0.0031063855171385175
25249,0.030289784857354753
25251,0.046374562082813986
25253,0.004607439112095955
25254,1.713723003048807e-05
25257,0.02768961431734069
25258,0.013242941732521845
25264,0.00042093024394268856
25269,0.042321950130297284
25271,0.09844413366051306
25272,0.006239726834560258
25273,0.15453652016794384
25275,0.004959134091106057
25276,0.004279409716535302
25278,0.00821787207921837
25279,0.011434363428784282
25280,0.02714406748295622
25282,4.238943342556179e-08
25288,0.018052224324887445
25289,0.10494081005260812
25290,0.0879134971632662
25292,0.1309561075249084
25294,0.004395350151220242
25295,0.004582998791954133
25296,0.01617435695458713
25297,0.003213707708400791
25299,0.0051959760466864695
25302,0.016678762887282615
25304,0.15410893565389724
25306,0.00391244152935189
25309,0.011048618626989758
25310,0.018052224324887445
25312,0.0716777380590371
25313,0.08480955372048708
25314,0.004059635523874576
25315,0.0024364593301410926
25316,0.06155825224423435
25318,0.004074616361554103
25321,2.0227590254574133e-10
25322,0.006041532252831355
25323,0.14449203218365825
25325,0.003450115098923025
25328,0.01302673266699012
25329,0.13499872565052048
25331,0.0073643433313940665
25332,0.032530667443401495
25333,0.1028311044538337
25336,0.1253963793523203
25339,0.005237614697695396
25340,0.015124209632839537
25343,0.0058467508484422665
25347,0.021746768379353427
25349,0.006811758708613636
25350,0.017337515218116564
25354,0.0032173250087319492
25355,0.004068121111835152
25359,0.021816407892009775
25360,0.13838202270829097
25362,0.019119561000500326
25366,0.04720214980743826
25369,0.017722386007202936
25377,0.01883111856015205
25378,0.003512146256791783
25379,0.004460027366317909
25381,0.0423236667185264
25382,0.021982966050103424
25383,0.14822853958083276
25384,0.0037703196381799558
25386,0.005847092742260504
25388,0.013034801952904386
25390,0.037160766846222555
25392,0.005855035081050093
25393,0.0004561267974271313
25394,0.004206321740827531
25395,0.08430366242592036
25396,0.13490358734037805
25397,0.008193572287517515
25398,0.005131635123670058
25399,0.005080731050448317
25400,0.00508352303780079
25401,0.0075672916825080365
25402,0.03802409510212882
25404,0.008251114564378515
25405,0.006351768904453248
25407,0.0030352312101354405
25408,0.020679529779544254
25409,0.004512013131543712
25410,0.026924563676526778
25412,5.3416636700647885e-05
25413,0.003988078691481728
25415,0.02985229517146077
25416,0.1106090297401864
25418,0.004640845871344626
25420,0.05315018030411471
25421,0.06233085053964344
25423,0.006145489431561557
25425,0.20737085306500538
25426,0.046472820474416136
25429,0.05016273290424121
25430,0.0047275340473744475
25437,0.002178383865243737
25447,0.004036023022874547
25449,0.018161451867743456
25450,0.00731018631412769
25452,0.021842235778634065
25454,0.05768799829368985
25455,0.02477115587187984
25457,0.0023006045711055946
25458,0.0037464019582169683
25459,0.018052224324887445
25461,0.09131545554200075
25462,0.032918229475316425
25463,0.0051128769977188
25464,0.0030170666842587036
25466,0.049184355135792016
25470,0.0001432730081755981
25472,0.11073914023903793
25475,0.0003315460735411304
25478,0.008041374515297758
25481,0.008495172395260308
25482,0.002993532134529629
25484,0.003988355151479315
25485,0.02805156001724737
25486,0.12878087584898668
25490,0.024343186707130007
25491,0.004050652629853833
25493,0.0030363986420127863
25494,0.009916692647111836
25496,0.009988698777076274
25500,0.023283660322200996
25504,0.006941425344414611
25506,0.003134894038588763
25507,0.026311012150373708
25508,0.13385835062500534
25511,0.06738678872517702
25512,0.0016311832524342027
25514,1.614953570481997e-05
25517,0.01625474908904305
25518,0.06589889177588676
25520,0.025427068536303638
25526,0.004165130285767562
25529,0.08234405502525886
25530,0.023173474403701516
25534,0.023585402642652548
25536,0.0059276449485785735
25537,0.10026713472535764
25538,0.010309960953230791
25539,0.09925327283110878
25541,0.011876136660755703
25542,3.5173022937561454e-05
25543,0.003301550751258472
25544,0.11866768868160436
25545,0.03727884245045491
25548,0.014811777080507411
25550,0.04160974897168075
25551,0.0031556504029658853
25552,0.011804597495428865
25553,0.005869378076162057
25554,0.004687197359730918
25556,6.440776079135077e-10
25560,0.02176952601512079
25563,0.002921940554519911
25564,0.015537316798195937
25567,0.0054560921509771735
25568,0.007012776281544368
25574,0.048565969666973866
25576,0.007226841777516841
25581,0.005034169141965552
25582,0.024472587106561052
25585,0.007312087549172393
25588,0.10063310865242243
25591,0.004516686414799728
25592,0.018052224324887445
25595,0.006757254108438064
25597,0.00449995251868457
25600,0.02619247907428385
25603,0.003947425084776999
25606,0.0008146397720793654
25607,0.030779514380113292
25609,0.2852881765721101
25610,0.002399738664550808
25611,0.002256034789131036
25612,0.009265544991149035
25613,0.0038928401534446943
25614,0.00027153409801675523
25618,0.008673954113553215
25619,0.007150180445198283
25621,0.05825549206451286
25624,0.003754367136910592
25625,0.01721424714188529
25626,0.003931272872685933
25628,0.040884437548077086
25630,0.025254655933612487
25631,0.0030304421288508384
25635,0.01265399329764999
25638,0.0026156609905268044
25642,0.0075609182994649474
25643,0.03962268849678769
25651,0.003405366419255984
25652,0.019854600197051996
25653,0.01081147429317938
25654,0.10702076665953969
25655,0.004160739412240914
25659,0.005714094632169902
25663,0.22816114024513384
25667,0.032037302278226855
25668,0.0944645988720447
25670,0.027784729592196418
25671,0.005133007359666202
25672,0.023901030778594
25675,0.058277802303467345
25679,0.007356607697288024
25680,0.010020661753239577
25686,0.004647513152081951
25690,0.005326495494209922
25692,0.0001500079469460965
25696,0.028030015749737458
25698,0.010077199408551236
25700,0.0332185609067994
25702,0.06728829406569654
25703,0.0064544270910233984
25706,0.01703131066306699
25707,0.0034814338760707185
25709,0.00663553458895484
25712,0.049181301151414156
25713,0.002147523632346752
25716,0.02354773362125335
25718,0.005615554898458633
25721,0.010869610724997442
25722,0.002991649256272927
25725,0.04191522257231456
25726,4.327525446575712e-09
25727,0.018052224324887445
25728,0.023462498627104547
25730,0.0025851365138907785
25732,0.05411149676378957
25733,0.004304037717184963
25734,0.002834157525322657
25739,0.0029849983795713735
25740,0.0002649525691269122
25742,0.02852961617596111
25746,0.036722770169689514
25747,0.00783406609305863
25748,3.605055943978986e-05
25749,0.004109184271225297
25750,0.039490158580203764
25753,0.0010279755558805493
25754,0.003876636840617653
25756,0.0069671724265059735
25757,0.0029844789633704676
25758,0.002997887527571814
25759,0.00443521963327666
25760,0.0004153116378011345
25763,0.006472992728099787
25764,0.004335200851918748
25768,0.01980632709419972
25770,0.013276885070301038
25771,0.010233443729353038
25772,0.04897957398577737
25773,0.05977353291044822
25775,0.0019978959259093474
25778,0.03203144399020951
25780,0.014324640235498886
25782,0.009153990584510033
25783,0.01861846012367068
25784,0.0016691976923206334
25788,0.04350985272774946
25791,0.06623981000471485
25792,0.002518328975872547
25796,0.03500678779816779
25797,0.12171272107653935
25798,0.003076924573565311
25800,0.1160887090061014
25801,0.0032376074186363083
25802,0.004375181388318424
25804,0.006385426592672039
25805,0.031798713412056145
25806,0.0033600232178491963
25809,0.01621606245203726
25811,0.00014934013860503818
25813,0.15574068594900148
25814,0.0031990469889461564
25815,0.005674223511709413
25818,0.003752850470860072
25821,0.0028800789230590176
25823,0.047172739486257824
25824,0.00429795650039728
25826,0.017446659176540556
25827,0.005838138906098944
25828,5.122921983945107e-05
25829,0.019836589766017276
25830,0.021819739612612316
25833,0.022403403066745802
25835,0.003155263972634704
25836,0.030808351473480818
25837,0.002904492731044415
25840,0.0010605808042726526
25842,0.007439993489660391
25843,0.003929943403616924
25844,0.004500066244615793
25845,0.00027234404450891207
25846,0.011169942629128822
25848,0.002446763207308744
25852,0.013202825321138539
25854,0.0193265632109395
25857,0.01357672521901227
25858,0.10305126708661783
25860,0.143073993424158
25861,0.0032452119256162746
25865,0.003557495783438329
25866,0.10529957391579665
25869,0.0034590444169974783
25870,0.006131955312147513
25871,0.14512323434900634
25873,0.016004193172528432
25876,0.0036400145218731987
25882,0.0036839111991548838
25883,0.003652052587413541
25886,0.024462623950216873
25892,0.003891686620112303
25893,0.02181465077851396
25894,7.934070069466975e-05
25895,0.016850542354006896
25896,0.0016840031404737072
25897,0.003462303106782492
25901,0.03507963674841841
25902,0.0065919155354456785
25905,0.0028034612290401247
25906,0.23071056692254382
25907,0.07855970539761678
25908,0.10866266045507032
25909,0.002240490820019889
25910,0.026971932810408297
25912,0.046538162756289796
25913,0.003189599212392689
25914,0.03931047393072641
25915,0.025048664146587643
25916,0.0008590583080344109
25917,0.005958287958984597
25918,0.05490127036245628
25921,0.004331521843916058
25922,0.0029974502820466517
25924,0.00561520456510873
25925,0.010115915616855212
25927,0.0049701313596020305
25932,0.0040168585184620475
25936,0.001242424334485197
25938,0.01362151974689102
25939,0.01287298046312373
25940,0.09284070655923676
25944,0.005784050550741269
25949,0.004777314545972055
25950,0.011623468813395594
25952,0.018052224324887445
25954,0.03552470457697638
25955,0.0003987327337144337
25956,0.02042957897185166
25957,0.002517224068745772
25962,0.005382323690446277
25964,0.005847921174551413
25965,0.0033388815421446392
25966,1.2429465489032438e-09
25970,0.05130757225037968
25972,0.030129654897636693
25976,0.013694049465812236
25978,0.05566718090854187
25985,0.03428028123219612
25986,0.1613247146476904
25988,0.04290977986654209
25990,0.017629305750490775
25992,0.009515319491808413
25993,0.0030364840012757285
25994,0.032130693003137784
25996,0.003679942937702579
25997,0.0003767426806498041
25999,0.039930256884344005
26003,0.022873155607020808
26004,0.1277614003125239
26005,0.003008017396133954
26006,0.0007718691622058035
26007,0.008929124604337329
26008,0.005348086821037337
26009,1.5583979802448922e-05
26012,0.1438071050110368
26015,0.0012824623991609775
26016,0.018726617212358312
26018,0.0617691877467472
26019,0.004042871577306347
26020,0.0043253751276917446
26021,0.009643904803496426
26023,0.0023069396731541084
26025,0.017694923530810897
26026,0.0038103497479277373
26027,0.09724337113336198
26030,0.030187362089768598
26031,0.012414124398384019
26035,0.001568911231441327
26039,0.10161776212564388
26040,0.050251888926462165
26042,0.0033665653615396075
26043,0.0022310880309273106
26048,0.16686017645906245
26052,0.09884492285134856
26053,0.004543559831492657
26056,0.0031314955485825602
26059,0.04873553875808041
26062,0.0023178578475331535
26063,0.005388003171219534
26065,0.004723088327884024
26067,0.06379750864938447
26069,0.002315209026249926
26074,0.004074982792833066
26075,0.016682964956062037
26076,0.004676294065197821
26077,0.048985666110673814
26078,0.010193323385725494
26081,0.03048495541929741
26083,0.0032765737075931885
26084,0.003417329975334131
26086,0.016486297897427407
26088,0.14407908295516617
26089,0.00865401462703986
26090,0.005717077981040628
26091,0.023726073618335515
26094,0.009108099439434263
26096,0.12878006568293013
26098,0.0641500571074311
26100,0.017967960694973428
26101,0.02177924971032988
26102,0.0009591717485977996
26106,0.016950995603362436
26107,0.0036338935999336193
26109,0.0032844651362379153
26113,0.012558839347045657
26114,0.0033139094296640247
26115,0.10397373930696306
26116,0.008535031779196867
26121,0.005201242941382547
26123,0.00016398356783807537
26124,0.13912176656825156
26126,0.018052224324887445
26127,0.009450560475045305
26131,0.042118840204330106
26132,0.014803830089334379
26134,0.0060627339329354085
26136,0.0088119873308806
26139,0.001964961983878648
26140,0.0222075377379224
26141,0.03876416197133208
26142,0.0029215733615130398
26144,0.0030821667782109942
26145,4.365777454501512e-08
26146,0.0019339257190888217
26148,0.03830315932185939
26155,0.020448673293251538
26157,0.01824631230469824
26158,0.002377270697723391
26159,0.04601528025345419
26160,0.06515255263272518
26161,0.017036336895876313
26163,0.0195511501232281
26166,0.1372831090815809
26170,0.008329848337083562
26173,0.00728217276077512
26176,0.012826443233157753
26178,0.0007340805433771519
26179,0.004178913136949899
26185,0.02609072039225706
26186,0.020434432352171145
26187,0.022450985591378723
26188,0.0017777019684421871
26192,0.0003582775295664191
26194,0.07196206754337206
26195,0.05829421809459319
26196,0.00428358463651058
26199,0.016917665900365073
26200,0.028274895946772027
26206,0.01949937664695356
26207,0.011054485812572007
26208,0.004892328257755939
26210,0.005592070179243975
26213,0.0034779018808219317
26214,0.05810216669288606
26215,0.0033338881353043473
26217,0.014390704801739793
26218,0.02551408683285805
26222,0.019715460496730886
26225,0.004542308833554055
26226,0.00021633457302007284
26228,0.0031595698469719814
26229,0.011681441086555343
26233,0.005385078061094948
26234,0.005528645104650842
26235,0.050338397358413875
26239,0.002992956297778754
26241,0.021528397554805612
26242,0.09712868626618539
26243,0.026715098547194147
26244,0.024385345606303593
26247,0.00736158107998276
26248,0.027848404644683446
26249,0.014297367236918294
26253,0.006003488028095785
26254,0.00818940915179983
26255,0.04407666910089718
26256,0.056228386129006915
26259,0.0003752672267298017
26261,0.003689519586373742
26262,0.12310038523542376
26264,0.10108901832116225
26265,0.11112540158905986
26266,0.010502225286637384
26267,1.2807362878110296e-05
26268,0.03512183629766034
26270,0.0024471757946067365
26273,0.0037218010478730513
26275,0.003444556849341879
26278,0.004946584544985547
26279,0.0325990277721903
26281,0.009528438774464779
26284,0.004053122218893966
26287,0.12028239618541313
26288,0.0029494232556454294
26295,0.0005980453781112945
26298,0.17013053785391868
26299,0.027900211157290234
26300,0.0353350509680409
26301,0.021802572332665898
26303,0.04727433338171327
26305,0.020607128085141698
26308,0.0023919375731193534
26310,6.401595156021177e-05
26312,0.004426895609974935
26313,0.014092395034556825
26314,0.003792144880548279
26316,0.0050048851127924105
26317,0.004110281223753281
26319,0.02593374056918664
26322,0.0075516652692212746
26323,0.019865060598277483
26329,9.460341877514163e-26
26334,0.0024041416082126177
26335,0.0030587744322166477
26338,0.012041863497728983
26344,0.008628194282043913
26345,0.0033607511468810177
26346,0.04613917683956655
26348,0.003036506860242808
26349,0.0022193086524880364
26351,0.003954013400264692
26352,0.02236143262877676
26354,0.01883538337601382
26355,6.1021829665895485e-05
26359,0.014088545144706715
26361,0.00557990386965
26363,0.1815840732368423
26364,0.004918485489111562
26365,0.0059626522114331415
26369,0.003318544627545988
26371,0.018154179135422752
26374,0.014080972883576811
26376,0.0062530161091660305
26378,0.008229320057107647
26380,0.1035075121101213
26381,0.003811751220379631
26382,0.12656595241284718
26383,0.0018496109263143447
26384,0.009131653261740235
26387,0.009129479788242268
26388,0.12329942345033984
26390,0.018379960561775686
26391,0.038865779749885726
26393,0.023164747266675865
26394,0.005850481515004052
26395,0.0022415644316612885
26396,0.003164617151871768
26397,0.002313292712237554
26398,0.011602071712430882
26399,0.07528430656985663
26400,0.003572204343275543
26401,0.014250732720867673
26402,0.01098017595964657
26403,0.07347183598165204
26405,0.007432570254896471
26407,0.011752464930552108
26408,0.010457554979668287
26409,0.002887544937151903
26410,0.004362143885945621
26412,0.021529808369005105
26413,0.006956022546484665
26414,0.011249947801322718
26415,0.088075443849089
26417,0.14895188640847462
26419,0.014078017424189041
26420,0.0002470752483661702
26421,0.0036655282757300394
26422,0.0056832437139064515
26423,0.13632385312869683
26425,0.018052224324887445
26427,0.014138984170069849
26428,0.018676662963752387
26429,0.01690156578866121
26432,8.370553655837257e-05
26433,0.07273013789026188
26434,0.003922421209554325
26438,0.013694049465812236
26440,0.13174976109592218
26441,0.0037617948708869395
26442,0.033290306892592145
26444,0.006604858575064839
26447,0.02194960783279449
26449,0.0055808928891668925
26450,0.0058152797210735095
26453,0.027746657249335758
26459,0.004436475758546389
26460,0.07082133556112262
26461,0.0016119146798512713
26462,0.0032861906236029345
26464,0.05854602250962236
26465,0.0046992251578613945
26467,0.09903820032733404
26477,0.011507451281624835
26479,0.03659250712569656
26483,0.018052224324887445
26485,0.12417980392263123
26486,0.013072516959085219
26487,0.006544058215524065
26488,0.03904356530273481
26489,0.0026087581535061913
26491,0.0034847251800505493
26492,0.013460611308170532
26495,0.005044592565127549
26496,0.002550390004376768
26497,0.027139956868985276
26498,0.027081151736545624
26499,0.005060752283239058
26501,0.10861579720918099
26508,0.003520149287715573
26509,0.10408816163937559
26510,0.019797091636397767
26511,0.004754600683927461
26512,0.027493846464274465
26515,0.009362958704257946
26517,0.003462239705003003
26519,0.05684475928338938
26521,0.0021085681153019285
26522,0.0036639076219686204
26524,0.026328448260048907
26525,0.0037455058810030423
26526,0.08138937602527663
26527,0.026556339689291247
26530,0.01767701091534455
26531,0.020165003635381335
26537,0.025152762697898796
26538,0.018164109567982825
26540,0.004423293935113239
26543,0.006032346919710405
26545,0.10938000498201565
26546,0.007529936326098386
26547,0.013001510569065088
26549,0.10664452748592498
26551,0.02440229117085555
26552,0.008762185043420764
26555,0.015749074263745364
26556,0.0011432343610164942
26563,0.108548387432145
26564,0.022156732286385237
26565,0.0992045229657848
26567,0.0031303069511743513
26569,0.021148816212066338
26570,0.006379466989801681
26572,0.009457202820045685
26577,0.0028546910242927778
26579,0.004106910545782851
26581,0.004847784266677907
26582,0.0021813744914068833
26584,0.04401690687338003
26588,0.0931639080463566
26591,0.0072032891512405165
26592,3.031595434667304e-05
26593,0.003372520270287762
26595,0.005417628359887795
26596,0.011889582426343004
26599,0.020771814066157995
26600,0.0008648998534106293
26605,0.0013693468152791478
26607,0.024480754258228328
26610,0.01057056854236448
26614,0.006324482394322874
26615,0.004205921725833537
26616,0.01434581814678415
26617,0.03277623066391554
26621,0.008641418591421032
26622,0.0016162495083440586
26624,8.402494091709056e-05
26625,0.0025833656572685597
26628,0.003943668459626233
26629,0.02119068925145415
26631,0.002717723453813112
26636,0.005373895211201026
26639,0.014498151611372898
26640,0.015585659418762061
26641,0.0056997110148058125
26643,0.005666719227693001
26644,0.006619017339140724
26645,0.011177720634288435
26648,0.003018130732005736
26649,0.06997236798522752
26652,0.035061254742657436
26654,0.004924738299238351
26657,0.07150171156326837
26659,0.0004610119022706139
26662,0.0022307073322078664
26664,0.009841662378718474
26665,0.04076096759847603
26668,0.01800343469180227
26670,0.06487634052625889
26673,0.09021038546948491
26674,0.12417921357845371
26676,0.03567072019492247
26677,0.005237645947198693
26679,0.001345411303776836
26683,0.005521276723830653
26684,0.10842076349124537
26685,0.009430277144217313
26689,0.10261438961191044
26691,0.01263340181784192
26692,0.009933645807256988
26693,0.03971878718333492
26694,0.01309188374238525
26695,0.0034903577340631925
26696,0.0061099295416770175
26697,0.026782883773088514
26698,0.13846791825534482
26700,0.0037644252731410723
26704,0.00642942268908729
26706,0.11530879328434905
26710,0.003115913252168975
26714,0.12918229051034957
26719,0.030242711809391875
26720,0.007017628125389297
26721,0.009455621159878158
26722,0.024378851101759674
26724,0.003466764093895735
26728,0.00292586469303959
26729,0.00013024490774052872
26730,0.0001785277633586936
26731,0.02253059227987881
26734,0.13921949284622384
26735,0.0002200343626042122
26738,0.01973934709464363
26740,0.04000311927711774
26742,0.008377738409728221
26747,0.006327958162610624
26749,0.00228756556369728
26750,0.03440527244408891
26752,0.06759940515735793
26755,0.07196206754337206
26758,0.004047147282579027
26761,0.0075868857866613765
26762,0.021438547549239687
26767,0.005329100900186041
26772,0.01727876157483533
26775,0.0005465876577684135
26777,0.002064623119239911
26780,0.00873424691024329
26785,0.0270313177135985
26787,0.012832026242213258
26788,1.2068998961876675e-05
26789,0.0036386236714688325
26792,0.04956074404879524
26794,0.008387989809830894
26795,0.08550959499546747
26797,0.031088208111609377
26798,0.044902524703078275
26803,0.06424206294015623
26804,0.0062578825063265234
26805,0.0057384901945438035
26806,0.0007108515181302491
26808,0.007818401221872108
26809,0.0038286329160612084
26810,0.003947057944150289
26813,0.007472736068368553
26817,0.004462466225415875
26819,0.043640540907467544
26823,0.002757822572866973
26824,0.00543968628174711
26826,0.02150316485395138
26828,0.05917992949109707
26829,0.03440527244408891
26830,0.1097132393415674
26834,0.02704544847247163
26839,0.0034624844361372926
26842,0.030534351171693626
26848,0.044955414860316616
26851,0.0019746030036723204
26852,0.01505965231487647
26853,0.12455584800829918
26854,0.0004429511443044286
26855,0.04731705239422154
26858,0.02447907012577761
26860,0.050906642951840546
26861,0.0016403910508022397
26862,0.0026201875854394777
26865,0.009650460892623875
26866,0.003377997962655852
26868,0.1204803786716042
26873,0.001549012131819433
26876,0.029337540694251336
26877,0.13043122916525407
26879,0.11966656624053722
26880,0.006978013907561146
26882,0.02074669880608494
26884,0.02209656133312586
26885,0.010858044780996261
26887,0.029775650425538307
26892,0.0023413604023611
26893,0.17108028624500718
26896,0.07055196625286016
26897,0.0023006045711055946
26899,0.001605742078752528
26900,0.04433706476117681
26901,0.009902977352796377
26902,0.023540158907915377
26903,0.035702670562911626
26906,0.0011306378416209837
26907,0.01072685848234129
26912,0.10723304684243569
26913,0.060801710228096176
26920,0.004162419351097042
26921,0.017948851106865803
26922,0.07363941185298252
26926,0.0028993881660993055
26927,0.0002665992939140172
26930,0.00899833435896205
26931,0.10325554496637022
26938,0.02136978228193194
26939,0.00029803472744162205
26941,0.005344652294735562
26942,0.018052224324887445
26945,0.00851649332615192
26949,0.002993765759534192
26950,0.002840933593017357
26951,0.006095787238652262
26952,0.013270851502131753
26955,0.004186735026384427
26958,0.0038740541701548113
26960,0.00664287712868298
26961,0.013065791813642142
26964,0.026505688655929303
26965,0.05149130825964236
26966,0.06314528539564525
26968,0.06738597408294605
26970,0.1467379059887678
26971,0.03222614434671595
26974,0.06817595996473233
26976,0.021621875525809582
26978,0.004816023898692656
26979,0.018052224324887445
26981,0.018406715161525422
26982,0.014023481036233573
26983,0.030289784857354753
26987,0.06434202246456051
26989,0.007196049350924547
26991,0.0105829569816401
26992,0.09735136102040735
26993,0.0044211588637570335
26995,5.196040164300049e-15
26996,0.008187446800857255
26997,0.03114092748257808
27000,0.10467683792159727
27001,0.0038352569080164077
27004,0.02226695923041028
27011,0.005392420072437101
27013,0.004402028274106899
27016,0.004681972048134255
27018,0.005815364743715191
27019,0.019639666720558148
27020,0.06643150282974929
27021,0.0029863791586879395
27022,0.00485917893346589
27023,0.001171568716704206
27025,0.003823349844819652
27030,0.12505054936757157
27032,0.001550344138659083
27033,0.018850479976202986
27038,0.004804040733233094
27040,0.012999559490464248
27041,0.11112540158905986
27043,0.00491909842997274
27045,0.048002442334561746
27046,0.010878261030569021
27049,0.00029644880500217374
27050,0.037742213270433284
27054,0.0028223252248653487
27055,0.007683987268490835
27058,0.018920000390204503
27059,0.10249676720907676
27060,0.03046281789887518
27062,0.00442705907824905
27064,0.002848747200245604
27068,0.04233786583276905
27070,0.00983641084051269
27072,0.0036329625011623803
27073,0.005488201754712738
27080,0.08221794225987109
27084,0.02155387964008429
27085,0.0008908441481828535
27087,0.0027185247475200805
27089,0.0029337418547148273
27091,0.004236288501468733
27093,0.07294869851232692
27100,0.11457668537842614
27101,7.824898867419987e-05
27102,0.0070827792722097
27103,0.06600672261826246
27106,0.0049150412262493675
27109,0.00132166364069679
27113,0.012942774571712154
27115,0.0025918894442116375
27116,0.13023148384875669
27119,0.05861924151689631
27120,0.0047219987425089
27123,0.1032844605087715
27124,0.010683038579714418
27125,0.005129382511818128
27127,0.0940603431041324
27128,0.0058678940235105245
27129,0.025514770128935948
27132,0.00961026117981252
27133,0.012609064312024576
27135,0.005434986620427958
27137,0.03648540785957978
27138,0.0030920469843031496
27139,0.015252208903324316
27140,0.07395308643513102
27141,0.01723668477961275
27144,0.07936432613194427
27145,0.008877477308745373
27146,0.016239754003546603
27149,0.039378136889582256
27151,0.03826935533108804
27152,0.3439266674474717
27153,0.018052224324887445
27154,1.5786101268648366e-06
27164,0.004673412924833108
27167,0.006056687515486373
27168,0.11730810830208398
27169,0.004865317998890995
27171,0.014169484483408797
27173,0.03999429205887757
27175,0.005175872718308182
27181,0.15021017970488984
27182,0.021237729304343946
27183,0.03158956009157138
27184,0.006764324072443075
27185,0.008283586616221866
27187,0.004427025406788729
27188,0.004874847436826436
27189,0.018052224324887445
27191,0.02191570632769141
27192,0.0037538010307392477
27194,0.000985418282780301
27195,0.005129701660817364
27196,0.15297210616857387
27197,0.09839352639398796
27198,0.038015339228393855
27199,0.051629364860815756
27200,0.0029863587719151097
27202,0.000426782202088892
27203,2.4442095336516178e-06
27204,0.0031845802606463997
27206,0.15813422283823186
27208,0.0029240193096826917
27209,0.006988857547249995
27210,0.005785184998699012
27211,0.12816556927137962
27212,0.05357005567846602
27213,0.00458702431520172
27214,0.0001455904207064424
27216,0.00045812710856785735
27217,0.00013434898384433527
27221,0.03455263272560984
27222,0.0035208954448956538
27223,0.00516053614079208
27225,0.038597063596290164
27226,0.08534049936985896
27227,0.10203545932153879
27228,0.026204554744993804
27233,0.02865573408135687
27234,0.007684255268301434
27237,0.1342287330108489
27238,0.001633398968526625
27241,0.00352344160663353
27242,0.014665944744212688
27244,0.020822901499849025
27245,0.01984896093078322
27246,0.010381139800443969
27247,0.022129797553153488
27248,0.005372270020923564
27249,0.0027823127911686917
27251,0.009747299920629898
27254,0.005992570827450303
27255,0.0143046047224241
27256,4.658382199405495e-06
27258,0.13347606697014944
27259,0.006449201548469244
27260,0.003036506860242808
27261,0.008463097194936677
27262,0.06813348691685406
27263,0.03318156427071062
27265,0.004526340768739981
27267,0.003890201863898241
27272,0.01262657754288981
27273,0.0005379606072867104
27274,0.13262974027485908
27275,0.007396220153998394
27277,0.005351146844232421
27278,0.11250489433765301
27279,0.019797708183077495
27281,0.015597570089296048
27282,0.01555679332345025
27283,0.002690709152499541
27284,0.15130050326879263
27285,0.03211412819584141
27286,0.021245499834405344
27289,0.07471195989624659
27291,0.02062336198126829
27294,0.011406163442302799
27295,0.004350552623557863
27296,0.003302529009555534
27298,0.15530728690305823
27299,0.031180232241547305
27303,0.011988054077829973
27304,0.003945572740998682
27305,0.006410522349935246
27306,0.0043959472460854115
27308,0.013922204691004381
27309,0.13237066554351984
27310,0.10111590894197517
27312,1.8303640467561155e-06
27313,0.024590796119201782
27314,0.003947259979418953
27316,0.018052224324887445
27317,0.022910397410936128
27318,0.004524908703464488
27320,0.028124554808194764
27321,0.003339718558235942
27327,0.050884521465332753
27330,0.00632649970276278
27334,0.018052224324887445
27336,0.06327735594484482
27340,0.02390035507303261
27341,0.026665274292483634
27342,0.08571104010981351
27343,0.00026523311852775383
27350,1.9422162942158377e-05
27352,0.15105730510802984
27353,0.05286476111936055
27354,0.021579003470243188
27356,0.003462387143073085
27357,0.0006385545856972249
27358,0.009877576779908623
27359,0.003936526040669381
27360,0.025941304961502917
27362,0.04958053136261333
27363,0.004709374898455813
27366,0.023508661706111503
27369,0.0053951827277974925
27370,0.004214709592523274
27372,0.10490313470161726
27378,0.0373743465112924
27381,0.021095033415244154
27388,0.05370406322165175
27390,0.004635109028986397
27393,0.005283072067479685
27394,0.015729170157245446
27395,0.022851355196652944
27397,0.0017170508864998016
27406,0.0029092063637699457
27407,0.018052224324887445
27408,0.003441715267374092
27409,0.06106550498890507
27412,0.010427345416605607
27414,0.0023433396530080177
27415,0.021895267945967897
27419,0.1348608084687236
27422,0.04270752815402561
27423,0.0023992314765153362
27424,0.022139174797214882
27425,0.01889222986295131
27427,0.03928289256815787
27428,0.016969897961743297
27431,0.013922541984101863
27432,0.007058812730472804
27434,0.020558497373138203
27435,0.0009900610801665598
27436,0.023934653601529566
27439,0.022706844387405525
27441,0.0067074901444925455
27442,0.005436237632311031
27443,0.0028997808860596413
27444,4.254606031434377e-05
27445,0.024576844274114232
27446,0.0030189538734960433
27451,0.0034096371471433206
27453,0.00778616445296587
27454,0.005083951781306283
27455,0.0226697504787364
27459,0.009821994189644134
27461,0.010205159363270091
27465,0.005131868490919156
27466,0.003771857628393443
27469,0.0006873253059004804
27470,0.11283798766079045
27471,0.004982155846483759
27472,0.004887928821096335
27476,1.3413661679519009e-06
27479,0.0032455860910965725
27480,0.002832345622492772
27483,0.004318777385932231
27484,0.026418595239711323
27487,0.0031752483666983786
27488,0.00353202932759625
27491,0.0162662581729702
27492,0.0043874509167620345
27493,0.003263966184783145
27494,0.021013489268277615
27495,0.0042647271642728005
27497,0.005852513899641337
27499,0.008384422383292742
27502,0.0048617308482806435
27503,0.148262836302691
27508,0.004227817047025139
27511,0.003915502699835582
27512,0.1276236516930937
27514,0.027576256836285132
27515,0.003036590504192882
27516,0.004186709194056485
27518,3.201554249896733e-08
27520,0.022796217916400054
27525,0.007584387301147806
27527,0.008940876878410196
27528,0.06417452953334629
27530,0.0030310980054788447
27532,0.025322606663413457
27534,0.060207370484885996
27536,8.469374902419208e-27
27538,0.03943601795681049
27540,0.002379054229110987
27544,0.027471088552805244
27550,0.0004591784735970182
27552,8.775168215525338e-05
27553,0.03060139274817912
27556,0.012309643390028678
27557,0.0681078876669961
27558,0.004124856763504133
27559,0.04650161207469592
27562,0.04411113971060881
27564,0.13849762076428257
27566,0.0060367410747050754
27567,0.0016925423568277097
27568,0.054396151612205686
27569,0.0183367523410704
27571,0.12237913711631677
27572,0.011230002380385955
27576,0.0034922697184496393
27578,2.1878742718373158e-05
27579,0.016165003297771454
27582,0.0053737058118066006
27584,0.0839697023912546
27585,0.07598350455761438
27587,0.005230479269855373
27588,0.013374520963471264
27589,0.007246794853477999
27593,0.04600064246329772
27594,0.09037298054966895
27595,0.02139839468158724
27596,0.0029125322601770017
27602,0.1770944471371658
27604,0.0058705695534323026
27606,0.024018747462491913
27610,0.0068092037405474756
27611,0.005704410072306624
27615,0.003201930233939615
27617,0.02100465031348919
27620,0.004265623793183682
27622,0.008285621826823299
27623,0.0021811177531981716
27624,0.0010015717121572248
27626,0.0037543648207143334
27627,0.008774340356822747
27628,0.005501436923759691
27629,0.001869496541476848
27630,0.0034605485870946528
27631,0.018052224324887445
27632,0.005634915672122115
27635,0.0019134601640395739
27636,0.0038781855990170913
27637,0.003402439570733685
27638,0.016423722271551932
27641,0.01883538337601382
27642,0.11112540158905986
27643,0.030248987405826273
27644,0.004046756259597104
27645,0.0571007872967248
27646,0.009007229417509437
27647,0.006972518197988359
27649,0.11551211928700066
27650,0.019055857810581184
27652,0.013071911505136325
27654,0.02519810109741053
27656,0.0044970674320120975
27657,0.006663434509428363
27658,0.024482489988182067
27660,0.003100756754644081
27663,0.005464513954708864
27664,9.421111838994749e-05
27667,0.018052224324887445
27669,0.03128677155114192
27672,0.004373903832079812
27673,0.003036449513630299
27674,0.0008840709429246843
27676,0.023931887991982464
27678,0.020018521380098516
27679,0.005568871048446765
27680,0.014884989319776174
27681,0.040731935858332374
27682,0.0029286711706233873
27683,0.003804273163798033
27685,0.1417187873258651
27686,0.009779183503066603
27687,0.004701730514135322
27689,0.06144851262402161
27690,0.016174035365200113
27696,0.01618538610656934
27698,0.14999649968699846
27699,0.018052224324887445
27700,0.008588275206434565
27701,0.0031934124790791575
27704,0.07129606377631466
27706,0.004061416048407795
27710,0.09940919637226861
27712,0.028478240034875417
27713,0.004553133914923804
27714,0.0031491089611910316
27715,0.00034039456118779
27716,0.029311029722793164
27718,0.013425590726205418
27721,0.003405240301679851
27728,0.001983014540845938
27730,0.027558403381216446
27733,0.024492399968819866
27735,0.02109265006458076
27741,0.003156616249297008
27742,0.03496273778868672
27744,0.07283836397211856
27749,0.00478712556034631
27750,0.0010225306998610981
27751,0.0014844292711705558
27752,0.006061066203802665
27754,0.023261632943092442
27756,0.004926805024081805
27758,0.005349715788705158
27762,0.006711258898315249
27764,5.182010388250819e-06
27765,0.009235167974122976
27768,0.03166248707117739
27772,0.11275550118275669
27773,0.016045635769801503
27776,0.002836202941790938
27778,0.031353939400438825
27779,0.02811603177105653
27780,0.007930227952074041
27782,0.004174656266939097
27784,0.006326668050007277
27785,0.0008027625866684631
27786,0.005836170560806321
27788,0.007442159933023494
27792,0.013057772836582928
27797,0.041631286772172434
27799,0.1135345773280069
27801,0.0012005732261066997
27802,0.0139251471884632
27803,0.00036388802072637064
27804,0.009931958998607729
27806,0.01928136480876439
27807,0.004192164304303412
27808,0.004427618417455696
27810,0.02131731953225161
27811,0.018529984762253753
27814,0.11164198801572313
27815,0.15023400591948755
27817,0.017296299574659335
27818,0.13704796681546413
27819,0.0029846082542295837
27829,0.023879551793601687
27831,0.0017114550813456281
27832,0.02895935828572994
27833,0.002755908643060023
27836,0.007137008810154372
27837,0.020238001199850364
27839,0.016664721206443196
27840,0.0699437184698819
27841,0.0030249026932980157
27842,0.0904301538307206
27843,0.0060861395343052675
27845,0.0032284829442697266
27847,0.022929222751828446
27848,0.0023192726545243087
27849,0.024966256535270705
27850,0.018517906438853447
27851,0.01639978451923974
27854,0.0018388091789379453
27855,0.022830141045994876
27856,0.006271139517702391
27857,0.004266361359998579
27858,0.002856495992964881
27859,0.0012168853170961185
27860,0.0030364641799919797
27861,0.011548601428994006
27862,0.13502312935246924
27863,0.05845498701349882
27865,0.018601216403315416
27870,0.0054473379033859026
27871,0.0041603602262053315
27873,0.0028931058333036015
27874,0.0023674661821990388
27877,0.007292519548095249
27880,0.016529546092992013
27881,0.003252671188141132
27882,0.05779695380426008
27883,0.0047543519880148405
27884,0.034552559577428685
27885,0.05377235752506448
27887,0.1749463951299259
27890,0.004151280994701177
27892,0.004807327544402156
27893,0.0036817500101382575
27895,0.10244905567113967
27897,0.009570939570130242
27901,0.00038533895703827907
27902,0.029328106684016957
27903,0.004297947437721043
27904,0.004831395262352478
27906,0.011442863223776197
27907,0.020273500445689676
27909,0.12028239618541313
27910,0.010788323298261815
27911,0.01058393044328456
27913,0.011195865656737816
27915,0.016721614691591044
27917,0.027391031459946025
27918,0.008051211705264487
27921,0.10145757932483329
27922,0.14880612115842576
27925,0.12771762791775831
27926,0.003799981178120705
27927,0.11396923712413058
27930,0.0033793434684830322
27931,0.006352565095825317
27932,0.10499802508987574
27934,0.003869504160755798
27935,0.01466424595732574
27938,0.0004890509337704121
27941,0.00640011935260649
27942,0.00365282909919896
27944,0.10010035354183767
27946,0.057130826601709046
27947,0.005740019701847622
27951,0.00598097626194229
27953,0.003085640672562812
27957,0.02183149449979942
27963,0.007849943196009956
27965,0.1043086344684499
27966,0.004074056634665894
27969,0.15345517603432568
27970,0.002742033168926213
27971,0.1196967794974494
27972,0.003479943521252411
27974,0.0031122843639285478
27976,0.006252634370198682
27977,0.03303031008132189
27979,0.024808782722470345
27980,0.0029741980810404633
27984,0.004373824992943937
27985,0.0032230054975870264
27988,0.002205795740736241
27989,0.0008427027794542931
27992,0.011443098446289567
27996,0.002213990854000381
27997,0.0016246528794775887
27998,0.0032583785401371444
27999,0.059349169668940285
28002,0.10490313470161726
28005,0.006025847258509592
28007,0.0027407949693195473
28009,0.02674488882442274
28011,4.8205055398133114e-06
28012,0.020164710622236848
28014,0.02698444282611363
28016,0.004296320767934625
28018,0.00247547994158907
28020,0.00753960939951184
28021,0.0004853044480979053
28025,0.03264268962988408
28027,0.0030239548493542364
28028,0.0033908172955236992
28030,0.0063967709241386
28032,0.07052059517193258
28034,0.10671850814793404
28035,0.06914960334265895
28036,0.026222473302143615
28037,0.04806428395501796
28039,0.0193527759430846
28040,0.02984966798394951
28042,0.13231018333213238
28043,0.00879243288169798
28044,0.002932890533507557
28045,0.012369340904704875
28046,0.021250087885532995
28047,0.011851972791124939
28048,0.0030200691398832055
28049,0.0035761170824100707
28050,0.03976090396609108
28052,0.0027439552429150632
28053,0.11183372767725157
28054,0.02653018797197134
28055,0.0006325951912864837
28057,0.01962151340255055
28059,0.015590550852062986
28062,0.007051199520721911
28063,0.00362099316798656
28066,0.034638603390475815
28067,0.012340906027945762
28069,0.02597576275936264
28071,0.018853586017192597
28074,0.005313620810304886
28075,0.007829835076087213
28077,0.014800763900496656
28080,0.020607128085141698
28085,0.003704837741760265
28087,0.003956619703081513
28088,0.019459088311702077
28089,0.002639931439733486
28095,0.06764471875604487
28096,0.0061031217622941145
28097,0.002834886130162741
28100,0.0016759114277150305
28101,0.0010674091991903607
28103,0.06390376957077637
28104,0.0939294611762511
28105,0.07076181058754773
28106,0.024340622711149482
28109,0.07548422489689167
28110,0.0005817700972890225
28111,0.006048966161639919
28113,0.007058197672390008
28114,0.0032331273347034287
28115,0.052978194502017927
28117,0.025833436931452874
28119,0.011130739264089879
28120,0.03517536035604432
28121,0.004410855117056285
28123,0.0030365724005506846
28127,0.0007182809101028702
28132,0.005386028453821424
28133,0.011804670038099223
28136,0.046261567266620146
28140,0.0017039284214360364
28143,0.12489869409089757
28144,0.007377811728021876
28145,0.003123432130513969
28147,0.02353411717721956
28149,0.0035675745256670117
28151,0.006742594087004082
28152,0.00014450140334729134
28155,0.032773094334706605
28156,0.016163645849766706
28157,0.07084411512446111
28158,0.0054924424499413335
28159,0.0021027287924790536
28161,0.0003534960911383752
28163,0.13438585198673092
28170,0.004693666389858517
28173,0.005399885029190588
28177,0.0015431309086250235
28179,4.8047554424777724e-05
28181,0.030391536324885227
28182,0.026741505577458302
28184,0.005563278466666854
28185,0.018052224324887445
28186,0.010666773108022642
28189,0.003823027361842957
28190,0.01881590572940321
28192,0.08697278496357146
28195,0.02697853497959568
28196,0.023008718199005344
28197,0.008795285881709624
28198,0.012134039876321676
28200,0.007088975858044493
28201,0.12085414220153677
28204,0.026211200754709053
28205,0.006094675112492185
28207,0.09671597798635724
28209,0.02358423717752092
28211,2.044091417879666e-10
28212,1.8879992428139102e-05
28213,0.003947355349588039
28215,0.018655117237844365
28216,0.03133209734251067
28217,0.00923135548612483
28218,0.002899002335411739
28221,9.523184098856106e-09
28222,0.02846329453056502
28223,0.00031590336698799975
28224,0.0879134971632662
28225,0.01300049210941396
28226,0.027118319122315496
28228,0.001609633349250897
28229,0.0002826903607806427
28232,0.006948593546819647
28234,0.011520006830187786
28236,0.01843882791510858
28237,0.007200982715685739
28238,0.018052224324887445
28239,0.0041953006467621255
28244,0.04812875149834245
28246,0.005581342871969527
28247,0.020403106468381314
28254,0.03385650270236328
28255,0.005877938115090431
28257,0.1503674227456996
28260,0.0074492778365030455
28261,0.00283552004838862
28262,0.1308510219786311
28267,0.006170666016834015
28269,0.0016192664205503028
28271,0.0034709006805567558
28275,1.6124228136355104e-07
28276,0.007706650561882811
28277,8.032192222294542e-05
28278,6.713641237622158e-05
28281,0.012654950392867336
28283,0.08667902795630228
28284,0.006717768524952355
28286,0.08281764629601658
28287,0.030659699546775325
28289,0.0034655439703942972
28291,0.0044121292474195994
28293,0.011637328857268916
28294,0.0066507857389995996
28296,0.011199681954239859
28297,0.009119417915162905
28299,5.658071352672881e-05
28300,0.0029972461371711506
28302,0.0025159800813591877
28303,0.018052224324887445
28305,0.1134407525883708
28310,0.0029595484475769145
28311,0.002423667482990319
28312,0.005846621198855539
28315,0.07261556031585933
28317,0.0372597920959525
28318,0.003848207625782387
28319,0.044809114277710616
28320,0.003850561252845337
28322,0.004753770262205968
28323,0.004605569458006469
28326,0.004497671408608569
28331,0.0009401532656558584
28332,0.0013049177293361232
28333,0.021536471139908996
28335,0.08589955864554423
28336,0.006249604287940538
28339,0.004270151045425848
28340,0.008375574419995825
28341,0.08311502101530299
28342,0.0018317629236331687
28343,0.0005511163392371134
28344,0.033843163756653395
28347,0.003367364923489093
28348,0.025721135350830406
28349,0.015344399114771336
28353,0.0037155754226820014
28355,0.0026188264071045292
28359,0.039081546392605776
28360,0.04202926189066514
28361,0.0007549047741891773
28362,0.023278314548101305
28365,0.0046657327853250235
28368,0.0387473471514543
28370,0.06325508065671856
28371,0.027604096424811264
28373,0.00766151309427797
28374,0.0042256274215609
28378,0.00686161543150882
28380,0.0032434428485324496
28381,0.003562278701134176
28383,0.0042031219233573955
28385,0.0988740383743534
28386,0.010300801257518514
28387,0.07930466828413266
28391,0.005129344142781395
28392,0.025495556513943446
28393,0.0019156797054749634
28394,0.050251888926462165
28395,0.017213984273086923
28396,0.0018998597905956756
28397,0.016375637517176
28398,0.02933343658993738
28400,0.018052224324887445
28401,0.15030577799810288
28402,0.004280067975878761
28403,0.005909205644526697
28404,0.005264121894896773
28407,0.01755810214637098
28410,0.005045619640186711
28411,0.004596562693252652
28413,0.017761569477429413
28415,0.00448170639056077
28416,0.004254520828644339
28417,0.043887382358164334
28419,0.019833299321833697
28422,0.0026563463213641514
28423,0.00798890483836548
28424,0.0015500888000204351
28429,0.023462498627104547
28432,0.01202850119090698
28433,0.008026152615901134
28434,0.01468815727701364
28435,0.007243823580523941
28437,0.007915036454187814
28438,0.004139390582940377
28439,0.0015296381193557476
28440,0.02528049760168011
28441,0.0024610569053888256
28447,0.006803816283673571
28448,0.02422946513718076
28449,0.021514490865322273
28451,0.01244073041502788
28453,0.2634007938589256
28456,0.006407394754529956
28457,0.002497035367630133
28461,0.010753517857087933
28463,0.13709161756002594
28464,0.030332997705299652
28465,8.65416355040144e-05
28468,2.210460777300265e-06
28472,0.011397253904586865
28473,0.012579346541231051
28474,0.0034491199349823178
28475,0.006211161607960291
28477,0.0046916755833640595
28478,0.0030376176497020624
28481,0.005630350771270763
28482,0.0014834378861698088
28485,0.0021892300663529144
28486,0.08594897657560117
28487,8.364347202183232e-05
28489,0.012403251522015072
28491,0.0035247783546724027
28496,0.003035547866150858
28497,0.0023306100150715034
28498,0.014072257122493565
28499,0.008637294616140984
28500,0.023462498627104547
28501,0.13712915201522943
28503,0.005730544025327466
28506,0.0068228733019233675
28508,0.06470372654761214
28509,0.01595626297059696
28510,0.003382432696710033
28511,0.0030365379119042875
28518,0.0023005775913446476
28519,0.0030364641799919797
28520,0.01215524563575107
28521,0.0031212786603318572
28522,0.0027411518768422232
28524,0.002917820381495648
28526,0.025908568547382035
28527,0.007066930867627526
28530,0.03008217021360046
28534,0.00285026399770971
28535,0.036057051602617435
28536,0.018052224324887445
28538,0.004170209216479277
28539,0.007062733377281813
28541,0.00711870195818301
28543,0.027947220745305392
28544,0.026903285446251334
28545,0.03444057604543584
28551,0.0002397695887662418
28554,0.008887701403826968
28555,0.004315135012605691
28556,0.11701407572993747
28560,0.0050922513917094365
28562,0.00431106043214755
28563,0.020779219383099127
28564,0.28660374376041053
28568,0.006043044441696646
28570,0.0035464896102979557
28571,0.007156012895254864
28572,0.12218389512276072
28575,0.015385434161543409
28576,0.05807142431614078
28577,0.0035136987437821765
28578,0.002069641660189267
28582,0.0330226300380154
28583,0.04657234359343053
28584,0.00039469637164645123
28585,0.06327718876766315
28591,0.006241792373875471
28593,0.015816180571265975
28598,0.0006683604640952103
28600,0.003300947249391881
28601,0.004632603100198839
28604,0.005383175308675091
28605,0.006344919797380496
28606,0.0029862560289283502
28608,0.1310668755683672
28610,0.08540654205577498
28612,3.011798495528465e-06
28613,0.011496564262640476
28614,0.0021409159218451638
28618,0.0013901506067121767
28620,0.061318262583333796
28621,0.018052224324887445
28624,0.018076100554262838
28627,0.0007929971704126327
28628,0.026393960720306236
28632,0.025830377442928723
28635,0.0025670492845384276
28636,0.03415190832047281
28640,0.013694049465812236
28641,0.01848455696191709
28647,0.07288246157537127
28650,0.002654167657891554
28651,0.032898184714595234
28652,0.10133210473796171
28653,0.028668868456573734
28654,0.010908656205012341
28657,0.006801218945442372
28658,0.007729553916082063
28660,1.6511361088067066e-06
28661,0.012752510006562016
28662,0.0026585614200688714
28666,0.005253028429569497
28667,0.026440967136921775
28668,0.0031453246736352857
28669,0.009383685649403613
28670,0.0019138381507618704
28674,0.007778255561288437
28678,0.003059582052396619
28679,0.024982593881773624
28680,0.00734124197344117
28681,0.08688695707432875
28682,0.02648491451575419
28683,0.0755279623175851
28684,0.02070198815692996
28690,0.010174112362840644
28692,0.005674420506120757
28693,0.004574953957807975
28694,0.01297800125137697
28695,0.006154684819802975
28696,0.07975216641017319
28697,0.02794135918212037
28698,0.01666417229197284
28701,0.02396333267514985
28702,0.010587481371355744
28703,0.0032392368396442503
28704,0.021193037544791897
28707,0.07090572203403082
28708,0.0020406241376253694
28712,0.007535720810641037
28714,0.031394740207925126
28715,0.13440079360229418
28716,0.02596002082683576
28717,0.01352859306299244
28718,0.0051566603796712965
28720,0.023318737692636964
28721,1.2215214597877536e-05
28723,0.06438694540930785
28724,0.006223070419869272
28726,0.01654451706526285
28727,0.019375335502993064
28729,0.02275266606396736
28730,0.0274514661404346
28731,0.025405438587557526
28736,0.07062295940934528
28738,0.002536363615589376
28740,0.005072054912893309
28743,0.007373930889185278
28744,0.049970160995647314
28750,0.02620640852336547
28751,0.0034986892229977268
28754,3.3057122296198166e-08
28755,0.0010098956786569098
28756,0.004059406083213058
28757,0.010136026811958888
28759,0.024330770051386872
28760,0.12937160440124243
28763,0.014960423821750456
28764,0.03263375122850658
28765,0.003824414388979325
28766,0.05505573606817951
28767,0.02526820859467149
28768,0.005296054067531336
28769,0.016686066207421676
28771,0.037284098567207186
28772,0.014195611955311174
28773,0.0514403470624673
28774,0.004905761988641467
28776,0.0062932945882211355
28777,0.00951646586143399
28780,0.03403392101488
28783,0.004503963816375921
28785,0.0036974183931764697
28787,0.000941922049085269
28789,0.011506900789251252
28794,4.878717792849223e-05
28795,0.004334073271463893
28797,0.007713179650351258
28798,0.02449092640534787
28799,0.014164222786533632
28800,0.003789388793585143
28801,0.017047657994855792
28803,0.004752853053347928
28805,0.004567888455554561
28806,0.0061200828757547975
28808,0.018962063624279945
28811,0.004356023922215422
28812,0.001717381064906629
28814,0.07901077177730526
28816,0.0005002240570215857
28818,0.04216959596006488
28819,0.03619414496861802
28820,0.005527754882425079
28830,0.013694049465812236
28831,0.09123685301433199
28835,0.00346223232630371
28836,0.007457094282632578
28837,0.004303271008087592
28838,0.011473228361282586
28840,0.02606829325529668
28841,0.013498053683748073
28842,0.009203500185703846
28843,0.02029837278156034
28846,4.8765287299877405e-06
28849,0.004234940540961264
28850,0.0034915416828942875
28851,0.14861494303391468
28853,1.7861770728989611e-07
28855,0.04216370443196569
28858,0.004439093005247881
28861,0.00447785425530118
28863,0.003175002801537792
28866,0.001566162461306111
28870,0.014707228269509688
28872,0.07841428952517436
28873,0.02714406748295622
28877,0.010844323882705675
28879,0.06660771557611053
28881,0.003874056677742565
28882,0.007646467076768827
28883,0.03337785119717605
28885,0.18603691288526825
28887,0.07884862388545012
28889,0.013388831082385252
28890,0.003932013653830519
28892,0.00028478447951997175
28894,0.040551404136934865
28897,3.425682782850462e-09
28902,0.003947376543270627
28904,1.9047757017845337e-07
28907,0.04435155341604186
28910,0.004524254066110048
28918,0.030293331163073974
28921,0.001116786447282005
28922,0.005671230576605824
28923,0.0849232483892603
28924,0.005882341595353256
28925,0.0037390332947701407
28927,0.008959422360070978
28931,0.04440348030703121
28932,0.14488999558869392
28933,0.004924088505808406
28935,0.009155997692770815
28936,0.00365033128105471
28937,0.022381226567500738
28938,0.0251151075826559
28941,0.01267773819527095
28942,0.1341341173796484
28943,1.7416757119445223e-06
28947,0.011359363988732211
28948,0.020749714473470193
28950,0.007179813697333601
28951,0.002832300179297205
28952,0.018630891098953113
28958,0.08820177746772455
28960,0.035842229330649004
28961,0.0034317839247018688
28962,0.04721679442005988
28968,0.023100681790072967
28972,0.09671597798635724
28973,0.057580093241059234
28974,0.1594040223117826
28975,0.0062030920296925925
28976,0.05671823937933766
28977,0.012742870803617551
28978,0.01818968118660306
28980,0.004103693764098963
28983,0.021675078546628448
28984,0.006951373450226474
28986,0.06717313386005044
28987,0.037569796449232744
28988,0.0022003303201586547
28989,0.00775433009094635
28990,0.005677881670542314
28992,0.0032148333115831138
28993,0.021377775627996785
28996,0.000638706983361121
28997,0.00552851106721165
28998,0.0037818030408952232
29001,0.01987053525328381
29003,0.011025879364153007
29006,0.005571338091802255
29010,0.015323296628910903
29011,0.0403028734050373
29013,0.07929926671974911
29015,0.11080763013851622
29016,0.0066542622464217695
29018,0.004940602698460518
29021,0.003255145485283894
29025,0.02714406748295622
29026,0.008738182144532279
29027,0.03446836237512085
29028,0.004075084352667545
29029,0.03720795163728635
29032,0.045955959909541974
29033,0.023439640107940873
29035,0.0030542562969432985
29038,0.011175564236711946
29041,0.008462122883077884
29045,0.040366229268742664
29046,0.009861039703085314
29048,0.006187162620950286
29051,0.009633530635076588
29053,0.006413673480216927
29054,0.020387062107541213
29055,0.032574408467298935
29057,0.0001398135580375791
29059,0.0006798975478452155
29060,0.018821279932739455
29061,0.01916883874891737
29063,0.001722447464428363
29066,0.07533127580280854
29068,0.0863832605956196
29070,0.08155776563210534
29073,0.0035025062411134325
29075,0.0016246622602743282
29077,0.0076364211165409444
29078,0.0010105921853839283
29079,0.0537803535214382
29082,0.01805252100841493
29084,0.03726739529349921
29087,0.00023517603832193558
29089,0.06111351282936408
29092,0.027604499813693353
29093,0.04396389620503392
29094,0.0024401627313229294
29101,0.004446186748317888
29102,0.003036474090617737
29105,0.002739367317316886
29106,0.012521605830211273
29107,0.1842689794371164
29108,0.08372926381271385
29110,0.004362562933535204
29112,0.006016573836744592
29113,0.004848273157046711
29114,0.003585419058994954
29115,0.005148936864917279
29116,0.002996537122984767
29119,0.01099577286798334
29120,0.03675249621508185
29122,0.0012813778730145157
29125,0.19921187444268693
29126,0.19142765784321075
29128,0.0031430221346967087
29130,0.018332190347071703
29132,0.005635464828676068
29133,0.06966990331119251
29134,0.2913346921256147
29135,0.06838576663433173
29136,0.04792569009822024
29137,0.0398146059223616
29139,0.0024350432785218814
29145,0.025112004970848242
29147,2.465639301044685e-06
29148,0.12205999257785784
29149,0.016991942251884364
29150,2.4510052580652153e-06
29152,0.0027547332382560686
29153,0.015662633735623637
29154,0.013795798608803714
29156,0.011061244513867708
29159,0.08267337275627877
29160,0.0032287771287136144
29164,0.0023913440920287294
29165,0.0041125953323939216
29166,0.004878657555573368
29169,0.0043903847070363156
29170,0.055653009499920685
29171,0.0007310421718710245
29172,0.04371397194050444
29173,0.0034910104039489057
29174,0.02589433784985912
29175,0.005380346729125692
29176,0.1271597037332686
29177,0.005288238814547054
29178,0.02187955320710359
29179,0.1447916124513107
29180,0.13496281646670022
29187,2.369351598080827e-09
29188,0.0013293683633529311
29189,0.02138224075634669
29190,0.004128356450752371
29191,0.00023826642638343
29192,0.1294128940832539
29194,0.004822035563480576
29195,0.010373551828526284
29198,0.030516940797766297
29202,0.02082731281246133
29204,0.007604832894047604
29206,0.003810530731688977
29207,0.004144986906609201
29208,0.007935865745996466
29209,0.011438079174234166
29210,0.029823731356224993
29211,0.0683951378003822
29215,0.003454000114488891
29218,0.003882824878959785
29219,0.013656287020011579
29221,0.023558309194165822
29222,0.0023006045711055946
29225,0.06485729574709218
29226,0.005451594884022498
29230,0.004726288958310164
29231,0.0010343836281713505
29233,3.0960494072937894e-06
29234,0.007183010824504239
29238,0.025311443078119063
29240,0.0036129992717502967
29243,0.011087073535646086
29244,0.039695881549062256
29245,0.040817066799374704
29246,0.024402366031029188
29247,0.003761025268955127
29248,0.004500102466404155
29254,0.004622138385611387
29255,0.002233752258983289
29257,0.00886447387806734
29258,0.011445386826299605
29260,0.01828873003248901
29264,0.005036847340757922
29266,0.013440340117455575
29273,0.03308171965880984
29274,0.018855989143384193
29275,0.028658946964110206
29276,0.005098716863603077
29277,0.010809697304786686
29279,0.002995999532959665
29280,0.038400469689736094
29281,0.0906641012538183
29286,0.030445575800268257
29287,0.018688011187961512
29288,0.035877454509815714
29295,0.0818291035744675
29297,6.669346333877949e-14
29299,0.03372946074540663
29301,0.0024060085759725486
29302,0.02200336537508066
29304,0.004097783493202057
29307,0.03422413075342806
29309,0.006035225415604601
29312,0.06419886551896638
29313,1.9184448959827214e-09
29315,0.0003505696334032037
29319,0.07620587340123576
29322,0.003378652074395741
29324,0.04152648240746605
29326,0.11414978003805766
29331,0.005143418246384056
29332,0.038525884167393463
29334,0.01335321434774156
29336,0.0024564320639950364
29337,0.002932361072131225
29340,0.001798763813423742
29342,0.08593386615328129
29343,0.0003429982403600783
29345,0.0006956711753316174
29346,0.01172280802923885
29348,0.0034027857133739742
29349,4.639550121033193e-06
29350,0.01562946182810829
29352,0.03499620489329877
29353,0.0076412272165163634
29359,0.005659273243654317
29361,0.0058297993705357
29363,0.004784060561839351
29365,4.2964338934692965e-05
29367,0.0028498487866671918
29368,0.028630537035188714
29371,0.00017893146846155463
29372,0.013574775259025128
29374,0.12254523691319835
29376,0.017110708191896303
29377,0.05508683803830949
29380,0.026834659239045006
29387,0.0002471351717277784
29389,1.9089872267053176e-05
29390,0.0038828701726860465
29391,0.002998192033118944
29393,0.02916074327864267
29394,0.006288471494563814
29395,0.010385041634963186
29398,0.035920239162845286
29401,0.016699371108636216
29403,0.005674317618337864
29404,0.07532875848072552
29407,0.06758018517968925
29410,0.003036467616542098
29411,0.018052224324887445
29412,0.023246044100546363
29415,0.00702530282475156
29419,0.002435469931090004
29421,0.0010343601200369036
29422,0.003919420050393816
29427,0.004033208071501177
29431,0.007206957376553319
29432,0.06284567708394402
29433,0.04201132939674528
29435,0.0152450226742541
29436,0.019090992422965292
29438,0.007205620383503067
29439,0.02222997668751108
29440,0.024002268995098844
29443,0.010908507304426867
29445,0.001802691209584535
29447,0.00626086657705289
29448,0.004289213656762047
29451,0.0032311295855748383
29453,0.1446428410075261
29454,0.00703403281521989
29455,0.00723943053595949
29460,0.0641500571074311
29461,0.0026314125592643693
29465,0.053864783831405826
29467,0.00029804307589025275
29470,0.010172399843783667
29471,0.0031726046967693734
29472,0.006936049128024692
29474,0.007083239887511895
29475,0.029902258287811276
29476,0.11582644708722914
29478,7.592962771214777e-05
29479,0.007453444879678531
29481,0.03339794454892694
29483,0.014586757830792035
29486,0.059008612876700686
29487,0.003034973926257149
29488,0.01068814028172631
29491,0.03398673389391473
29492,0.2307559184643734
29493,0.0045368039727155494
29494,0.0029958474637726733
29495,0.00019282746179022302
29496,0.007927892320665764
29498,0.00011228352367207967
29500,0.0062073809183889155
29503,0.006095985088484857
29505,0.016828630890100022
29507,0.04647142597850836
29508,0.011058319783197787
29509,0.0004897053959551462
29510,0.014334056001841806
29511,0.021801462934124667
29515,0.06492768198993377
29518,0.002278385867869133
29519,8.573098162169973e-10
29520,0.004637530248185109
29523,0.0008320272268515952
29524,0.054501563676070244
29526,0.049201060469214096
29528,0.0009195453176317176
29529,0.018052224324887445
29530,4.121522708572542e-06
29539,0.0455538448911146
29543,0.006411166483856227
29544,0.008535475733725676
29545,0.004641298164875445
29546,0.12829551123420824
29547,0.22131475550000007
29548,3.741671148789472e-05
29550,0.0004698041624983403
29551,0.011128954703584899
29555,0.02052653926634152
29556,0.062064445016370436
29557,0.030289784857354753
29560,0.018500320494207384
29561,0.009160693502747359
29562,0.020485002911579495
29563,0.016179323743472095
29566,0.011059910251407037
29568,0.031364396151157645
29569,0.0036010794798082986
29571,0.0029970761152411543
29574,0.007014646678848576
29575,0.006344651662803811
29576,0.03851289584298789
29577,0.06962241685903023
29578,0.0029618848000053564
29579,0.0013424383767748384
29580,0.002656223838700306
29583,0.008044159072288736
29587,0.0026483829206352377
29588,1.405933665503405e-06
29591,0.07530925964961437
29594,0.0813789861757324
29597,0.0045038342364072765
29598,0.06609929814385765
29599,0.09543465383626815
29603,0.05582342027537268
29606,0.009154104452915058
29607,0.006494747013023281
29608,0.004499892151201039
29611,0.012014749759401826
29615,0.018115980665041095
29619,0.006865516812888465
29620,0.06166334988637722
29621,0.004200024561230546
29622,0.0022996636122400585
29623,0.0041428721043862676
29625,0.00035849433841815776
29627,0.2916833908103042
29630,0.0014164137675457867
29637,0.02707093853232937
29640,0.005207649163627206
29642,0.002273333350304531
29643,0.004047844704947443
29644,0.007745433988867076
29647,0.021566475446663805
29650,0.011274407019377975
29651,0.0068686827493103396
29652,0.0245635307416867
29653,0.005483995287627413
29657,0.002379140465018314
29658,0.03257736949075956
29659,0.03113417951650695
29660,1.929918822183981e-06
29663,0.00655237098974421
29664,0.004293898462600814
29665,0.005408852335593081
29666,0.007204960899414549
29670,0.006229567375937527
29672,0.10311673354741346
29676,0.022851687838660394
29677,0.003817400485723777
29680,0.09671597798635724
29683,0.00363931235326256
29684,0.00011042969216800189
29685,0.003024677178829972
29686,0.11495105025299952
29687,0.03909301963347288
29689,0.03274166273215791
29691,0.008132680066709745
29698,0.004005804770094794
29699,0.009902838679938105
29700,0.020253463151959448
29701,0.0047424176755911495
29703,0.004470170103319972
29704,0.023007053300249856
29705,0.00012991882584026873
29707,0.0007800643779620383
29709,0.0697608383656619
29710,1.3623444045329831e-14
29711,0.0030363740656341666
29712,0.0040709784625006535
29715,0.008174006220307117
29717,0.00745984562700372
29718,0.00774949920258252
29720,0.003573985496527961
29721,0.018810726801202864
29723,0.07273013789026188
29724,0.0014760319399834822
29730,0.123973942961998
29731,0.004624610359476478
29733,0.003543887440065535
29734,0.023170064270503294
29735,0.004290368098775904
29740,0.005674355794161039
29741,0.0023152028275469382
29742,0.004426874711604539
29744,0.000987136197341351
29745,0.04678010555385136
29746,0.005417013330985468
29747,0.00481535342346768
29749,0.04346789159884019
29750,0.0027148670972979745
29753,0.01294837997964114
29756,0.04060529362668737
29757,0.003668724670340015
29759,0.002615356531502916
29760,0.04576721387048232
29762,0.016332298626907306
29764,1.4538226745033662e-05
29767,0.011050714670051243
29768,0.004984631116288606
29770,0.029407900373910608
29771,0.0079508923423438
29773,0.0015051751883143841
29775,0.015990389559390833
29776,0.004995871911329922
29779,0.03589762247272861
29782,0.0296737303102649
29783,0.0046001946941424815
29784,0.002411572788697955
29785,0.020114327582194523
29790,0.002760754512300371
29792,0.010162687794306553
29794,0.007509614556328807
29795,0.00014316921948069532
29797,0.005674223511709413
29799,0.005895625311326735
29804,0.01105456614883144
29805,0.01913563493857095
29808,0.04798214260845336
29810,0.006089059955244439
29811,0.03256014712412778
29813,0.07985251977057953
29814,0.0073830231575932204
29815,0.004400203035980036
29819,0.008721344784317351
29822,0.002315209026249926
29824,0.0027122788194818975
29825,0.1494127152866185
29827,0.023066849509891345
29833,0.0076972300241330335
29834,7.020077736321707e-10
29835,0.034633416018316404
29837,0.022398000710675835
29838,0.004809275882642645
29839,0.0015501063750499259
29840,0.02184045711305161
29841,0.0031780418043697366
29842,0.06040568605836318
29843,0.008207045269004894
29845,0.0018358049238747492
29846,0.07557982412357306
29847,0.07727067385674465
29848,0.03696721899480487
29849,0.006120941758276155
29852,0.019888517142941098
29862,0.030910195510595533
29863,0.010656376511120658
29868,0.0005413562243908247
29869,0.0006547892794166041
29870,0.005260243466072291
29873,0.00563569478958539
29874,0.09983832175501986
29875,0.025475673822978228
29876,1.2868677228132178e-05
29877,0.04947466431523294
29879,0.13347606697014944
29880,0.030846007125796316
29881,0.11089888454358172
29882,0.08933383233634065
29884,0.007999501304983881
29885,0.016191523319269947
29886,0.0031060229578721314
29890,0.09234841816013029
29892,0.003295541055825416
29894,0.0007262498264941173
29895,0.006982655523556155
29896,0.0017747324377988501
29898,0.0008683565910844604
29899,0.002722230805039488
29900,0.007369619591759154
29901,0.004065331772016929
29905,0.003201872695035565
29906,0.018242304140036008
29907,0.0151418622236472
29908,0.041717802679443965
29909,0.016738544031686325
29910,0.024750095848432754
29911,7.50494523246176e-05
29914,0.00974163273792317
29915,0.03703015142038606
29916,0.04058000338805172
29917,0.03868810898480059
29918,0.04943871441288931
29920,0.11306294358709973
29923,0.0037934633197178502
29926,0.025064966429333046
29927,0.019753990214268328
29931,0.005121243341146894
29932,0.004832660667942125
29933,0.006067116725474761
29934,0.027674280022335865
29937,0.003947350906475243
29941,0.005878432406327018
29945,0.14013967749974401
29948,0.028423279022334665
29950,0.01244267566323697
29954,0.0311018379607129
29956,0.031134626331255254
29958,0.05373112333379547
29960,0.004592607574145212
29961,0.004323850318136898
29963,0.007282988210627734
29964,0.0036511391130443953
29968,0.004919456311977037
29969,0.012290497963131412
29971,0.03642033787057158
29973,0.05087994976737601
29974,0.0057616232871148506
29976,0.012948170468703205
29977,0.019289434124928166
29978,0.00365794135819461
29979,0.018324713057961246
29980,0.13164769240174384
29984,0.012759413983255363
29985,0.00533123642518097
29987,0.0013189322648799197
29990,0.025691511284310815
29991,0.00641184465836789
29993,0.0063025456529534
29994,0.010285948653575397
29998,0.0026897471332652198
29999,0.040320925965764996
30001,6.322537737439945e-05
30007,0.04348725445221019
30011,0.02527515164586485
30013,0.13878062591937435
30015,0.01657552322337223
30018,0.0012265187394448194
30019,0.0027169359425020527
30021,0.0027394229250128567
30022,0.004683702879610111
30026,0.005065439919451144
30029,0.05235293444307437
30038,0.020688672914328635
30039,0.00355871782493631
30041,0.025184194221677877
30042,0.007339134389903652
30043,0.0035838427743676805
30045,0.050251888926462165
30046,0.01142709057022273
30048,0.020647222965609616
30051,0.032352062092149164
30053,0.005119770197470841
30054,0.005188454401727367
30058,0.0024774337085947838
30061,0.004915586562091668
30063,0.041778104603236166
30065,0.021461399752507115
30067,0.0024806215543530267
30070,0.08803451074605809
30071,0.10696572531131748
30072,0.00303954780334606
30074,0.004111526935590799
30075,0.01883538337601382
30080,0.009097963446084042
30082,0.0003786768276457585
30084,0.0049226695353697635
30085,0.0002823248742040776
30086,0.004107236956355555
30089,0.0005805951715109712
30090,0.002501279512057685
30096,0.003127996923025652
30103,0.008579288384311495
30104,0.0015290995797133332
30105,0.028063889100475123
30106,6.041250491838074e-13
30107,0.005615900455144314
30108,0.02112755866427259
30112,2.048505953858276e-05
30114,0.005635743742966507
30115,0.0052796649556265925
30116,0.0029173206980416706
30119,0.0032727669350688443
30120,0.0433269274674469
30126,0.00898448929137403
30127,0.19835315833605993
30130,0.0052238163777177365
30131,0.021656474766401427
30132,0.05876667343397519
30133,0.04389383991407662
30137,0.023617176817823927
30139,0.0405453585968575
30140,3.662605244522422e-05
30141,0.0024175165679002457
30144,8.463002720007968e-07
30146,0.007323550264695937
30147,0.009913406808831824
30148,0.004205739687441117
30150,0.002995669429971582
30151,0.010269425645204215
30155,0.00014482809791007068
30156,0.1021368465091444
30160,0.01967421580478387
30163,0.03107799942149142
30164,0.004011963287131596
30165,0.0030739652900208954
30166,0.009052665576555223
30167,0.12233508594331712
30169,0.11507620474700218
30175,0.018052224324887445
30177,0.022029938719798112
30178,0.0051295532820344065
30179,0.0025227168438704843
30180,0.008644123429348755
30181,0.003278334234585719
30184,0.002828052734679526
30185,0.002182631193635999
30188,0.003807626429119237
30194,0.007901952387111293
30196,0.004091729794761745
30197,0.0194143387222647
30202,0.043346238887529615
30206,0.002304958299330394
30207,0.02558333136018684
30208,0.0001281407800492237
30209,0.002970772128933483
30210,0.002315035468824706
30213,0.02701195827874491
30214,0.0030444785480803673
30215,0.13662572686188332
30216,0.04271970937188293
30217,0.011692481044136711
30218,0.01604887552593064
30219,0.003374077066861573
30220,0.024248743177955633
30221,0.0019929111174044984
30223,0.0036702863263395886
30225,0.1309561075249084
30227,0.028468221241209093
30228,0.003331675970051947
30229,0.005777568310882993
30231,0.018052224324887445
30232,0.00035748093566665903
30234,0.05131689991755114
30235,0.1411601043104671
30237,0.011629618159020125
30238,0.025551401067767977
30239,0.0027548933606866654
30241,0.006370771434607418
30243,6.107669071567734e-07
30245,0.00492001036599735
30246,0.018052224324887445
30248,0.017235453146483896
30249,0.05533714350525453
30251,0.05137163457289395
30252,0.0006850219689663049
30257,3.753269536795282e-09
30261,0.003653556734403881
30262,0.0025045262800960535
30265,0.0023008729131132406
30267,0.003611480342948252
30269,0.0009752000571898293
30270,0.019669964388741176
30271,0.02748986426579092
30273,0.0005697916585164159
30274,0.007221048005227265
30275,0.03936359394721105
30276,0.002939643402406097
30277,0.01883538337601382
30282,0.0023052479242503415
30284,0.0045744442575420844
30285,0.30468930401700983
30286,0.005256873526398939
30291,0.07280284492236086
30293,0.0992446942536592
30294,0.0046928868320425315
30295,0.01003330097921231
30296,0.031793717980949605
30297,0.009195646299493028
30300,0.018932568840223884
30301,0.0922245552278341
30302,0.032912867029892996
30307,0.0002698264625406493
30309,0.0016991587823318051
30315,0.006286887489674401
30318,0.005005686762884579
30319,0.030936306653026664
30322,0.03594106782522975
30323,0.000186259339845627
30325,0.000658785555949894
30326,0.030847065582906792
30329,0.006843274562533609
30335,0.0351003763708762
30336,0.004071947501500815
30340,4.3632835708356824e-05
30343,0.004186529738108653
30345,0.029864585026707562
30350,0.034480984446685715
30351,0.021708917342602677
30352,0.02152901305588
30355,0.005668053015909146
30358,0.01644086896067573
30359,0.009393066491926571
30361,0.02423140330207584
30363,0.018959487587472474
30364,0.06603719648011941
30365,0.007032255867513645
30366,0.004533632716177015
30367,0.1139900966341178
30368,0.005794519473702915
30369,0.019131187606119014
30370,8.247912924060907e-11
30372,1.570469753865329e-16
30376,0.0049895875592048606
30379,0.007791529698094655
30380,0.010107910031465054
30381,0.004926727371166899
30384,0.00016477515692810816
30386,0.0009121055574928024
30387,0.006133389647920724
30389,0.02058600314756968
30390,0.012039532159973512
30391,0.05974270507385509
30394,0.01891207147265395
30395,0.0025230604941194348
30396,0.04585616870253033
30397,0.11391354157831515
30398,0.04141816940428396
30400,0.02321180283242856
30402,0.022684405150339457
30403,0.0022467313100737775
30404,0.004066775039842264
30406,0.002014449285889119
30407,0.033953405306513654
30408,0.018571795282342644
30409,0.012280089154056706
30410,0.006463469820195671
30415,0.00428408920541758
30417,4.777243484163549e-05
30418,0.018052224324887445
30419,0.0026322263754712115
30421,9.75132215553352e-07
30422,0.013675687272277042
30423,0.06883193551535609
30424,0.08073453983203138
30425,0.003731593876202081
30426,0.008561200571976893
30431,0.09062866555125959
30432,0.0052108050965261644
30434,0.1477152808792598
30437,0.0037102013155209316
30440,0.0010913575797431886
30443,0.019401508622713084
30444,0.003677508043204204
30448,0.01883538337601382
30449,0.004929311203421756
30451,0.005781468095659765
30453,0.0004175030237444143
30454,0.004497686910440492
30455,0.03325575141072904
30456,0.1043952946350425
30459,0.09643346745101207
30464,0.016875697819295512
30465,0.003023716088274169
30466,8.752761595966999e-05
30467,0.002855376017181646
30468,0.10999807576262077
30469,0.004913861175316577
30470,0.13464319496403002
30472,0.009752760232868841
30479,0.05230890069645173
30480,0.0004581196517348869
30481,0.0028966985018179805
30485,0.010855838573832693
30487,0.00030409243039053886
30489,0.01809174628475686
30495,0.012441763269452821
30496,0.004675124964710616
30498,0.04270911207533987
30501,0.03616466823445973
30502,0.025269239875635396
30503,0.1122613826914366
30504,0.005631142945246658
30505,0.003947276729561885
30506,0.03757376360323847
30507,0.10445621337872822
30508,0.041775390453425564
30510,0.0006122700389212117
30512,0.0030188209332019838
30514,0.008686143014730481
30515,0.0822667809408958
30525,0.005486806943515384
30528,0.1456268113882078
30529,0.018052224324887445
30530,0.04711885569079496
30532,0.0013763483772250198
30533,0.050133904198958065
30534,0.06043591717558731
30535,0.07247164599894176
30538,0.010230384757410425
30542,0.0012475016787909226
30548,0.00420470695599959
30550,0.0057914397662094975
30551,0.01862951991517062
30552,0.01451985933526581
30555,0.03243973687113075
30556,0.004674878177705961
30557,0.040840576769150067
30558,0.016005100127756078
30559,0.09763636849564457
30560,0.00022400477804119208
30561,0.003404716637738372
30565,0.002671334224750026
30566,0.036308407748614754
30569,0.04199509464719409
30570,0.006199419344773016
30571,0.06946261645148817
30574,0.013154214153792256
30576,1.412053333173711e-05
30578,0.007227591869140481
30580,0.214190034844968
30582,0.003287391571953131
30583,0.020028369674835393
30584,0.0027368252193917877
30585,0.044479698644615755
30586,0.005165734347101333
30589,0.018052224324887445
30594,0.005635266162639492
30601,0.039773270693703414
30602,0.004608813852817573
30603,0.0035966761007715405
30607,0.024464860776672613
30612,0.02483388258941765
30615,4.603043394077866e-13
30620,0.007453211790562624
30622,0.021548560155772424
30624,0.0013816335657982506
30625,0.030429584083778043
30626,0.006454474406593994
30629,0.01984117686317875
30631,0.004420315411769005
30632,0.01840609135154685
30633,0.0038309962975585196
30634,0.0042043002255396185
30635,0.037499464304129995
30639,0.02425739192743024
30642,0.09642569429736457
30643,0.020372188919280703
30645,0.0016452452800047649
30647,0.11112540158905986
30648,0.008782511674461101
30650,0.13147877505685454
30651,0.0032878150076905343
30654,0.010427346799277877
30655,0.01222845295451954
30664,0.022289999568209956
30665,0.0010663308673966008
30666,0.14426524705621058
30667,0.00992078775928104
30668,0.014308885376475091
30669,0.02992437647374918
30670,0.002996936358156072
30671,0.0017345137893698525
30674,0.11999345999696585
30675,0.005964701772231865
30676,0.012820558578921459
30677,0.003036590504192882
30685,0.002145766607852787
30689,0.017918444810742402
30692,0.005038534012358276
30693,0.12234816594655375
30694,0.014637587842038781
30695,0.0036136223752526765
30699,0.0070568025298146
30706,0.007232176814550185
30707,0.006447997355197511
30708,0.017921568529467982
30709,0.004181916650178095
30710,0.010246421277589755
30711,0.053565663196571044
30714,0.056844584127204854
30717,0.003997359100319075
30719,0.00016047539246582127
30721,0.005987806370775209
30725,0.004084438636161641
30726,0.004551406004500289
30727,0.13305278503110515
30730,0.13440040341280346
30734,0.00868380268090286
30735,0.03629118187755717
30736,0.0030251294704867473
30737,0.02779704584474143
30740,0.004952537937761491
30742,0.0004714308648806247
30743,0.012485491011761933
30753,0.025766965939921244
30755,0.1367154936270716
30756,0.004961378298107364
30757,0.016999082317333845
30760,0.006228388246079726
30762,0.00971226149622298
30763,0.12364442070374275
30766,0.032182827997861284
30767,0.060890941730626806
30769,0.002744667877212369
30772,0.009168656175339508
30775,0.004832216883089798
30777,0.08440882205871035
30778,0.044955636920230725
30780,0.002470454902847606
30785,0.10959329985673709
30787,0.003086234824423061
30788,0.03407732025603973
30789,0.023473065433334262
30790,0.05908010867525039
30791,0.019484781863504334
30792,6.066940320131504e-05
30794,7.898130910357751e-05
30795,0.03196892464618265
30797,0.02348431958625921
30798,0.03166096250567791
30804,0.0068099718999013615
30808,0.0077334004861366054
30814,0.003840293285638417
30820,0.004879294121389538
30821,0.00127623283889927
30823,0.0030310506536841055
30825,0.006182922881752099
30826,0.08847524789039302
30827,0.012928581531741963
30828,0.027170806702376784
30829,0.008775275398138924
30830,0.0036266434087445774
30831,0.10392581904102491
30833,0.04413451726368815
30835,0.019660455262067375
30839,0.0011518274490638187
30845,0.05272619349537112
30846,0.010124035412994576
30848,0.000716735379462607
30849,0.019603716954072654
30851,3.122800285882608e-07
30855,0.028853559033749684
30857,0.003959249832336214
30858,0.004526359399344309
30860,0.02345974485015756
30861,2.472584870958417e-08
30867,0.034037527555067865
30868,0.019099171987567703
30869,0.0034056823553054887
30871,0.009422036136191279
30873,0.023095227652023844
30874,1.638812005294273e-05
30875,0.004075378020962505
30878,0.013694049465812236
30881,0.015523313960226076
30883,0.006913900833270709
30884,0.0934231592875582
30885,0.02165359780335458
30888,0.08445498739240014
30890,0.013753865324803436
30891,0.0004886247294460713
30894,0.1145475419203105
30895,5.770760140941532e-05
30896,0.027809579235923833
30899,0.028611127403652188
30900,0.0037201047585759053
30901,0.006877897198133996
30902,0.028774691220964013
30903,0.10382054746941174
30905,0.002433048755912286
30906,0.03314633620583624
30911,0.0016668029362732284
30912,0.030395619511991157
30913,0.004579781328324403
30915,0.019331235875412012
30916,0.12566517150452686
30919,0.005429241715370785
30921,0.0178044588487313
30925,0.06195032721230324
30926,6.166189453886375e-05
30929,0.01886185142658129
30930,0.008591813898512449
30938,0.012792444675063935
30939,0.0038827369665494593
30940,0.00413891525217089
30941,0.006763522150300621
30942,0.0007154640126069926
30945,0.004219158819034187
30948,0.003036598696879222
30950,0.010004724540011641
30951,0.003885975097498798
30952,0.0003315284770591889
30955,0.04309860995341975
30958,0.003816257692279291
30959,0.0034624151556216427
30960,0.0034558165286425746
30961,0.005573489945695734
30963,0.0031218812640368713
30965,0.038470110027364425
30966,0.10931155475479408
30968,0.006900409830023376
30969,0.016944925834301572
30970,0.004816725495911265
30971,0.15750290324166358
30974,0.002059366872780183
30975,0.06879311806831953
30976,0.0019017575689784707
30977,0.008641826343741024
30978,0.02049654999449381
30981,0.03909301963347288
30983,0.018815763961937494
30984,0.0034051990489875126
30985,0.06813827418389623
30986,0.09876014969510313
30990,0.03319104969382097
30992,0.003949917008212176
30993,0.00450705387144707
30994,0.00027804615734406524
30995,0.0019217589139253958
30996,0.013871902704035287
31004,0.0017777362261761904
31005,0.010847820638081035
31010,0.002229238416058421
31011,0.10010914555282881
31014,0.006456126867893047
31015,0.009721357208184327
31016,0.0037772034767564393
31019,0.07278050546079662
31020,0.028678776059796345
31024,0.18368267654266068
31025,0.005565175254416795
31026,0.005548747713190356
31028,0.001963892460159511
31030,0.018052224324887445
31032,0.00273846089242198
31035,0.03496095506062127
31037,0.010071941183018579
31038,0.03162907784135173
31039,0.03496496401054494
31044,0.0006522950308639258
31048,0.1160887090061014
31050,0.004618209434190292
31057,0.0006580488959395165
31058,0.009126403762187043
31060,0.0019882472377770453
31063,0.022532466741052866
31067,0.0846015700553169
31069,0.011965523025033467
31072,0.0009159954575829628
31073,0.002283913386953856
31076,0.001837736741403647
31078,0.016765029907422645
31080,0.003987024548109693
31081,0.00663012977051886
31082,0.0055405545169036115
31084,0.004741928171816341
31087,0.0040123942754595335
31089,0.001339836855165472
31090,0.14426440840079366
31098,0.003079798371590277
31103,0.06024795377551665
31104,0.0030452522677808127
31105,0.02551423248521282
31106,0.002986292221493439
31108,0.00044581440829223184
31111,0.005650804889854642
31112,0.014065597666027064
31114,0.11261909879935625
31115,0.009619637041209937
31116,0.012278773710510915
31117,0.025086050266780874
31119,0.022144921743107178
31126,0.003036524963495455
31127,0.006091833227159982
31128,0.0077141418916655225
31132,0.020404312804781343
31133,0.004012380252559858
31136,0.06585380549440552
31138,0.005105483436988869
31140,0.014509743940755245
31141,0.09671597798635724
31142,0.019078987149061234
31144,0.0009192512968428933
31145,0.003664517732478676
31146,0.04313907557840657
31149,0.017289443452492177
31154,0.004493171082602831
31155,0.0010738845090834356
31157,0.017346639142115892
31158,0.016846191277659572
31160,0.02127842110323201
31162,0.009078422156035585
31164,0.0241265337459359
31165,0.001996336144923734
31168,0.0627506570885241
31170,0.05146917630014575
31175,0.006120853243789613
31179,0.03757007082476265
31180,0.018693416017984504
31181,0.003036598696879222
31182,0.02424287077183345
31183,0.005411431510853356
31189,0.041698059274510285
31193,0.006255267830056155
31194,0.011698237773695238
31195,0.006408915392134314
31200,0.006225912252159213
31201,0.0012288592123474195
31205,0.020098523522551988
31208,0.006124387387355266
31210,0.1160887090061014
31212,0.004435986787155599
31213,0.1465280408061869
31218,0.037949034004007315
31221,0.006072682110096917
31222,0.0075962535706133845
31225,0.0034623910599918643
31227,0.007109964559876154
31229,0.004048521650600505
31231,0.02116412473890336
31232,0.026613276697484114
31233,0.008798125795379155
31235,0.007989168673931426
31237,0.004111964064461229
31240,0.00272755128858453
31244,0.04673482500307404
31249,0.0034624190725720014
31252,0.0026327567682656286
31256,1.4601729744200729e-06
31257,0.09671597798635724
31258,0.00032235050469884137
31260,0.1412047890141355
31261,0.09466049604017301
31262,0.002059256237892313
31266,0.005365077761885079
31270,0.022644006056897658
31271,0.05577169722121337
31276,0.008237028276141962
31277,0.014407435407792404
31280,0.007065148560180941
31281,0.03279377606540173
31283,0.06564576509716684
31284,0.013635751138534815
31285,0.01089636874644818
31286,0.0039422934579339715
31288,0.0017746271559443538
31289,0.026885777059236615
31291,0.004893741041788583
31292,0.003013704189367035
31293,0.0137725746211299
31294,0.03283146681253122
31295,0.11108004462735953
31296,0.0007327580268532078
31298,0.004421488745735875
31302,0.00603481149789847
31303,0.01002240066696105
31306,0.005952523552222137
31307,0.003917438884709406
31308,0.049223658909655854
31311,0.0047012505141875004
31313,0.08050651315585643
31315,0.0027955667624998213
31316,0.022687256063219384
31317,0.023166047939094256
31318,0.007428766314747761
31320,0.005076580217560164
31322,0.014653924697352372
31324,0.02850853591285906
31326,0.026915856933930705
31327,0.022304453801130563
31335,0.005957638141291099
31336,0.006631992470909608
31337,0.019609513362720484
31339,0.012888199050473089
31342,0.012050520025669802
31343,0.004392051873798997
31345,0.017592085349638003
31346,0.004519955447124737
31347,0.0026438243781713167
31348,0.020253884216741264
31349,0.0033801504402617456
31355,0.051793054246768805
31356,2.540554351324097e-07
31357,0.027016724893431328
31358,0.003947249382875173
31359,0.11139352741937229
31362,0.00013882831814496243
31363,5.653466093604321e-06
31365,0.0034170309439443907
31367,0.00297368648685323
31371,0.013293486026577999
31372,0.05037550238104378
31377,1.6490187622192721e-06
31378,0.0028157446484067244
31379,0.005408280242626249
31381,0.04138549927808903
31382,0.019397278913621824
31385,0.0024033790582577317
31387,0.027086890816290808
31392,0.0010536586317524855
31394,0.04809674484750228
31396,0.09614392810154537
31397,0.006386616477619819
31398,0.013002891789070605
31399,0.00408389817856677
31401,0.0018817495761329647
31408,0.02848406302117016
31416,0.1363164271402253
31417,0.0002765861982855672
31418,0.08406311693790261
31421,0.006111010256316199
31422,0.004619599471182425
31424,0.027945129262809017
31425,0.005173807434018766
31426,0.12036269290098565
31429,0.009369542708947434
31432,0.04259869150448716
31434,0.029529127278792536
31435,0.014294131720886914
31436,0.002130010187680503
31440,0.025411347986037877
31441,0.005724422340080317
31446,0.0004390778754572338
31448,0.003917529072549117
31449,0.005356618177679157
31451,0.0013660790276115446
31452,0.03343275555305003
31454,0.10729464881504344
31455,0.15406929281613002
31456,0.022902172846454284
31457,0.003036598696879222
31458,0.006004005310016744
31459,0.028377353854630156
31462,0.0403361758141103
31463,0.004261031802387124
31464,0.1388304879092017
31470,0.005030189391657472
31472,0.003952788786108996
31474,0.02602095518517896
31475,0.025994640714269043
31476,0.05471042728197381
31477,0.007976112970380306
31478,0.053987250857031474
31479,4.660566166136723e-06
31480,0.06811092201929944
31482,0.032706043410332473
31488,0.0003224862025764558
31489,0.08200405493413364
31490,0.0042086318536895375
31492,0.0015534686896436004
31494,0.0013908287337737544
31496,0.12967374252904354
31502,0.008180372692046212
31503,0.007644225359816226
31507,0.05209706433227209
31509,0.012519224853558388
31510,9.542990627222975e-07
31511,0.03826737197287084
31514,0.03541691560706647
31515,0.005674297001581759
31517,0.018029685933593758
31518,0.02313624524195832
31521,0.06177160273297561
31523,0.07680423020886801
31524,0.001352330535266745
31525,0.017670767629719232
31527,0.010875457776000476
31529,9.695747592277797e-05
31530,0.002937704036089364
31531,0.0056711670276605765
31533,0.12876997208855426
31534,0.00322719863129608
31541,0.003509491040364358
31544,0.003690879718367615
31546,0.001839395869749625
31548,0.0002372154088124548
31551,0.0029862764150018974
31553,0.02152019359088157
31559,0.008827440815241158
31562,0.11515891736429613
31563,0.04569237611012005
31564,0.025156239508158082
31566,0.00434083189040503
31569,0.025496431942866847
31571,0.0054268146579901436
31574,6.617772692260913e-05
31576,0.020291312879242063
31577,0.006167592840344289
31579,0.0018052113536756388
31580,0.021739427651993163
31581,0.1246545555933769
31584,0.010533023013363374
31585,0.0033305401603018763
31587,0.025394272317989144
31588,0.015164086792622678
31589,0.005674200034571567
31591,0.002320394226852658
31593,0.00019975293073544735
31594,0.02291777175640613
31595,0.023952246342771665
31597,0.012868791912968277
31598,0.012507426318132387
31599,0.07702476759064832
31601,0.015445747187430282
31603,0.024477512472159544
31606,0.0012346709499581215
31607,0.005789430231957025
31608,0.03795806118979496
31612,0.023833096439276454
31614,0.0026742206059522165
31616,0.013861033520247359
31622,0.049484413492354315
31624,0.009481976193265516
31626,0.052918667052012355
31627,0.003945658635951259
31629,0.02718525028840846
31634,0.005537566424930827
31636,0.0021348687107140907
31637,3.8308562508815365e-05
31638,0.00373075843995909
31639,0.006134033469420078
31641,0.004230728434278454
31642,0.029009799019983025
31646,0.012532046735552022
31648,0.009853494152198975
31649,0.004686978031120823
31651,0.08520637675403632
31652,0.060370138656241634
31654,0.003187988927092024
31655,0.03570975959994944
31656,2.615004025016599e-05
31658,0.0034239724433507866
31659,0.022094872782058746
31660,0.10309681920272926
31661,0.0039325819786876146
31664,0.017187545894199092
31665,0.022264035423269563
31666,0.10507516688843987
31667,0.021754813736485676
31668,0.002830075461558915
31675,0.007961690947257618
31680,0.008620499121469513
31682,0.0002780683027978099
31691,0.03881960482768827
31693,0.07240344618770314
31695,0.021357264648297705
31696,0.009272125092033264
31697,0.039404903925991296
31700,0.004157908329122994
31703,0.036196069981305874
31704,0.005336442082357962
31707,0.0001688586474537803
31708,0.07496707773665666
31712,0.024993748734397102
31713,0.014589079126942683
31714,0.053695170517013474
31715,0.002756752551370882
31716,0.009591667437274501
31718,0.18844516484051524
31719,5.310780871399518e-05
31721,0.005058545532480141
31722,0.018052224324887445
31723,0.007660236570598633
31724,0.003940895126596193
31725,0.005881596479923988
31727,0.12132356382740758
31736,0.004123943843302549
31738,0.05386975752658857
31740,0.04080628891210455
31741,0.003519401781228712
31743,0.003735921978579841
31745,0.01924734135602889
31747,0.010999124601490723
31748,0.019371220771981525
31749,0.1337399679493074
31750,2.873299577027416e-58
31752,0.0013854558573449252
31753,0.00894186314786423
31754,0.019660159538347623
31757,0.024482489988182067
31758,0.02610732636258781
31759,0.0035564920974434358
31762,0.021881339405868887
31763,0.0175858058319841
31765,0.07667761897818569
31766,0.031629297895145854
31769,0.041679752814952654
31771,0.08180223924546831
31772,0.006976497295510744
31774,0.034349958473775505
31775,0.002261689275575063
31776,0.037275353704791035
31778,0.14070851350967067
31779,0.003413049023811402
31780,0.005838224884410803
31781,0.0019019215432928768
31782,0.023527660234787376
31784,0.040579359302221424
31787,0.005114620030423158
31789,0.049872888951034186
31791,0.05827235539532076
31792,0.007110112724435265
31797,0.00806240772319767
31803,0.0032418771429272063
31804,6.409637733272964e-05
31806,0.006265398167274347
31807,0.0486225317760428
31809,0.012559590464759678
31815,0.005683499163454862
31818,0.002978919338109949
31821,0.003721755721789074
31822,0.0381955596311142
31823,0.00836910221896877
31825,0.13457636819304972
31826,0.007403301865277376
31827,0.024364988114154523
31829,0.0036271321996814
31830,0.002991562412569624
31835,0.002925393710411368
31837,0.030289784857354753
31840,0.009536528852298377
31841,0.004675092605412739
31842,0.020899593262354313
31849,0.003031202305603762
31855,0.005201915690834269
31857,0.002423698742465813
31859,0.09948932456215631
31866,0.04132606082596958
31867,0.004071240797910182
31868,0.026665274292483634
31869,0.0065400040693819736
31872,0.00661378802973395
31875,0.011364484867594917
31876,0.0658623896697769
31877,0.0016348422473287697
31879,0.044569290691063405
31880,0.004395210272049642
31881,0.0016089429761528427
31882,0.004565085131081191
31884,0.003654630376988606
31887,0.010687679671431999
31888,0.0736202461817359
31891,0.005869578000346447
31896,0.05373288971493318
31898,0.05844563146209624
31901,0.004358858964214215
31904,0.026195364254036554
31907,0.10323397815349193
31909,0.0071387393817293355
31910,9.392342531680263e-05
31913,0.0035240723213236305
31914,0.006888860684021285
31915,0.0038986332597972487
31917,0.012292989951397222
31919,0.08804517480190995
31921,0.0314826326433569
31925,0.14987228571632918
31926,0.13379429993832298
31927,0.007454909509870005
31929,0.0038202471050606747
31932,0.10277989273717554
31935,0.004648613864650937
31936,0.07603213733341124
31937,0.03551007513386084
31938,0.003036524963495455
31939,0.00881102827545086
31940,0.02673683561006335
31942,0.003972907680842303
31946,0.012343950714761815
31947,0.003779944939576553
31948,0.07986901355899188
31951,0.004913676803215433
31952,0.004619601064531301
31953,0.00019622649828748186
31954,0.10145757932483329
31956,0.0033594473473170135
31957,0.045296823084699823
31958,0.011825260736555557
31959,0.021888532131842078
31960,0.010341411543264487
31961,0.030255520077221387
31963,0.014279015767058967
31965,0.02183168483798876
31967,0.1289505379000994
31969,0.12357603311627721
31970,0.008260207602196826
31972,0.04083184927064656
31978,0.04640464383337905
31979,0.08970552920294722
31980,0.003749112102567511
31981,0.0038022456888086274
31982,0.015861071543196555
31983,0.17300623316875016
31988,0.0030365167710074406
31989,0.024053419944615777
31990,0.010440601392346977
31993,0.02099637319926579
31995,0.0016749631487558904
31996,0.005699220008917849
31997,0.026728215928758108
31999,0.0037992679797243037
32001,0.02727076698984217
32002,0.0037625141957078534
32006,0.006023467044795643
32007,0.081946014204578
32009,0.009223589251742327
32011,0.003408822194129755
32014,0.0030364840012757285
32015,0.004276782740862678
32016,0.02179403400769381
32017,0.002990661887715192
32018,0.002994174428405382
32019,0.05457560146596854
32021,0.0026469739364872492
32022,0.004591262121085151
32024,0.07930610776145834
32027,0.003344601978057203
32028,0.027968880453517617
32030,0.0020180655446994425
32032,0.004031680832468829
32037,0.015395486396681696
32040,0.017144462076381466
32042,0.005535276279829518
32044,0.001691867825676763
32046,0.013694049465812236
32049,5.250166471482736e-05
32051,0.00022526035273060449
32054,0.004712483319564474
32055,0.0062103348984657546
32056,0.007628017310532534
32057,0.0042124468212323294
32058,0.05075052911547552
32060,0.002999776708365301
32061,0.006013684855300942
32062,0.03581240061482086
32063,0.00723761046104815
32064,0.0009978980532817814
32065,0.016888317570953944
32071,0.01985302690129403
32073,0.019792940008738314
32074,0.15431519251958173
32075,0.0393455174493897
32078,0.03542083201611404
32079,0.538273804241896
32080,0.004752487406711625
32081,0.14119480412098984
32083,0.0027042733167153836
32085,0.004585846907690932
32086,0.056520173547130015
32088,0.13106924849167964
32089,0.011559475950320744
32094,0.014795079867895689
32095,0.003247141567977148
32097,0.005202332705402985
32100,0.01431162709560272
32101,0.032488766452276524
32103,0.005200551130288035
32104,0.026394800734130548
32105,0.0189051372808798
32106,0.028373796287055237
32108,0.011032039270262072
32110,0.034514354677613227
32111,0.037077548235397016
32113,0.03079091330061708
32115,0.017268979413500318
32118,0.020797526796832735
32119,0.01581969038515787
32121,0.005008067471477095
32122,0.0041095063886674235
32123,4.4608933997310066e-05
32127,0.009831541986598151
32130,0.0008975359923819081
32131,0.00024023878863451055
32132,0.005077982287081345
32133,0.004183459114694013
32135,0.0697913212953795
32139,0.005244555570534985
32140,0.06728479567338112
32141,0.000854195121645124
32142,0.0008157285544251267
32145,0.016334551744857373
32146,0.004137907865944572
32148,0.003261047993925792
32150,0.003565491283706416
32152,0.028128349315720128
32156,0.013425625572542964
32161,0.043936495954930016
32163,0.04148559087869333
32164,0.0025974800443328196
32165,0.00513519787035745
32167,0.10892150816905738
32168,0.003932923613140361
32170,0.023462498627104547
32172,0.03543700527235729
32173,0.018052224324887445
32176,0.06888399658354237
32177,0.0216169642200538
32179,0.006280758830197125
32180,0.003645632590184284
32181,0.003243020948287415
32182,0.05277496211091195
32183,0.014849493117119854
32184,0.0037996007943433933
32187,0.028968165589504217
32194,0.04338721580414141
32196,0.04569786687383469
32197,0.030289784857354753
32200,0.015377121856784493
32201,0.004160272431799244
32202,0.010408251197140238
32204,0.020607128085141698
32205,0.00021613579042829582
32206,0.13081072084862125
32212,0.003473087833035706
32215,0.005129625238249854
32216,0.025265067043231292
32217,0.0040864426783449774
32222,0.060592526084538696
32224,0.060468597418602256
32225,0.005523955369848377
32227,0.008027890143079352
32231,0.12443148481804417
32232,0.03162134826477435
32233,0.013657668993398778
32234,0.0030363986420127863
32236,0.00335753461420791
32241,0.041933180791674775
32243,0.0037883908973168692
32246,0.003959315694944398
32248,0.00012755664024457401
32250,0.003779027278631506
32255,0.016291129213456462
32256,0.04080981477406554
32258,9.482439336880537e-07
32260,0.002637458100484165
32262,0.0034623124440477395
32263,0.026532751670937507
32264,1.6268260306229453e-05
32268,0.02450418843514185
32269,0.005635347300967005
32271,0.12488345037143395
32272,0.00376635308505842
32274,0.04818576375939137
32279,0.010643940615307622
32285,0.020846795391058267
32288,0.012246635887963606
32289,0.006275614192616494
32294,0.003144446936504026
32297,0.03515496621357582
32300,0.005689325682914574
32302,0.003462314402464476
32304,0.1346132644224808
32307,0.026872867437904877
32311,0.004592179189740149
32312,0.10119949892199333
32314,0.003396848250336491
32316,0.026963802971467783
32318,4.838690588773375e-05
32319,0.009522092537719247
32320,0.001307207058718836
32321,0.0034043133025580406
32322,0.024032048272926477
32329,0.0070328991421891324
32330,0.019184928712877754
32332,0.0037478998591899547
32335,0.0074764884787854105
32336,0.029802523738647453
32338,0.004400658948278461
32340,0.132935190896259
32342,0.022246639278793483
32346,0.007678662503624467
32349,0.01102831995491312
32353,0.004371561596639793
32355,0.041037633468047806
32360,0.0592005062622924
32362,0.003864303510691164
32367,0.0015891432894326527
32368,0.003036521526880638
32369,0.01934364726161326
32370,0.009101933388270936
32371,0.003036424936841183
32372,0.024910992556943585
32377,0.004679686154063255
32378,0.01866441397072109
32379,0.0005987281971417188
32381,0.024519834661294544
32383,0.004460599788192053
32384,0.00028907087012664814
32387,0.01720887906254418
32389,0.014185813263185723
32390,0.05046617822213654
32391,0.029344069188119732
32393,0.005858829508420002
32394,0.004660352894913588
32395,0.0026617812467701267
32397,0.0379400203512607
32398,0.12292364382634599
32399,0.00444899342829691
32401,0.093843637305228
32402,0.14696996555030867
32403,0.003592001812475352
32405,0.0037879175972815567
32406,0.019559082574168708
32410,0.0017336108131570985
32414,0.11735075181039965
32415,0.012611990636989149
32416,0.03760505369652845
32419,0.0033302531748302124
32420,0.051354249873057686
32423,0.006411767927878378
32426,0.002608446650541482
32427,0.026979915882500156
32430,0.12239233159920183
32433,0.0056031277101710585
32434,0.029617063719601593
32436,0.024482489988182067
32437,0.006218559444853784
32438,0.032850701590360125
32440,0.020832484156901275
32441,0.004612160550645997
32442,0.0033590467309079636
32444,0.01979522954959221
32445,0.003953764872644725
32448,0.02893762276442841
32452,0.028157506020513298
32453,0.006066292715783711
32454,0.01889824815557119
32455,0.003980389583272354
32457,0.02879367360374815
32458,0.014229545154690191
32461,0.018409708294643497
32462,0.0028585923324294417
32463,0.04969900056790629
32470,0.007475335348433559
32471,0.03258544610300205
32473,0.0014553072040150363
32474,0.042653062539211264
32475,0.0037010979371872236
32476,0.01805654851734733
32477,0.06315912911625217
32478,0.0013991219753422064
32482,0.003748013443161296
32484,0.0029822625009670815
32485,0.01803946981577507
32486,0.007196072005958186
32487,1.1972810339531387e-05
32491,0.007747929269992529
32492,0.004891341742122934
32493,0.045291454285947205
32494,0.0035974978463736056
32495,0.02262900644428429
32498,0.012882089101303121
32504,0.030525747642835808
32505,0.006183212772888209
32508,0.0036701293150439773
32509,0.003543451067455589
32510,0.007037245456555126
32511,0.10099813035907024
32512,0.010874976374201567
32514,0.0036524492619010047
32515,0.011390210023824494
32520,0.02236206564086419
32521,0.032692548951475726
32522,0.025664092021575793
32524,0.009730047393420304
32526,0.025244225253102725
32531,0.09684495912058011
32533,0.013694049465812236
32537,4.9878243834971554e-05
32538,0.019307843729352486
32540,0.004463068997604603
32541,0.0017547116159128294
32543,0.018052224324887445
32544,0.01966353954967986
32545,0.06451365755886031
32547,0.003046466414315537
32548,0.021147818762321965
32550,0.006372235260640641
32551,0.04662022930469644
32553,0.003155984930892187
32554,0.0037994806792132864
32555,0.005469721966616505
32558,0.004631980188097106
32563,0.02586088614309694
32567,0.0029094768562721025
32570,0.0240065782078179
32573,0.0033278515781852923
32574,0.08321332633626442
32576,0.0028780594130690526
32577,0.007789271786937198
32578,0.01689603700498873
32579,0.11112540158905986
32581,0.05075820768233884
32583,0.05364524434024485
32584,0.03658633834414374
32592,0.003174459794917955
32593,0.00840464714383472
32594,0.025911711728766947
32595,0.002559962001377186
32596,0.0936299313312784
32602,0.06535314147763317
32603,0.00760206892724139
32606,4.6329457639508825e-05
32607,0.04352457928052188
32608,0.025836977276825795
32610,0.004078853934507763
32614,0.004796143007384533
32616,0.012221433326869268
32617,0.0031770719828884946
32618,0.018052224324887445
32625,0.01142444879670915
32632,0.01504012870919846
32633,0.022319001335211926
32634,3.938804425713455e-05
32635,0.0041832915811531
32637,0.08098592761210206
32639,0.08182468142046923
32640,0.0036329578193830163
32641,0.004134857126913259
32642,1.2557487734019016e-06
32643,0.0038216133862005153
32644,0.019225891052996623
32645,0.002757492922028047
32647,0.003680030372986352
32648,0.016852223948142217
32650,0.027323161366492533
32651,0.023610924000889103
32653,0.030728319364554384
32654,0.0007696926453672207
32655,0.03305657272025376
32656,0.006473112143582124
32662,0.036735724125986864
32663,0.004351469386013427
32667,0.003036521526880638
32668,0.006025719463990486
32669,0.00019968813191547535
32672,0.0018835595187945888
32673,0.006553444500968772
32674,0.13000461753067047
32678,0.059571266312269784
32679,0.01776853848321092
32682,0.052409679924380066
32683,0.01938992100515793
32684,0.002266660838911795
32685,0.007703357487524144
32686,0.003993706643635576
32688,0.008202343596207508
32695,0.032412480920416466
32698,0.029449592657001426
32700,0.10683971845611441
32701,0.006584617049620509
32703,0.032841134481810065
32705,0.01804663378047304
32706,0.09671597798635724
32709,0.010787093071683728
32710,0.006789257242957161
32711,0.003183483640193802
32713,0.0030765337820482393
32714,0.005410951036650317
32719,0.04685382359045699
32720,0.06843614191697062
32721,0.0040548680551695405
32728,0.03433066395241939
32730,0.06363042122918348
32733,0.01060991602089723
32734,0.039372896817918376
32735,0.01479654850632238
32737,0.06279810462807146
32740,0.0031280074292967005
32741,0.014461111164063635
32743,0.051203998247360064
32744,0.0028651038668687564
32745,0.10490313470161726
32747,0.003532547077359749
32748,0.18537173758399603
32749,0.022208780612862113
32751,0.03538874909821969
32752,0.03863728895145787
32753,0.04049528154434113
32755,0.0054736509144152025
32757,0.0052462809969976544
32758,0.003663341701242774
32760,0.0033093956162022014
32762,0.009878183935016924
32764,8.462870162138285e-05
32765,0.008097425916978634
32767,0.019549183803558263
32769,0.005801985132560638
32770,0.0032943719814445102
32771,0.14751232963649594
32772,0.10253042936273471
32774,0.027564317719394854
32776,0.013778890868388585
32777,0.0035495162308595927
32778,0.05253406615429348
32784,7.356897078690244e-05
32785,0.04186953216156468
32786,0.13911950702603648
32789,0.02588969841825544
32791,0.003617011577934526
32792,0.11734444454497857
32793,0.00027747020489550425
32795,0.026054425818864177
32796,0.02763515004575596
32797,0.048337756915080556
32800,0.00836832261872439
32803,0.03305969583692623
32808,0.002957434280020509
32809,0.00394190793287388
32812,0.012829752559768455
32814,0.0035107611676789747
32815,0.012049926439207147
32817,0.003993030913888537
32825,0.004559160589206076
32826,0.003030631900814168
32829,0.008848305885571605
32830,0.05679191730334826
32831,0.14149217207395162
32833,0.004264534951289777
32835,0.002647726758332021
32838,0.1500518940417715
32840,0.0033043085429507275
32843,0.003957671510993151
32844,0.0211527096368253
32845,0.005362773605500682
32850,0.008812121997486443
32851,0.012021789823188703
32852,0.00666515151430159
32853,0.004164841238566082
32855,0.0031643243847385713
32856,0.008706718418136214
32857,4.341484475510825e-06
32862,0.12590805644166198
32864,0.024954067507761843
32866,0.0959043889451443
32867,0.0023966927190713035
32873,0.02016218260146587
32876,0.06519682453439668
32879,0.013157611704116171
32881,0.00328543578793089
32884,0.01841674066274033
32885,0.021771508116256055
32886,0.03229566985030722
32887,0.0065958347794824405
32890,0.05508122083361594
32891,0.002350591668294481
32896,0.012706741574357059
32897,0.0879374872462587
32898,0.008401934447903301
32901,0.0610356956448638
32902,0.023462498627104547
32905,0.09828206118124311
32906,0.0008780016696343294
32907,0.003327011838272192
32909,0.029374532762075134
32912,0.019598988783303656
32913,0.003778119589104262
32919,0.0034597248458943393
32920,0.011537016604074404
32922,0.046390944088566435
32923,0.004696772052247575
32924,0.005484052775627307
32926,0.005438770170149752
32929,0.07795557554556061
32931,0.003015380978315156
32934,0.005635433839046604
32935,0.03145156601175162
32937,0.09490370834628434
32939,0.0006517082071936228
32940,0.023462498627104547
32941,0.01270557371234724
32942,0.0038408548618377824
32944,0.004571402696211516
32947,0.01917648375214814
32948,0.003964073882796515
32951,0.03460355954920632
32952,0.0020967469559855893
32953,0.021850930033084318
32955,0.03469473666845635
32956,0.006796809816816912
32957,0.1340316903781172
32959,0.10174450374370558
32962,0.0013349783519022655
32965,0.02408332956737823
32967,0.132935190896259
32974,0.02046757489987006
32978,0.05645382739223577
32979,0.0015532505677378872
32988,0.010612969378223971
32989,0.0301784641438855
32990,0.005036250918713311
32992,0.020779634428511794
32995,0.09011506862755458
32998,0.029794532728154702
32999,0.0005753227138792347
33003,0.022221490434691297
33005,0.006597438897901418
33008,0.0013269534603779047
33012,0.010276924877947374
33013,0.008035604892841157
33014,0.032496221937481175
33020,0.0005011531404758304
33021,0.01315062076374759
33022,0.03693889497232843
33025,0.0030364068341830557
33029,0.009114150510985401
33030,0.017104737468357323
33036,0.007588946257483087
33037,0.0008861631134015324
33038,0.027638971066230637
33040,0.004511036918741554
33042,0.05465104844276365
33043,0.012620969020629478
33048,0.00047117176711326613
33051,0.018102448648383365
33052,0.009088147840929808
33053,0.0021657556342392008
33054,0.028433545553920924
33055,0.005287345959569352
33056,0.019390376597637305
33060,0.004499981728238305
33061,0.006887016487233626
33063,0.0037449698581521473
33065,0.019315525507878656
33066,0.03365357219737955
33067,0.006346297195741308
33068,0.04661173588575062
33072,0.002051535244137694
33075,0.020995241577396406
33076,0.09671597798635724
33079,0.003947541403070209
33082,0.002986292221493439
33083,0.00440877456212314
33084,0.007110811000591241
33091,0.11565903277803455
33098,0.004188810048351436
33099,0.11176247093253079
33100,0.020304086180376112
33102,0.0036181666052075663
33104,0.004032236768024885
33105,0.017507197760097206
33110,0.004584536976758068
33112,0.0350631915504201
33113,0.008075009115397722
33114,0.013760696023022835
33115,0.016235602247104096
33116,0.004500162836696408
33119,0.07201663842482757
33121,0.00011242043903085418
33122,0.002268529754480512
33124,0.009978242753630212
33126,0.15258973136189272
33128,0.0031551983487250815
33130,0.0031934370284543902
33132,0.11260558952453081
33133,0.021662622555474274
33134,0.014309874055046783
33135,0.022296363592814214
33136,0.07575401680569714
33138,0.004075521662467965
33139,0.011326068598621184
33140,0.013074641276700529
33145,0.08388852932871634
33146,0.03095952366596965
33147,0.000997390604719232
33150,0.0363234106852297
33152,0.011172710246178233
33155,0.0038402677606863347
33158,0.0029213127430067288
33162,0.02353736530858979
33164,0.010982536924919127
33165,0.032881529568420165
33167,0.013528092642954041
33168,0.12115017029955957
33170,0.018052224324887445
33173,0.013750146723602731
33175,0.004871071613858527
33177,0.018262726141431214
33178,0.017733922742288237
33179,0.0020232243837059083
33183,0.00495930794272226
33184,0.04697805322436837
33185,0.032638782734761194
33186,0.014541525348761618
33188,0.0033054759207630574
33189,0.013536274477015029
33190,0.037244738800022714
33193,0.011965140341448736
33194,0.005646884863213615
33195,0.03305332118058278
33196,0.08873891941767548
33198,0.0056230136370388276
33200,0.0007462732648408005
33201,0.0025604252706916374
33202,0.003405429479789646
33204,0.02424277192110972
33205,0.010555078824241082
33207,0.010825642790650947
33209,0.0402309211150573
33211,0.006158268446831646
33212,0.06659633874778838
33214,0.0034870865586978748
33215,0.004432315091480688
33217,0.029906212654358964
33218,0.0019060911695678179
33220,0.001725323768697561
33223,0.018052224324887445
33224,0.0035365006351401147
33225,0.0027004080542275028
33226,0.0532296843980896
33228,0.021611736493559627
33232,0.020607128085141698
33233,0.034390757917611765
33236,0.009360281194586765
33237,0.015732863159668386
33238,1.02345218366091e-07
33240,0.02118524260533165
33241,0.05586704791799483
33242,0.00929962173219388
33243,0.005674061837321398
33245,0.02587609626173904
33247,0.004434013386151784
33248,0.009255388913195911
33250,0.06378928172960882
33251,0.004500037034515949
33255,0.03833367455809249
33256,0.005663421247061701
33258,0.02510466974814446
33264,0.050952588614113045
33270,0.0017318874886238145
33271,3.393599533427386e-05
33274,0.008048393192440873
33277,0.09807648227464635
33279,0.187919442948068
33280,0.06917463576954191
33281,0.0034624003974934804
33282,0.02536350180780868
33285,0.01672480875697373
33286,0.003029905042103999
33287,0.00017222249866474714
33289,0.10659090854325186
33290,0.007046871599112384
33291,0.050497308196521644
33295,0.026942098527458436
33296,0.003760169853134499
33297,0.0543390442493373
33298,0.028464388788353234
33299,0.011385675059699396
33300,0.10058172926237659
33303,0.06508967022053366
33307,0.0015648321590682034
33308,0.019959220572452314
33310,0.003297231048461834
33313,0.00346919794249086
33315,0.031423374183764494
33318,0.002950450609803942
33319,0.0008232915795554426
33320,0.004959326349513904
33322,0.018578347917833977
33328,0.06460187658674944
33329,0.02290909555011258
33332,0.0030003319305213242
33333,0.00532887318930326
33334,0.03298326017078514
33336,0.001027221721261168
33339,0.005362376444918111
33345,0.004042149093473713
33346,0.008202726494121258
33347,0.017505440956183678
33350,0.03892512969823325
33353,0.006746789259989947
33354,0.0007362835103361975
33355,0.01083411224614735
33361,0.08643585727149618
33362,2.2930449844859963e-05
33365,0.004584206751887352
33371,7.321541490281523e-20
33372,0.013457187734702041
33385,0.006741248559129649
33386,0.0009237853110152142
33389,0.02369998625686384
33391,0.035530326386717194
33393,0.018052224324887445
33399,0.1493739390088209
33402,0.002986301786550017
33403,0.027557975623912694
33410,0.04209849617075073
33411,0.0028444384812294017
33413,0.00022656089561846475
33414,0.0037882317882272495
33419,0.11884106951178688
33425,0.032075780501859
33426,3.2350145595127586e-26
33427,0.008096992210466388
33428,0.0030099309830830994
33430,0.0035598399307194602
33431,0.007206773062287805
33432,0.012901270402493859
33436,0.012585965333374955
33438,0.027052418088495955
33439,0.04856707420304255
33440,0.012539179211940312
33442,0.0036577958912532263
33443,0.026777369953345037
33444,0.008404216968941182
33449,0.11216502793115306
33451,0.015577990417902952
33452,0.0757992363675401
33453,0.0017426762292132906
33454,0.0016601406954799185
33458,0.02129480801387325
33461,0.004819478411813964
33463,5.938663490047311e-06
33466,0.013444974300271565
33470,0.08163282233875095
33471,0.05334219324463073
33472,0.02049530162317844
33473,0.002571694188455822
33474,0.007106000259652777
33475,0.0007769777073413164
33482,0.02180510044949319
33487,0.03928254431518701
33488,0.023211405995670616
33490,0.05084908672170908
33495,0.016224096559726356
33497,0.0027399829034043094
33498,0.004657086580016082
33500,0.01753131156821393
33503,0.0029863791586879395
33505,0.001882252697504405
33506,0.0038063636664786176
33508,0.0008304641980350977
33509,0.023582210287644945
33510,0.0087827603981259
33511,0.0101494825070195
33514,0.002955395928090414
33515,0.00815714690406606
33516,0.01086769945288695
33517,0.010377631311823746
33519,0.0879134971632662
33520,0.009412153523155794
33522,0.0067440636114713655
33527,0.002986232319508815
33528,0.021916969679311008
33530,0.0035116358274657478
33531,0.0023113099985334912
33534,0.0625621902046542
33536,4.6877977069755853e-07
33537,0.03119413201075318
33538,0.0190194650608198
33539,0.034166594574538044
33541,0.010375308746023024
33543,0.1200917866729065
33544,0.0040273036860317265
33545,0.004919040952573562
33546,0.0021282394763609725
33552,0.01834814164268571
33553,0.009260385519899345
33555,0.004270014006991426
33558,6.411917753002436e-14
33559,0.0022975183243530346
33560,0.004791191782627265
33561,0.018052224324887445
33562,0.04472151253777645
33563,0.012510366106927821
33564,0.010813982681694811
33566,0.0036987502696911086
33568,0.00020361606827457116
33571,0.00337673870341065
33573,0.008695176068231386
33576,0.0022094266353981165
33577,0.015394398575493025
33580,0.007886684406331734
33581,0.019367439921677044
33585,0.04915637412205666
33590,0.007919703925082214
33592,0.05330554752783293
33593,0.016827793593388252
33594,0.0032133680987357347
33600,0.004568389152355017
33601,0.003718114401354846
33603,0.0033918028862857507
33604,0.04524823595407175
33606,0.005946167515480094
33607,0.009379530861568296
33608,0.04184148706855964
33609,0.02792593806747939
33613,0.006646695716312458
33616,0.023262514143601615
33617,2.9494626439275565e-08
33618,0.004682070861768362
33619,0.003896596085040234
33620,0.002461113848554159
33621,0.003933671002717011
33623,0.03673964771283671
33624,0.11621447765888025
33626,0.0032259630303517832
33627,1.921264860695457e-08
33628,0.016792012573614994
33632,0.08357526247333655
33633,0.0056175658285319416
33636,0.02492614864952193
33637,0.022930414459330976
33639,0.11996412688284612
33641,0.007234122214440133
33645,0.003944510897020023
33648,0.026175743179531853
33649,0.0072768621396580606
33650,0.01311185579330373
33651,0.01794234690497121
33652,0.0047678882780884625
33653,0.04915988214198341
33656,0.02420221274398239
33657,0.21417123159014578
33662,0.0008613877807157799
33667,0.004313368084559813
33668,0.0032865982617298548
33669,0.0035780466101046427
33672,0.023675803591689068
33673,8.515273031799754e-05
33675,0.003609217127479301
33676,0.01226314382719197
33677,0.11210197371479537
33682,0.0029000807556879018
33686,0.03131816438110712
33690,0.0024580561948064914
33691,0.0021780868240384404
33692,0.003036524963495455
33693,0.02516570608714389
33694,0.006234797499715543
33697,0.0609230918943163
33698,0.006071534839559227
33699,0.001960114341019531
33700,0.023490217616589686
33702,0.28010076313276705
33703,0.10659996952320974
33705,0.0019076854394209214
33708,0.009415652315658565
33718,0.0035110405151644736
33723,0.0038827531528463385
33725,0.05088609631249902
33726,0.05571345939389468
33729,0.050251888926462165
33731,0.044907753437881455
33735,0.0044159296094745375
33738,0.019026830769077328
33740,0.06268863477047346
33743,0.004149777013543581
33744,0.07151009985837824
33745,0.01725222375445569
33748,0.0030365724005506846
33751,0.0058266781079175595
33752,0.057045704013676694
33753,0.00430793456034943
33754,0.009333242587104393
33758,0.019074882091392135
33760,0.006677550085022482
33761,0.0030364430396068926
33762,0.006194916321252362
33766,0.04934762735659337
33768,0.005212621256997888
33769,0.09892385412175389
33772,0.00603572211216939
33773,0.141972718169985
33775,0.010571544077950254
33776,0.013309847310756389
33777,0.005839268650128946
33781,0.021882546430208136
33787,0.018210297335735367
33791,0.008426115698678483
33792,0.003876806402482989
33794,0.0026323515884001847
33796,0.0071108574080436015
33799,0.020218104077298245
33801,0.005720657873621878
33804,0.004667662835466454
33805,0.0035978111756655258
33806,0.08189163003162139
33811,0.028545422621701098
33813,0.004189705046545118
33818,0.010314416057901189
33820,0.0029873911354943118
33823,0.011854835700022813
33825,0.0024159412573471037
33829,0.0441732483862136
33831,0.025603646429730603
33832,0.06496765595943678
33833,0.0007795334229919828
33834,0.020556099797662774
33835,0.02056032944427123
33839,0.0007875729509573983
33841,0.0038659067619975563
33844,0.0003581567207241481
33845,0.004144340376642385
33847,0.02962481625790241
33848,0.053831840794505446
33852,0.07642710095816699
33853,0.015190339652683172
33856,0.004491366390712132
33857,0.03511579229767737
33858,0.005657145695270255
33860,0.013657498878852058
33863,0.0046024637897083415
33866,0.00428070278995157
33867,0.003462361089193422
33869,0.0035974495416943326
33870,0.021778270310452447
33873,0.007086974909186645
33879,0.0708472601465124
33881,0.03250050621952397
33882,0.006460968315643203
33883,0.023045011685023965
33885,0.014041863193922137
33887,0.0376276031630676
33888,0.11705095067797705
33893,0.015288088816361716
33894,0.018321786737456457
33896,0.04123017768744846
33897,0.13955637950748692
33905,0.0030693137431689324
33908,0.02714406748295622
33911,0.017222418291118542
33912,0.015211992922555241
33913,0.007620111903205737
33914,0.09028054658227416
33915,0.13413423718528303
33917,0.1160887090061014
33918,0.006127141516870351
33919,0.004103741947555955
33923,0.017757101996127123
33924,0.22250127500763925
33926,0.000526034933248717
33927,0.006055370325812461
33929,0.06459998621403967
33931,0.0036311034848847076
33932,0.0034297302447412973
33933,0.024615833303221705
33934,0.04289596999970327
33936,0.00806550512440333
33941,0.003443418279620336
33944,0.003138925607567405
33946,0.01013575636520046
33947,0.0429535778375724
33948,0.006185656714223334
33951,0.0008609149187801857
33952,0.002482371846239291
33955,0.004184903407180594
33958,0.02248129460462341
33959,0.009507372416097533
33960,0.026279616461995968
33963,7.692779234007051e-05
33965,0.004929297132827626
33966,0.006892737111384143
33967,0.22925799725586313
33968,0.003164474405775411
33970,0.14730123804973638
33975,0.004499981728238305
33977,0.01387936615604814
33978,0.019870792838003203
33984,0.12819541494784154
33987,0.1362737785040723
33990,0.01588122491573491
33991,0.02553226242147086
33993,0.13292239332934733
33994,0.043939221977315784
33995,0.019287511091490184
33997,0.0032740497810454052
33999,0.027252505498760845
34001,0.0014702359000008573
34002,0.01612654604779342
34004,0.006844361381250837
34007,0.0042988619225539796
34008,0.0536369425100314
34010,0.02265983815276742
34012,0.12403847289908762
34015,0.002851715567005564
34020,9.184192106393627e-07
34023,0.003611574063456119
34024,0.00291638077313034
34025,0.006524252867580496
34027,0.004818004314776273
34029,0.014079147242264814
34030,0.00023954960401349583
34035,0.02337028775994464
34036,0.011070155693430455
34037,0.14389970948252917
34039,0.004923177971330232
34040,0.0036280947791238276
34045,0.002990661887715192
34047,0.0035870238076444317
34050,0.004888632279126579
34051,0.002986301786550017
34052,0.00674495249523999
34053,0.034412066427222526
34054,0.020555627957710564
34055,0.003990513348876567
34056,0.002632939429306527
34058,0.026665274292483634
34065,0.031767199766119344
34067,0.014855870101345108
34071,0.018052224324887445
34074,0.0288638023216076
34076,0.019283005406391242
34077,0.0047033473393007265
34078,0.11763087277319373
34083,0.00719151036942502
34084,0.018052224324887445
34085,0.0038325359461291665
34086,0.028806425601669416
34087,0.005184994739946327
34094,0.018052224324887445
34096,0.0036618045904553537
34097,0.0395922337226499
34098,0.01061194578412262
34102,0.003126990467519496
34107,0.0059885505405770385
34108,0.0034624190725720014
34110,0.004201198930256597
34115,0.03448525981878629
34116,0.0021572887814716685
34117,0.01156976403385054
34118,0.1311593100232512
34119,0.0012683185571064866
34120,0.004208727592739284
34126,0.004442663453951837
34131,0.005674420506120757
34133,0.006408454902216638
34134,0.005668273940581907
34137,0.027856135888508833
34138,0.03551695971729949
34140,0.002273140338664703
34141,0.009053803685841359
34142,0.0031705654614569787
34143,0.014211604329977723
34144,1.4423415331742573e-18
34145,0.0052774052204226565
34146,0.02523049489117128
34150,0.009863910384779151
34152,0.0011317127789757877
34153,0.029116385671192423
34155,0.01536897971044223
34156,0.0032493973341781663
34157,0.008728112256162655
34159,0.020005083915551322
34161,0.0002600422766092474
34162,0.018052224324887445
34164,0.0573962112195974
34165,0.027941971747948838
34166,0.001506317754770554
34169,0.005700527411413295
34171,0.00340538443643256
34172,0.0069059569052715136
34173,0.0029863791586879395
34174,0.018052224324887445
34179,0.011688065734139124
34182,0.0889645900137196
34184,0.05504170038659389
34185,0.0006441040779052047
34186,0.01623016276597942
34187,0.006563483962150182
34189,0.13817119787742352
34194,0.012810352820601764
34197,0.007671105750915482
34200,0.06692267318936988
34201,0.0035869609865970273
34205,0.0030661957233547414
34206,0.03924487581764134
34207,0.0025761993135287905
34209,0.0007583821420669976
34210,0.09431469342416442
34211,0.0049993126804524285
34215,0.013131484145350675
34218,0.00340870547294929
34222,0.17298570643070071
34227,0.003081146206327055
34228,0.0036369818819790723
34230,0.019604370690982646
34232,0.040958416169129715
34233,0.011429356190124173
34236,0.0004358479998181375
34238,0.02020336697318091
34241,0.016275099633629414
34243,0.1297056259174883
34244,0.09840265354467398
34246,0.0032057278046615195
34248,0.00371093790190258
34250,0.008894949926814064
34252,0.002491398654970064
34255,0.0030365167710074406
34258,0.010280606195894928
34260,0.003787726532809137
34262,0.03069818886922234
34266,0.011436254500866763
34267,0.1019136031462462
34268,0.005268772868009049
34269,0.013846141420080369
34270,0.007057182028770818
34272,0.0026399229124755177
34274,0.002806757847828468
34275,0.00408099332368365
34276,0.1160887090061014
34278,0.024750095848432754
34282,0.05822318452152765
34283,0.03687316892224461
34285,0.10293817168937537
34286,0.0340297368747304
34287,0.020452122064800776
34288,0.007069467742364549
34289,0.1124678693821803
34290,0.01026619228871029
34291,0.04357198834094217
34296,0.004221582607050686
34305,0.04201835641437486
34306,0.09509985504989375
34307,0.1030957200597223
34309,0.07564510935492652
34313,0.013703523935071522
34314,0.005279596609897024
34315,0.0005120057071538272
34319,0.0073918630436689324
34320,0.02465756638732754
34323,0.0058468708507245885
34329,0.02642528037238839
34331,0.030658378793863243
34334,0.11063919361731629
34336,0.1199744258166923
34338,0.005196662230239939
34341,0.10123047806821303
34342,0.029763143344198675
34344,0.08863209291033981
34345,1.958140872561861e-05
34348,0.005128125794987953
34349,0.0018033418108897373
34351,0.1542820973048178
34352,0.11140899466630949
34353,0.004440155887101941
34354,0.05668677685516697
34355,0.003405222285263257
34358,0.0017351890582353372
34359,0.08104150559449204
34361,0.013122588483090248
34362,0.003414548351809785
34363,0.028951476233416953
34366,0.013454132189425913
34368,0.02805071344707552
34369,0.0037115402965405015
34372,0.0042469275139083735
34373,0.06465372010605955
34374,0.1422301668708426
34375,0.019185776855186798
34376,0.0291932748540004
34377,0.002961789429370081
34379,0.010456571579695009
34381,0.03538769725104413
34382,0.009600736841479308
34383,9.482514919824617e-05
34385,0.006854710131531625
34387,0.06448805376373676
34388,0.003962824074942161
34389,0.21378538089635332
34392,0.0011093072696013622
34393,0.004002170137867676
34394,0.027367887186040985
34395,0.002141846579370145
34400,0.03909301963347288
34401,0.012815268787684811
34404,0.02587021891812757
34406,0.024505100049079413
34409,0.008589548943431613
34416,0.04786134769735617
34417,0.005825869358753013
34424,0.048104084184350665
34426,0.006240262992214639
34427,0.006518738745163842
34429,0.0019655333270638038
34430,0.02500681365496915
34432,0.002668467441749742
34433,0.002594048585605821
34437,0.031212082807690316
34438,0.051352743827993534
34439,0.03950475214565859
34440,0.004016879523060535
34441,1.6856300382877315e-06
34444,0.018789788271873855
34447,0.1551300321521499
34448,0.0067043516618139195
34449,0.015784574514513528
34450,0.0030553575392213645
34451,0.005415764884282309
34456,0.0356253056558407
34457,0.0016125882525326984
34458,0.0034317820063319822
34459,0.005044663040571607
34460,0.0020630374713201498
34461,0.005844378870538696
34462,4.057340410116624e-05
34465,0.05386249553560835
34466,0.12472142041088782
34469,0.11825316278517223
34470,0.02910231008810287
34472,0.013480577235576182
34474,0.002996397820787777
34475,0.021573138626912087
34476,0.07702476759064832
34477,0.0007368334342583952
34479,0.0044826141290728585
34482,0.06650155008796976
34483,0.003701482848928343
34484,0.010806349250464121
34489,0.030059646132613846
34493,0.01123500567369508
34494,0.013067379518935796
34495,0.0044992462773830715
34496,0.0002979058661069983
34497,0.11799214602847974
34501,0.002899636721309152
34502,0.021446599450750285
34503,0.039925622256928014
34507,0.002226235665539316
34508,0.01281055895163305
34509,0.004640570882218113
34513,0.003688781491463981
34514,0.00966082309105386
34516,0.09199616382360008
34517,0.0038836068885691162
34518,0.003449963193015177
34520,0.004317371090232203
34522,0.005524362022061556
34523,0.00010668212326738765
34524,0.012867096686804925
34528,0.0016790557727772498
34531,0.003696229975589312
34532,0.0030261726212768825
34533,0.018100485861617183
34534,0.024482489988182067
34536,0.0029968089573499754
34539,3.69878144533444e-07
34541,0.004489970084397584
34543,0.026614794332200608
34546,0.003550743474483511
34549,0.0007048562886650316
34551,0.06985483374074608
34553,0.005924272188134984
34554,0.033540441982599804
34555,0.009028325777145012
34556,0.00933764625908201
34557,0.023455880170233506
34558,0.00252129896532837
34560,0.03831883994528241
34561,0.04365905338969043
34562,0.005220632521041183
34563,0.149726828500682
34565,0.0008305797046193804
34569,0.004500017949349457
34571,0.0076211487598945755
34575,0.0014485183833652716
34576,0.11053483807766357
34577,1.969556364628143e-06
34578,0.024263469964334466
34581,0.1489408075358389
34587,0.017851617561933323
34588,0.002232150373645863
34590,0.0002201172862042547
34591,0.0060000917199655775
34594,0.0035247766207028137
34596,0.03485911042227071
34597,0.004369061602222126
34601,0.00914227947828347
34605,0.0034822077248355646
34607,0.006143707918677082
34608,0.04198814449259182
34609,0.0005113641075035003
34610,0.09965154302604567
34611,0.0049263550126709505
34612,0.03466449032752842
34613,0.011229958762643997
34614,0.07360325321765131
34616,0.0015995815097591842
34618,0.00579411483602923
34619,0.020607128085141698
34621,0.01549265878091672
34624,0.024482489988182067
34625,0.005543295113386641
34627,0.0014002246698153829
34628,0.08393394561114488
34631,0.03528836866406937
34635,0.030289784857354753
34637,0.00860468889070847
34642,0.023462498627104547
34643,0.0038061546586592235
34645,0.023920429864424397
34646,0.0012036761981027797
34649,5.825425648195527e-06
34651,0.0047245170664021955
34654,0.026926220052658652
34655,0.018052224324887445
34657,0.003522117730804808
34658,0.018052224324887445
34660,0.008832519015937663
34663,0.02735479216302066
34666,0.023462498627104547
34667,7.8927132963457e-05
34668,0.041668943379571846
34669,0.009780353950078606
34670,0.042654933157607
34671,0.014430000625332869
34672,0.00987017309179489
34673,0.10973763131052981
34675,0.06364293477011693
34677,0.003784971511773665
34684,0.0017594270154354615
34685,0.0035897141543407376
34687,0.003728639067073266
34689,0.0033750467546600767
34692,0.011587665691526253
34693,0.09725418539019294
34695,0.00015834971094514185
34696,0.02381519722476891
34697,0.004946252071484343
34698,0.004607488452801485
34701,0.005244874451460029
34704,0.04890132896254411
34705,0.037196085759021766
34708,0.04548555418892376
34710,3.595699030231773e-05
34711,0.00902008939672915
34716,0.03701404594180238
34720,0.0043670790883309826
34723,0.051671071388779466
34724,0.0030133056827359697
34726,0.004820428744994929
34729,0.007474513616552635
34731,0.0031179101292410157
34732,0.007041060631771891
34733,0.0019733496675809255
34735,0.016809601396606085
34736,0.004410540753789582
34738,5.844151251092629e-05
34740,0.0028978825946457797
34742,0.12995758196679835
34743,0.0029970761152411543
34744,0.016531026613518334
34745,0.006071361197203616
34746,0.006492156342606403
34750,0.022352138046719445
34752,0.009631610869826859
34753,0.019376368707618576
34755,0.013543702586633469
34756,0.0029961388166959433
34757,0.00584390161384936
34758,0.00926502869267583
34760,0.016971624171534434
34762,0.005736341860516826
34767,0.005934108451952403
34768,0.14423349785894327
34770,0.053027115363642484
34771,0.0010156794068188649
34775,0.0037544146408501665
34776,0.0034399660597005366
34777,0.013103184492881599
34779,0.0010396041744273692
34781,0.008006006043604122
34782,5.46304742353479e-05
34783,0.0038612219879514214
34785,0.003938988833243034
34788,0.0037196816659682878
34789,0.16371656725751274
34790,0.001204520010644645
34793,0.0031657366699183826
34794,0.004944202072006412
34795,0.06186645039040693
34798,3.5577261097801788e-06
34799,0.05669481423877817
34800,0.043788324867189775
34802,0.22865943915830192
34804,0.0014411084553630506
34805,0.0056355487335117155
34808,0.023329308672235313
34810,0.0025261953442028964
34813,0.0010137277704630246
34814,0.002609973421731644
34815,0.1160887090061014
34816,0.004921525218888261
34817,0.005049341869885307
34818,0.04620292041041835
34819,0.031322791618453576
34820,0.02016188716816653
34821,0.04426473538234745
34824,0.004882264158352814
34828,0.001629745762018889
34829,0.004524708748530994
34831,0.061116962187405297
34833,0.0001955042056105237
34836,0.018052224324887445
34837,0.15947689033968004
34838,0.004657890649301695
34840,0.004364956540510693
34844,0.003278987684144511
34845,0.018052224324887445
34846,0.01963769141005061
34847,0.003801601722536308
34848,0.002392373582730963
34850,0.16511618243336354
34852,0.003611664737086784
34853,0.003810243401124133
34857,0.0074537540474250395
34858,0.00770206916354933
34860,0.015694792703723138
34864,0.0032362565664956853
34865,0.10119478277804683
34867,0.007969064957195866
34868,0.002668571046116099
34870,0.02016175622279339
34875,0.009343529654673015
34876,0.007056599074225623
34878,0.00253650447495551
34880,0.017963268629613866
34882,0.0038823253626958307
34885,0.0025382531863250572
34886,0.0029966568472021777
34900,0.004280018242385648
34902,0.003159803662407422
34903,0.0002562603652215746
34904,0.09634453338982685
34912,0.00023400504214622227
34913,0.006663532419446424
34914,0.043666634097165556
34916,0.018052224324887445
34917,0.011626416471355672
34918,0.0034805863270889388
34921,0.03049534041064075
34922,0.0011172655858565827
34924,0.04702286660005271
34926,0.0028522263068917406
34927,0.005761848865745266
34928,0.01477382364933922
34931,0.008346671412530584
34933,0.0014005262396571494
34934,0.0018054749953885598
34936,0.01747067773768452
34939,0.0033354146133674277
34940,0.0043077789951567755
34944,0.008239320553530924
34950,0.003036531437692984
34951,0.007779376471015854
34952,0.006446316471811471
34953,0.018947669178248375
34955,0.00022134816846418372
34958,0.00810623717076219
34959,0.0037249647161667503
34960,0.006203694128155593
34961,0.00051676936262742
34963,0.12197078052780495
34964,0.13859063910668823
34972,0.004395831579263394
34973,0.054909017136888005
34974,0.004673658965146644
34979,0.006588936594337121
34980,0.003907676669906546
34981,0.004652308741719262
34982,0.0038026436482626975
34983,0.0070092758908509535
34984,0.016248955574336588
34992,0.005543374294109351
34993,0.027105266371144958
34995,0.003670309190838281
34997,0.03213003016275124
35002,0.004860694035469276
35004,0.11749477082384258
35005,0.030289784857354753
35006,0.0036161133269900793
35007,0.022172959966191015
35009,0.06044905424769716
35010,0.020253637754660273
35012,0.03725263237463144
35013,0.018052224324887445
35018,0.006321956788509109
35020,0.003055233769126766
35021,0.026962469296624186
35022,0.06995320831239882
35025,0.000849187696892052
35028,0.0012324917512405447
35029,0.0008146095353727034
35030,4.841878556596514e-05
35032,0.11393658963036674
35037,0.021129975661450105
35038,0.020443943856007552
35040,8.879635417864174e-07
35041,0.22003950110674042
35047,0.042966867369115
35048,0.016686315735170362
35055,0.007832290978358412
35056,0.00014859792903787957
35057,0.020199057415574456
35058,0.004901181161181375
35059,0.005669017751222029
35060,0.02780927165911436
35064,0.005725931674276007
35065,0.006049813698163414
35069,0.003947384918579578
35072,0.004441017619497605
35080,0.015381354883949167
35081,0.013694049465812236
35082,0.01671749537569444
35083,0.012847776465328732
35088,0.0063460479312097175
35093,0.013965832504424675
35097,0.00019396323591008136
35098,0.012635497798334368
35099,0.09627168875023313
35100,2.0481741344458435e-06
35101,0.003206786210739024
35102,0.003188857764570919
35103,0.032430514075763146
35105,0.009757621185360959
35109,0.0367038104177921
35111,0.01074023197895851
35116,0.006376671311537731
35117,0.005590368841724601
35118,0.03141041143478608
35119,0.004262540068219567
35120,0.0560962172399741
35121,0.011657759964393909
35122,0.029858576765951935
35125,0.006229311945194044
35126,5.595580437434046e-05
35127,0.00010918881334384869
35129,0.02461297195119845
35130,0.0056175222093007016
35131,0.11747539514676004
35132,0.004163146118311391
35139,0.008699850948381013
35141,0.010853464554318255
35143,1.6141996010870806e-06
35147,0.003857492973167551
35149,0.1331359823727982
35151,0.0036968632772620014
35154,0.00436607293183747
35155,0.03244703535452853
35157,5.550183237531191e-07
35159,0.002891791592484913
35160,0.007939813410665656
35162,0.011995676988996114
35166,0.015576019007620597
35167,0.00310866340135908
35168,0.004659397650412411
35169,0.030784383332740535
35172,0.0066636902764077395
35177,0.0051112179353146785
35178,0.02035672593414247
35179,0.10293287883969644
35181,0.08639995159619956
35182,0.014581874143391542
35183,0.04773229495806209
35184,0.02133129125071956
35185,0.00296053536230742
35187,0.011352524312554405
35189,0.013952996172289999
35190,0.024355055939397765
35191,0.11093045481550584
35192,1.407149007152084e-09
35195,0.10010035354183767
35197,0.01821643740402627
35200,0.12476739142990896
35201,0.05463926384081563
35203,0.0008219351183103181
35204,0.05541106019135143
35205,0.01637348138987681
35206,0.012759908137328538
35207,0.010838230871714125
35210,0.002114795660050923
35214,0.022876383744419575
35215,0.03347043929751329
35216,0.0033831595343463416
35218,0.005046873475279508
35221,0.030315315958150547
35225,0.011707029181329077
35230,0.027158875802450022
35231,0.0029463441790327665
35232,0.029241697927226962
35236,0.006414388807887964
35240,0.0030307235603074544
35243,0.017076748194369547
35248,0.005995256001494956
35249,0.011514014404864853
35250,0.00034122602370164566
35251,0.007312240292905295
35253,0.018052224324887445
35254,2.8847522851317015e-07
35255,0.011904645065792568
35257,0.025066556814416763
35258,0.026973789357980577
35259,0.15008088623391186
35260,0.01631507774863907
35263,0.03977709471233062
35264,0.00507014545903009
35265,0.11112540158905986
35269,0.0128109499622358
35271,0.0043238857189889365
35272,0.011779438523544105
35274,0.004084056143455135
35276,0.0031951139080902196
35278,0.0017543032466046677
35280,0.01392009193745732
35281,0.0046928903457490135
35283,0.14764507595136003
35284,0.006649815274187604
35285,0.006280723938426442
35286,0.026879066778256785
35287,0.003010016394723334
35288,0.006694140333648114
35289,0.013797876681730816
35291,0.005617212960743112
35293,0.008999807279728675
35295,0.003961737497288883
35298,0.010452985529999813
35299,0.062132462623283105
35300,0.0258250979173925
35303,0.01576851575141961
35305,0.0020171391100325237
35306,0.018052224324887445
35309,0.20981917703968314
35311,0.0030914226917860763
35312,0.0017756950503904966
35313,0.008070464501747537
35314,0.06555177168326652
35320,0.012869679140492968
35321,0.004241718190629015
35322,0.026882113556742155
35324,0.130837946939845
35325,0.05561643964117313
35328,0.00314572861837147
35329,0.005068790579876733
35330,0.01131615618880497
35331,0.00030019783438636326
35334,0.05595087920343831
35335,0.002882901620965819
35337,0.02431722539905337
35339,0.0051740264354854385
35343,3.4381395766527265e-05
35344,0.018011441209366562
35348,0.004209550566479075
35349,0.003921423230942169
35351,0.0020299013504498915
35353,0.002818337492429428
35356,0.08344195291492731
35359,0.03343199438492398
35360,0.005846812457620281
35361,0.11237400207052538
35362,0.01765050688963593
35363,0.004966488975613399
35365,0.04472144478755157
35366,0.0005815963714694098
35367,0.0019489886391616796
35368,0.0034028893465166397
35369,0.058918374332544717
35370,0.01801019228234182
35371,0.0038040436015039604
35372,0.021525102704518493
35374,0.0025375458709718107
35375,0.031306444775684894
35376,0.0003035738893425486
35380,0.026665274292483634
35381,0.003947350906475243
35383,0.0015772672150959981
35384,0.009011437560474733
35385,0.15748194851646588
35387,0.011378872108542406
35388,0.023867288357778897
35390,0.017284777438008294
35392,0.004318523433211965
35393,0.015026554168002268
35396,0.030289784857354753
35398,0.0029862289960277543
35400,0.10084989693204507
35403,0.00423772641193246
35404,0.004239725531023212
35405,0.00379341574400232
35408,0.10590661589756173
35409,0.004697132104557896
35410,0.0005849629134244757
35411,0.10456880579861036
35412,0.0004075148915568147
35413,0.034697044120838925
35415,0.007445450290414346
35420,0.003418979267333804
35421,0.0033024204411040824
35423,0.06273606062722308
35424,0.0030364477953649673
35425,0.003113041527634734
35432,0.019183754117974954
35434,0.057706126359180564
35435,0.006496658043978743
35438,0.003960419739254903
35440,0.0025584353556368706
35441,0.014321514966304124
35442,0.15661559328964902
35446,0.003727231318878603
35448,0.0011498647651054048
35450,0.004163531441333349
35451,0.030535656840195005
35452,0.018052224324887445
35453,0.009301977978734513
35455,0.05622394627627044
35457,0.05064090008708175
35461,0.011768935492298245
35465,1.7688941779566548e-06
35467,0.01301438652917151
35471,0.039585154955442015
35472,0.003956978968207371
35473,0.0067650239310903006
35474,0.18693359831500192
35476,0.02100189283647389
35477,0.0027255031236213343
35479,0.006239533989961332
35483,0.005516478309260703
35484,0.026003586061009363
35485,0.011338356695383332
35490,0.11761326991812346
35492,0.007832512687969586
35494,0.030581183625834663
35495,0.12247209337193553
35496,0.012275852089429289
35497,0.10806171164465923
35499,0.0021872899197648596
35500,0.010211347717958107
35501,0.002834421441913964
35502,0.023046542004656393
35504,0.0005739544365249487
35505,0.03966875712153701
35507,2.1546224810735095e-05
35511,0.03506532337115492
35514,0.14503847544472032
35515,0.00319361743217214
35517,8.552641441394014e-05
35518,0.04306521120874019
35521,0.0028154134091533663
35522,0.005725364124367385
35523,0.005526203466225931
35525,0.00802593066699878
35526,0.039262125837779244
35527,0.05049028758157628
35528,0.05286545924451192
35534,0.1201078898891831
35537,0.023142403363678194
35540,0.021796263940201097
35541,0.13466342457887173
35543,0.01998536924389165
35544,0.012528447410949972
35546,0.003574700843402118
35547,0.007211814536016303
35549,0.010063425577223494
35551,0.05997484886158825
35552,0.0038311002412301618
35553,0.01240547864916865
35554,0.022076742803058002
35556,0.02840091561371983
35560,0.005634131788269381
35561,0.0025546949770443726
35564,0.01566677477868272
35566,0.002272361160146995
35567,0.017973276127833802
35569,0.0033635067755536058
35570,0.01694864238396809
35572,0.06807384077509236
35574,0.0042022048312454685
35578,0.014896764923961086
35579,0.014429308175352991
35582,0.004053935746419619
35584,0.031082955072309078
35585,0.1567197413706443
35588,0.023341375357181345
35590,0.005279142065100434
35596,0.0038895016251136545
35597,0.00012472743512692715
35598,0.002300559279447076
35601,0.0006249732696113094
35602,0.03732612731204487
35606,0.028633289433616853
35610,0.024677571524698103
35615,0.0051307631390649115
35616,0.0036865666289123415
35618,0.058471012454420185
35625,0.019087482807514804
35627,0.025051824660347395
35630,0.00940828381152398
35633,0.003033857083248039
35636,0.002287571688574182
35639,0.03419006078226571
35640,0.0065759330239530496
35642,0.09587963173655557
35644,0.048607871718378784
35645,0.013684364008172556
35647,0.00541043755217097
35648,0.02221319518428581
35653,0.005033713384377898
35659,0.003179738888366549
35662,0.0034876001854194857
35665,0.020143006961606407
35667,0.03958450519897301
35670,0.0012190656977784705
35671,0.07995915114941143
35673,0.06032004252366732
35674,0.024482489988182067
35675,0.0032382445799075906
35677,0.004065130608382518
35679,0.016739747993736172
35681,0.004848651865253171
35684,0.0035935658329175712
35685,0.0009226565547331885
35687,0.04792603324440969
35688,0.0029862764150018974
35690,0.02095938384928744
35691,0.024482489988182067
35698,0.038698571700394424
35700,0.005608794441970145
35701,0.013543942226462035
35702,0.017663361654552658
35703,0.00038109984066249977
35704,0.023180235545022992
35705,0.006678808967554592
35707,0.0702991828120777
35710,0.030319020533271308
35712,0.002986406192943805
35715,0.0029966568472021777
35720,0.030302623907432196
35722,0.008521961710147154
35723,0.01941509720269655
35724,0.018723097927515316
35726,0.010824467964071865
35727,0.008501126498099499
35728,2.5043572255102486e-08
35734,0.004527283440813394
35738,0.000926303073626681
35740,0.12566293491987438
35741,0.0010271446249873195
35743,0.001518831550576368
35744,0.0036086168963365174
35745,0.0021549207266685078
35746,0.0034478680987509677
35749,0.032807872113160094
35750,0.0034051990489875126
35751,0.004666040210866559
35753,0.021879100468180947
35754,0.0011076733422114395
35756,0.002385315586248518
35758,0.012522124339407512
35760,0.00019508103415385528
35764,0.02549015704320689
35765,0.00925823216552658
35772,0.04600636292028317
35774,0.002874727981007309
35775,4.730189718629219e-06
35776,0.0034053353414058803
35778,0.019781615278437418
35779,0.010487938779386832
35780,0.0046014588628042735
35781,0.0017561187220247092
35782,0.010052385963796316
35785,0.0023341717815296894
35788,0.004923359254960361
35790,0.03873836264838941
35791,0.018507071685054034
35795,0.0026705062324806146
35797,0.12732209159443714
35800,0.009775718347117449
35801,0.013344488504969616
35803,0.0131088468525798
35804,0.027024027060082424
35805,0.08424508426148605
35806,0.005430013496141012
35809,0.0026182878852315013
35811,0.01789453010502111
35812,0.028314083971761616
35813,0.0010749166096321336
35814,0.012492614377912646
35818,0.0027095138831517663
35819,0.018052224324887445
35822,0.0073231346032113275
35826,0.014256371182223908
35829,0.007761221829307114
35830,0.13174976109592218
35832,2.41169308987449e-08
35837,7.33260964065798e-05
35838,0.039526264702626455
35839,0.028263159618209147
35840,0.006039456450757956
35842,0.0009907026122032174
35843,0.005057938454313368
35846,0.003877352031364942
35847,0.0022936812627079176
35848,8.111358256173637e-08
35851,0.0052478137169346874
35852,0.003845256708357865
35855,0.12878087584898668
35859,0.03348234979469504
35860,0.007191017341661749
35864,0.0013626165564283015
35865,0.01987226378169643
35867,0.0040085600161465585
35868,0.02136087545059492
35869,0.009180836254719505
35870,0.01844175654964439
35871,0.004988347982887185
35873,0.06880067959748845
35875,0.004811420501423164
35876,0.007847215590468555
35877,0.015654196445672994
35878,0.035825347151697634
35884,0.06457035577447602
35888,0.09609560008991053
35891,0.02046146351883975
35892,0.0213887576816398
35895,0.0004906067223016743
35896,0.0269455939819178
35900,0.033570271282139644
35902,0.003011101779210392
35903,0.00904619261274428
35909,0.04805655264749429
35910,0.016027677262325814
35914,0.10768454718763047
35915,0.004129248235095975
35916,0.036491594579542465
35918,0.03200412093628125
35919,0.005609865814767355
35920,0.002579251041169337
35924,0.009614705596425098
35928,0.005876514917327264
35929,0.02802578050757138
35930,0.0030365706822160304
35932,0.009230757499626962
35935,0.040653047137636865
35938,3.467188542652184e-06
35939,0.003247834484071545
35941,0.0689880875159842
35942,0.0377921836443563
35943,0.23484283109751078
35944,0.015580839552960952
35945,0.026665274292483634
35946,0.1280406374748419
35947,0.007110695105575172
35948,0.136690682158699
35953,0.009649880911272356
35954,0.060985225011628307
35957,0.0031028586092203274
35958,0.0055636519698985315
35962,0.008010212486049089
35963,0.005586098077396051
35964,0.0026623164828965436
35966,0.02350071017856987
35968,0.09523960485814789
35969,0.009760685529410326
35970,0.08728889994168079
35975,0.0009536492317971433
35976,0.004572125660496131
35978,0.03327401848859901
35980,0.13381119079505951
35981,0.0022300004650567594
35982,0.002554621558351071
35985,0.0034622470837179726
35986,0.010376303471963009
35987,0.021893678375465547
35988,0.052485791713194146
35989,0.004099401931330163
35994,0.002067391033830795
36000,0.017543109580003775
36001,0.0074876249989445105
36002,0.003933244201665666
36004,0.006272555927679175
36007,0.14929489407089172
36008,0.006514183417218686
36009,0.05330883818125078
36012,0.020543114280046203
36014,0.006255514548201005
36017,0.010047623695736266
36023,0.00018185278529893933
36024,0.0028900397557343254
36026,0.018052224324887445
36028,0.018052224324887445
36030,0.04572790513245248
36031,0.004747141266470343
36032,7.802935554151246e-05
36035,0.016776615169769006
36039,0.014614203549529763
36040,0.002123541797270791
36041,0.006680464419919832
36042,0.05061637905635549
36043,0.029872325025661027
36044,0.005046350894631691
36045,0.004352211198221415
36048,0.0033247434123869924
36050,0.019068571273969926
36052,0.15375105893507926
36053,0.004979906863147651
36054,0.00031619330374427316
36056,0.15239002194048423
36058,0.05834053001694785
36060,0.14410217869409972
36061,0.03488986434326567
36063,0.0024306422895125023
36064,0.003853146997688839
36067,0.10631073510383449
36071,0.004976563722212923
36076,0.014183978223348579
36077,0.0005823523820125312
36079,0.013480057032631219
36081,0.02251419133796244
36082,0.0033943887786099937
36083,0.026021946549445136
36084,0.0056463007534777515
36087,0.005911032409239217
36088,0.005959357669781428
36094,0.010873978118169213
36095,0.11883039455260765
36097,0.026527638718133868
36098,0.019692144124103084
36101,0.12341169706540528
36103,0.08523262033550011
36105,0.0641500571074311
36106,0.006973519265613353
36108,0.004953601999274739
36109,0.00503619358499634
36110,0.002088179654303096
36112,0.007588442771192026
36115,0.006882734110990944
36117,0.014143877556319562
36118,0.00805622732047083
36119,0.12765255385702576
36120,0.004809173472599634
36122,0.02793538983588536
36123,0.007698550747122605
36125,0.00414447421732317
36127,0.022894660512984572
36128,0.00021671652905175742
36129,0.00018916998109479193
36130,0.009602511214714695
36131,0.020830286013944238
36133,0.013557990983230158
36134,0.007075618280311202
36138,0.07598350455761438
36141,0.00048694903767817176
36142,0.005079440247179961
36144,0.004565500011321403
36145,9.84780543369353e-08
36146,0.02273293708175217
36149,0.011358708872079267
36150,0.00449996712343785
36153,0.011007320916748161
36156,0.11719827343260487
36157,0.017789979746152908
36158,0.003632036041039712
36160,0.0033965213786837046
36165,0.0055917334383132145
36166,0.0036582356432824895
36168,0.0024924835933730445
36170,0.023412848033440972
36174,0.015580839552960952
36177,0.003639527211501576
36181,0.019949957613945465
36182,0.008708756185203895
36185,0.002507290391986491
36187,0.0011309110515699764
36194,0.063152540704053
36196,0.002696786918946617
36198,0.01494396454766058
36201,0.022075459872043342
36203,0.0053960847067904645
36204,0.028012771867187935
36206,0.005036569457998268
36208,0.0017530039628768424
36210,0.0077964408411164195
36213,0.12873292523524765
36216,0.006185886663515079
36217,0.016762287666754482
36219,0.0044268138780913565
36222,0.002368061363539936
36223,0.01147560639456153
36224,0.017093096647100313
36225,0.0114318416797258
36227,0.046394105484514725
36229,0.02282609162178015
36230,0.004381484204042211
36231,0.018052224324887445
36232,0.011359230410054865
36237,0.0035146481437169684
36240,0.012321641843361502
36241,0.07550852967814395
36250,0.0006237942430202901
36255,0.060758039161635385
36256,0.019408209107351936
36257,0.019774830858917535
36260,0.005185895464963706
36262,0.018052224324887445
36263,0.003166179006441075
36267,0.02633271506934554
36271,0.0013784133916010797
36273,0.00423311901094638
36276,0.09347481071375853
36277,0.03348279022110766
36278,0.00932575522870978
36279,0.002410946526046589
36283,0.08503860613434709
36285,0.14561365029475498
36289,0.007786956296854783
36290,0.14089535344656448
36293,0.001047045517487115
36294,0.003530919573009665
36295,0.009291218881843932
36296,0.003650560099996339
36297,0.003174114667901185
36299,0.004479151084962747
36301,0.04289942072286968
36303,0.003583750743241842
36304,0.15321076551961044
36305,0.0035114641952462408
36306,0.00040037937095928344
36309,0.06589695292187389
36310,0.031400043671609666
36314,0.06884635474159313
36315,0.058139515803518456
36317,0.004343581386844377
36321,0.003097875839097888
36322,0.024965106015444938
36324,0.007682959880142897
36325,0.007456538308998577
36326,0.0027518126351753647
36327,0.029312170601330418
36331,0.002997966813047411
36333,0.01269186423899195
36334,0.018052224324887445
36336,0.14523722953626775
36338,0.014283730556355472
36339,0.02293161815339732
36340,0.0039384045553178875
36341,0.0037654765642101858
36342,0.03316739204276507
36343,0.003685647192620011
36346,0.022647818407488654
36348,0.027643199619330115
36349,0.004258466088670347
36351,0.07679464991460176
36354,0.0028039937523273873
36355,0.0038248913754311453
36358,1.0279034947896977e-08
36361,5.131065487655188e-05
36362,0.006708059630931763
36363,0.00844464091316087
36365,0.018052224324887445
36367,0.02102923673231663
36368,0.1456391223023114
36369,0.03540998689991704
36370,0.03466175453016706
36371,0.006105766773546833
36376,0.002580012522408544
36379,0.05844479613346617
36381,0.0879134971632662
36382,3.9364021061181666e-05
36383,0.006371290599486406
36384,0.11751776748205299
36387,2.766931655534022e-05
36389,0.024864140519610823
36395,0.13105417691277077
36396,0.11145519968955211
36397,0.004833138862573236
36405,0.024817205055304686
36406,0.18527189398945185
36408,0.09146435485394241
36409,0.005313472223408814
36412,0.014245070974873209
36414,0.054963604649024146
36415,0.005846501201667007
36416,0.0025995075447337165
36417,0.06737120336415564
36419,0.007097248676181796
36420,0.00834049586464138
36421,0.0023372906714066877
36424,0.011783611676489461
36426,0.08176130958529368
36427,0.003405240301679851
36428,0.0030939193102177223
36429,0.004945068105960142
36431,0.07386513725953311
36433,0.0031105670790094724
36434,0.12833716579076201
36438,0.0028561546372065693
36439,0.0029442723778643613
36440,0.0234422498769601
36443,0.009892349441059666
36445,0.009828830883068214
36449,0.001405766356993879
36450,0.004100827374561042
36453,0.028268438234279852
36455,0.008700729615256425
36456,0.009331815962162586
36457,0.010958307343715251
36459,0.0029809248428135262
36460,0.023999138086270428
36461,0.004609997865531809
36463,0.13537439033191678
36464,0.020607128085141698
36466,0.05916206394114947
36470,0.06217794428128637
36471,0.03655809967752246
36472,0.006076191928221275
36479,0.01655405450375393
36480,0.015739298995107263
36481,0.006059297707250633
36482,0.007091766344777774
36486,0.0032134903085661165
36487,0.00039217095626959916
36488,0.12417980392263123
36491,0.11550638591427943
36492,0.018653918294340436
36494,0.13119483180140945
36496,0.002368061363539936
36497,0.02136122932792274
36498,0.0039709738857131045
36501,0.01154617973338339
36503,0.009090509649341568
36504,0.033192738538507224
36505,0.0015252410324123234
36507,0.11736554300687435
36509,0.006524645310686585
36511,0.006714092603255308
36515,0.007012514360975427
36517,0.02310807952149673
36519,0.002420761467482049
36520,0.008694139645205098
36521,0.0012196107306646894
36523,0.006145758731869945
36524,0.03103545399087874
36525,0.024483390046861255
36528,0.00945271262293551
36529,0.012966519649301476
36533,0.006065013027919052
36534,0.011127879791859547
36535,0.0032260201444227225
36538,0.007195098866182671
36540,0.02365558216130481
36541,0.01858297125066229
36542,0.02437396837302113
36545,0.00802336479740911
36546,0.0035731689542450903
36553,8.112784066954092e-05
36554,0.003544941477467794
36555,0.026665274292483634
36557,0.024081613311100158
36559,0.005392468606246402
36561,0.02428510886812783
36562,0.002333939327324762
36565,0.015808685381294596
36566,0.0048980011755445614
36567,2.0447532189847036e-06
36568,0.0014068994095473024
36570,0.0025681093620416222
36571,4.835168785348105e-08
36572,0.008134230830561329
36574,0.02414346203125303
36575,0.12355604180239188
36577,0.021838154265584574
36581,0.0036427179761213133
36582,0.0035457157181289977
36584,0.03561410476538173
36585,0.025740472827061253
36587,0.007268138704038504
36588,0.024482489988182067
36590,0.005294156968940884
36591,0.009050483065711467
36592,0.0021447646727507995
36594,0.024194836255447428
36596,0.007251115965064055
36597,0.001095717896566821
36598,0.003036531437692984
36600,0.04980644653621013
36602,0.0064468981343369074
36604,0.019819321954848455
36605,0.12253409539745329
36608,0.0046193115500213645
36610,0.009867130688155711
36611,0.01731586198988944
36614,0.1406756870443613
36617,0.007642587548866666
36620,0.023475256186898257
36623,0.2186138358643477
36625,0.027560077881769018
36627,0.0009173618643171879
36628,0.036891747152103284
36632,0.0330294580106564
36636,0.0042699882546932645
36637,0.005569740792324064
36638,0.003124513884138102
36640,0.01185704278416457
36642,0.00048755096413557976
36645,0.02851906671667927
36648,0.0041650869414293044
36650,0.0008309970971951783
36651,0.005101810786083978
36652,0.0033578732971044837
36654,0.049568323142262366
36657,0.002114107166159062
36658,0.002074213787100575
36660,0.08957640444320503
36663,0.0025650919945586076
36667,0.0001685012869067067
36669,0.03628181586403296
36670,0.003687819742996445
36671,0.0027295618467235157
36672,0.004386697363836622
36673,0.013770779146309173
36675,0.01927568485998243
36677,0.008109385491448533
36679,0.005129622036366383
36681,9.211666723848437e-07
36685,0.04032450999546135
36688,0.003976740575916378
36689,0.002363856160916028
36690,0.007178460282487947
36692,0.003034900232205264
36694,5.799323186427129e-05
36698,0.0036137889264841678
36700,1.1772232726729068e-05
36701,0.051711016994595405
36702,0.00812425661415495
36703,0.005380217012055259
36705,0.01898810818219156
36706,0.005347347402296185
36707,0.018364488002510535
36709,0.0036345112623450146
36713,0.00594459955843073
36714,0.002604339605097025
36716,0.0032914726679436177
36717,0.02275051175215855
36720,0.00047390240352185233
36722,0.013646163015178462
36723,0.01878335795452614
36726,0.005214458844819148
36728,0.005645283514889065
36731,0.004348519461766432
36732,0.14428192228673956
36733,0.004030809415894424
36734,2.689224066627468e-05
36736,0.010133948840632977
36737,0.11065351094388612
36738,0.02568473672588208
36739,0.02330593357649994
36740,0.022526711467601223
36744,0.02592402145000774
36746,0.04857188062400754
36747,0.007282963003747501
36749,0.01632227252107646
36750,0.004064482896662471
36751,0.04699746648988546
36752,0.008611971529087879
36753,0.008152391398277871
36760,2.1827239716594943e-11
36761,0.009577736446189025
36762,0.12417980392263123
36764,0.015116613348914145
36765,6.658063907302257e-05
36769,0.004006017377272287
36770,0.003687526454051789
36773,0.12671687165538895
36774,0.045836390163383374
36775,0.0031680169564782708
36777,0.08971302663165147
36778,0.004032868985164724
36779,0.006675338522095055
36786,0.012239013440135277
36787,0.02073357886203051
36789,0.0034703037621393977
36791,0.10531455201648796
36792,0.005549544039436967
36793,0.022853097809230307
36798,0.013371279248471556
36800,0.0879134971632662
36801,0.006036209083186799
36804,0.003100989642605092
36805,0.009799636188883553
36807,0.016597607788337455
36808,0.006793799169034649
36811,0.02382400514821591
36814,0.18215449704195602
36816,0.03440527244408891
36819,0.00559877861636226
36821,0.01110190460963584
36822,0.003575866178777943
36823,6.578595707711624e-21
36827,0.006910308112233804
36829,0.02206176442279868
36835,0.004137928330428446
36837,0.1471562681500531
36838,0.10901543931833664
36840,0.038009638927637875
36841,0.09419741102590458
36848,0.00348218848119219
36850,0.0028669515475786976
36855,0.009865927517818987
36858,0.02558839991046904
36860,0.004292390158600663
36861,0.004365065311362397
36865,0.08731287458394181
36866,0.05336122146697638
36867,0.019107327496107173
36869,0.0032814239672237814
36870,0.0069780208460474375
36872,0.015996271897341152
36874,0.02548052417894355
36876,0.02051047008592841
36880,0.018164391733857276
36881,0.05486204683643589
36882,0.01234714517015218
36883,0.024482489988182067
36885,0.0050623836547504155
36886,0.009541842400760564
36887,0.005154429527702124
36889,0.08074258044676547
36891,0.0036983953289292243
36892,0.007956280905640404
36893,0.0027264007184631205
36895,0.004240251621182876
36896,0.07542762896102756
36900,0.09936990428848386
36901,0.016714888432225856
36903,0.004623321336408474
36904,0.0037304480342567627
36905,0.00335983559575489
36906,0.004685055873877841
36907,0.0745148781269224
36909,0.014695203858215681
36910,0.0012115799831547405
36912,0.002150352990968051
36914,0.032815598662747976
36915,0.021094920296597437
36916,0.09606972666860736
36917,0.0053593882933788105
36925,0.1330527746561474
36926,0.0032783438890242526
36927,0.04326087327752155
36928,0.01185114892013513
36929,0.004301391639708248
36930,0.008138836961139139
36936,0.020607128085141698
36938,0.005674223511709413
36939,0.00027800112416608404
36940,0.11425764231504588
36942,0.001754691467847052
36943,0.017750231880758437
36944,0.03168032397922494
36947,0.0030729701754818985
36948,0.0011705333731225592
36951,0.11401850430380489
36954,0.016121893982505024
36956,0.007541472505113212
36957,0.0029862685117874118
36959,0.003162402728223025
36962,0.005282577846058547
36965,0.011110938449224471
36968,0.02095237160131228
36970,0.02905624775674721
36972,0.011833253688758594
36973,0.027925809080511718
36974,0.0021219017117187124
36975,0.006771847064574504
36976,0.006849795286876838
36977,0.020184387979878236
36981,0.07034897483980862
36988,0.0023721404339482445
36989,0.05524124948515845
36990,0.002766292132883257
36995,0.02769717609291351
36996,0.0026671860464232253
36998,0.12755190793213586
37001,0.006873979035484006
37003,0.04171432154289124
37005,0.05359023097454765
37008,0.011049359374287318
37009,0.10042177014071833
37013,1.5729059166662463e-05
37014,0.006856914844502968
37015,0.009907877276267484
37016,0.00022214792924856288
37020,0.007890738841481589
37021,0.004021915056458213
37022,0.02336976633994333
37024,0.0038326038069451934
37027,0.007811762872475974
37028,0.11786445960170712
37030,0.04058948270472196
37031,0.040664265201613245
37032,0.009698312366220341
37034,0.00020895248449458317
37035,0.007585030361870052
37038,0.08956047470323787
37040,0.001388526603245862
37043,0.004896751500054987
37044,0.006659814386864184
37045,0.025972286170495098
37046,0.02651591817133291
37048,0.00017437465556116116
37049,0.03466053662180065
37050,0.018052224324887445
37051,0.030289784857354753
37054,0.0019724055552793347
37055,0.0044682828037899205
37056,0.050530093333248274
37058,0.00437528723162938
37059,0.0004368940948063654
37061,0.01883538337601382
37062,0.01856587356095098
37064,0.017086012879900844
37065,0.018370655916327385
37066,0.02290097899822289
37067,0.01508170323373977
37069,0.060113129642942076
37073,0.08469171718644898
37077,0.014520513085384257
37078,0.0036127257559162252
37079,0.02014152844256375
37081,0.02097281867125666
37082,0.003915381631141552
37083,0.018400082765451336
37085,0.006306242417720206
37086,0.005159618093335054
37088,0.018052224324887445
37092,0.0030363986420127863
37094,0.0056381888636602455
37095,0.005723750492362139
37098,0.007593187374153583
37099,0.0034867719626063775
37103,0.004665535122611396
37104,0.004471500822664546
37105,0.03070655235157049
37106,0.0038545000203478144
37109,0.059448416307294624
37112,0.07119432500029134
37113,0.018052224324887445
37115,0.02030993142439792
37116,0.012126273471955345
37118,0.006707225406662174
37122,0.017562746968373292
37124,0.004303654537707995
37126,0.005267133534987576
37127,0.03135377581278076
37129,0.014157427529269006
37133,0.13573658951435671
37136,0.004833780780465093
37139,0.003772540428391433
37140,5.213385137993321e-05
37142,0.0034623124440477395
37143,0.005734461496830899
37144,0.011012184488080227
37146,0.002921755842725357
37148,0.030431374158300176
37151,0.003168969689814665
37153,0.02445234610653455
37154,0.006450002421182543
37158,0.003177991345483541
37159,0.004081246008420658
37161,0.020607128085141698
37165,0.0060077440300489535
37168,0.0002577608173036908
37169,0.01283100993370424
37173,0.009499452488859549
37175,0.0023730697630329114
37177,9.98127139557371e-05
37180,0.008890301050704423
37182,0.015772356737110936
37183,0.08539235897532164
37185,0.003239766950092728
37188,0.002632449374472299
37191,0.15369941127707437
37192,0.033143276398614
37193,0.01171624496344707
37194,0.0009014000275611039
37197,0.009405897467109696
37198,0.0017708285458131311
37199,0.03321881211182052
37200,0.0717066903597848
37202,0.04284835180629541
37204,0.015052471407246333
37205,0.00044443265578160597
37206,0.006065863569945347
37207,0.0042877767031125075
37215,0.18790775342366728
37216,0.0002582837186625655
37217,0.08458759578200982
37218,0.005645871802618282
37219,0.001360498317566855
37220,0.06604915507672307
37221,0.13249422592307444
37222,0.10525025819325043
37224,0.03895747564724227
37227,0.004112745403047781
37229,0.003395848663725479
37230,0.021548651538724855
37231,0.008063104042715399
37232,0.0018639824024375441
37235,0.033040211440221796
37236,0.046289166346125885
37237,0.011802343470074209
37238,0.006405199595675877
37239,0.02514215776149881
37240,0.1342287330108489
37245,0.003504871473545958
37246,0.03614740720098517
37251,0.0027982988672069207
37252,0.00038311023472708427
37253,0.046751090525126354
37254,0.0034548307307764145
37255,0.014849359185324627
37256,0.0037010580530128707
37261,0.04234669305382283
37265,0.02234925182160354
37268,0.006496110420822627
37270,0.006841355689697765
37273,0.018870074018419468
37276,0.03983524824628742
37280,0.0034106645161905338
37285,0.024482317561168844
37286,0.004483744850288509
37289,0.00586844643963839
37294,0.0006435401817242897
37295,0.0038545517969161194
37296,0.08365387904416356
37297,4.0463733700620945e-05
37298,0.0006980576300162012
37299,0.09296793186625482
37303,0.00031154869654318585
37305,0.0052379611104267434
37306,8.112084926276204e-05
37309,0.0028945143869808037
37310,0.007579182809618064
37312,0.005051057497101141
37313,0.02565611687041829
37314,0.04021517983041804
37315,0.07160825708459093
37317,0.029290008719229054
37318,0.004575481346254032
37323,0.10731584193871097
37325,0.004097459234579369
37327,0.01529476722358729
37328,0.008048824540652671
37335,0.0028992672656853696
37339,0.05865026290026684
37344,0.007010840900820594
37347,0.020136936077378775
37348,0.05305665749675646
37349,0.0214025729873444
37351,0.002990661887715192
37352,0.000800985064537353
37353,0.004665429704897204
37354,0.002996399424569667
37355,0.028693703184477896
37356,0.04901784103645173
37358,0.06075955071142214
37359,0.0181806784569889
37360,0.003933598282892987
37363,0.013075920757254464
37366,0.07464219486117447
37368,0.003163869168483409
37371,0.02433560350028823
37372,0.024637367321013653
37374,0.005036177716029671
37375,0.013615120369570863
37376,0.08033114714407653
37377,0.0025153371650329564
37378,0.06837548601121729
37383,0.0031527066523780256
37384,0.10390066095989708
37387,0.020798951732395234
37391,0.07266117001318363
37392,0.0030352148321412206
37396,0.0034622229892537822
37398,8.638324503029765e-05
37399,0.03164148617846579
37400,0.003369520025968158
37401,0.0044755850453101625
37402,0.003940801638094817
37404,0.014984026647309625
37406,0.0747602229707983
37407,0.07557557779540268
37408,0.0018594949036185853
37409,0.021417159540528145
37410,0.002230524437151924
37411,0.047715705449512875
37413,0.05944800900609295
37417,0.01684514071189042
37423,0.003621210808435756
37424,0.0035184072809600424
37425,0.1258194165588324
37428,0.02279958251779211
37432,0.035886743290437166
37440,0.054929959928276664
37442,0.11767391717353394
37443,0.0023005775913446476
37445,0.028545569181363036
37446,0.0468036345435258
37447,0.005240584682925657
37450,0.04904774955431323
37451,0.0034197255819282436
37458,0.08883789520070522
37459,0.00014165200318244438
37460,0.040997543923472705
37463,0.031601687949398403
37465,0.07567915869298984
37467,0.024482489988182067
37469,0.0022967978210645923
37472,0.003462335035509134
37474,0.15760804252098995
37475,0.1261685274654095
37476,0.004122801106134167
37481,0.0424947720221315
37485,0.00560002450060547
37487,0.12084106597122213
37489,0.036415115311019
37490,0.12940610003823017
37491,0.05725540109181811
37492,0.016190143179229125
37495,0.006462060565977735
37497,0.13663448524519178
37500,0.005515437382587862
37502,0.03505558420392283
37503,0.0030038954591966047
37504,0.00495029778563515
37505,0.003034941173124961
37506,0.021541847167728428
37508,0.013138204900390792
37513,0.03429829042494184
37514,0.0008249398291441855
37515,0.0038828701726860465
37516,0.00604245643168013
37520,0.04141639673632085
37532,0.03445303111661989
37533,0.00805259531576978
37534,0.01742857432924828
37539,0.027277488859514344
37540,0.00433538217520822
37541,0.0028565771255304054
37542,0.1461829127036833
37543,0.1455645269369461
37545,0.11089462623495099
37546,0.0019096299961020512
37548,0.012952530147222968
37550,0.00090881628553646
37551,0.016510022674681622
37552,0.03569541643386073
37553,0.0036778236720447603
37555,0.005242083025489151
37557,0.002961674291289782
37558,0.03935227687820231
37560,0.0018674354156022904
37563,0.0047991999342266375
37565,0.1496384187270751
37567,0.016457415244036856
37568,0.0008909734866687668
37572,0.004195426072043052
37573,0.07902783579210977
37574,0.04443007338976814
37575,0.001865544635178397
37577,0.0024646368097523265
37579,0.0030308591404666057
37580,0.0038628616110460306
37582,0.0033152868440686277
37584,0.01951827988289703
37586,0.0037750057706536335
37588,0.014973913397817723
37589,0.03219115297445896
37591,0.015548711744736361
37593,0.03251720746868941
37594,3.625391279666127e-06
37595,0.013258924869371592
37596,0.002272168230860554
37600,2.8642188558305336e-08
37601,0.2056366709275212
37602,0.09123576107888588
37604,0.012112190200994983
37605,0.06731439547504492
37607,0.01124453557145411
37610,0.12333182973792117
37611,0.023462498627104547
37614,0.007722281906554753
37615,0.0026960073640817706
37617,0.001307000981959424
37618,0.007016343114086078
37622,0.001349941304179342
37623,0.03173669390038953
37624,0.01877619650379108
37625,0.0011312133673741403
37626,0.026218023574699517
37632,0.007411687885287905
37633,0.005196904138930016
37634,0.023579500354981756
37635,0.020074130886040965
37636,0.03193767988292222
37637,0.011474448975584278
37640,0.005111654593803223
37643,0.03133947122800513
37645,0.007011391812477861
37647,0.10765097533354782
37648,0.04266116041317921
37650,0.00432827822703131
37652,0.025259195592335554
37655,1.4618895416857447e-05
37658,0.04526578994244976
37661,0.0001794936533275251
37669,0.03524398208603824
37670,0.18664659091201938
37671,0.026314980844228408
37672,0.06843134283517648
37677,0.010704170358528609
37678,0.020830709335518505
37679,0.0012787081531706935
37682,0.02275752878192295
37683,0.0030364430396068926
37684,0.009523692406820687
37686,0.0030364477953649673
37688,0.03669428796459598
37693,0.09611172684583062
37694,0.002802625421149785
37695,0.006740504805204411
37697,0.004928811072985552
37698,0.02613305718210762
37701,0.0022537368589853764
37702,0.0025387712820093035
37703,0.03411440001255695
37705,0.00814331612521346
37706,0.01877211825342395
37709,0.026672429464295388
37711,0.049637745668640904
37712,0.060629183630964166
37713,0.0005222601483595771
37715,0.020805327460980377
37716,0.004316861249691169
37717,0.01667450271242917
37718,0.012809234246318272
37719,0.0012884616123075723
37720,0.04302325488156283
37722,0.004534068270847553
37723,0.00993088944254781
37727,0.11366612609045958
37728,0.08224154060468383
37729,0.07500585315907622
37733,0.0003245831266858384
37739,0.005377785076547367
37744,0.09578035182883166
37745,0.0015883525975069813
37748,0.053345188643952074
37753,0.002328535263675987
37754,0.003405357410703311
37759,0.015027897147466914
37761,0.009251495400784224
37762,0.13648181022908837
37763,0.003573824220591055
37764,0.017877887217098248
37770,0.005491717646538536
37772,0.005392375427398115
37773,0.004210204244724373
37775,0.10734871629833675
37777,0.005045444738883973
37780,0.004658977070037998
37781,0.00981419643350143
37782,0.1488962097268148
37783,0.019364462160889925
37784,0.051556177392206186
37787,0.003947490888916572
37788,0.005103730410489424
37789,0.005327694702392853
37792,0.0001832937370451822
37793,0.0007860696252178658
37794,0.02021280579179271
37795,0.0058057720151528025
37797,0.0037149023482817446
37798,0.002170725155497464
37800,0.0005614683414146099
37801,0.0029863791586879395
37803,0.14556808756826314
37804,0.003777029450406622
37807,6.473528284510841e-05
37808,0.007370880134819458
37812,0.07131383283762605
37814,0.019405154563135282
37815,0.002759685725918283
37817,0.02982112954909061
37819,0.0026449151692359532
37822,0.0015745925541977453
37823,0.020607128085141698
37825,0.0943555441887922
37826,0.011525205123744399
37833,0.002682260917249992
37834,0.028559867685306536
37835,0.003036521526880638
37836,0.020325936023716965
37839,6.790194468806795e-05
37840,0.008888973719741438
37841,0.16718278827935223
37846,0.014553880541878162
37850,0.004879689002487401
37854,0.02261035820328533
37856,0.055335424577406554
37857,0.003957825817115479
37859,0.04953389799977146
37860,0.03819764594625591
37861,0.01010088121804744
37862,0.164318933697801
37863,0.027053403018336707
37872,0.034733088792265186
37873,0.0031826053178641107
37876,0.004332629471792243
37882,0.002761734783848254
37883,0.020516093787146496
37886,0.04271215203821374
37888,0.0198002118294573
37889,0.12941808694002596
37891,0.01596623976256822
37892,0.0022968957482260156
37893,0.003897728863708316
37894,0.0055038522652215
37895,0.0063114671377984015
37897,0.030398561225452154
37900,0.004262017505749764
37901,3.350126771963179e-08
37902,0.004135187831632043
37904,0.0042508587112115555
37905,0.014418864919599077
37907,0.003952237871099447
37909,0.01883538337601382
37913,0.0054705207845399395
37914,0.007843032091039343
37916,0.02600560278908531
37919,0.13326522825827627
37921,0.0032618750602601936
37922,0.0030364477953649673
37923,0.007186405730928821
37928,0.1422649786583031
37929,0.019662774118211605
37931,0.008198922891897319
37933,0.010766937695360971
37934,4.414395806915763e-06
37935,0.13683245077025666
37936,0.014487361202476802
37937,0.033005592950477364
37940,0.0030364723723385373
37942,0.0036227422400590195
37943,5.655248432149384e-07
37944,0.12746555467461348
37945,0.003971893631251239
37946,0.00227400661179315
37948,0.02852754310498898
37949,1.8205303377815395e-05
37950,0.27807232223326067
37956,0.02221088851424897
37957,0.012712977997368148
37958,0.03654397363831639
37959,0.0004777008642369612
37961,0.10828231035014711
37963,0.02852718911117527
37964,0.001010944716751771
37965,1.4823413159507019e-05
37966,0.008624516518896463
37967,0.027335047412468436
37969,0.003987865438687746
37971,0.02878527970895391
37972,0.017374587501062137
37974,0.01336042982852521
37977,0.004013658610485032
37978,0.03610885698372813
37979,0.010624787063964972
37981,0.029612698877900755
37982,0.01865094421491906
37986,0.005948584674396505
37987,0.0032371816309108947
37988,0.005885660969912988
37989,0.0070186817953391805
37991,0.08697211738761254
37992,0.007055827805401699
37994,0.010717375082673133
37995,0.0029673042356583934
37996,0.017685438307844897
37997,0.007454381857642651
37998,2.7316593856470717e-06
37999,0.011248069676560233
38000,2.456391927163686e-06
38001,0.013591626301735871
38003,0.0015769589309494764
38005,0.016896073151562076
38006,0.04176976270855125
38009,0.0030365624896050406
38011,0.018352225112619778
38012,0.015992676303732436
38013,0.026096974547220726
38014,0.0044761868832564194
38015,0.018052224324887445
38020,0.05795104354563002
38021,0.013977431795055765
38022,0.00736577222900438
38023,0.12214802855122595
38024,0.003579104363939542
38025,0.003109815682982581
38027,0.005774588912046799
38028,0.00651816827287274
38029,0.026755103534668374
38030,0.07849003947752527
38031,0.014261444190176846
38034,0.034044972707413676
38036,0.01916149682597009
38037,0.13674369542114237
38039,0.0044444504387962476
38040,0.009677696175702853
38041,0.03082564677715101
38043,0.003890202164829837
38045,0.00303659697852973
38046,0.004626800060698729
38050,0.004608738017007631
38051,0.06757760484672122
38053,0.0025510592613009063
38054,0.1327557038428271
38056,0.020412013830908505
38060,0.004629476233104062
38064,0.020520490152962364
38067,0.02726673553183124
38068,0.10769324319491247
38075,0.10924070374503532
38080,0.010490683926299241
38081,0.000572816006308777
38083,0.003110042584522472
38084,0.07440165621085224
38086,0.03827940476542043
38088,0.02436159035442087
38090,0.007617013149243795
38091,0.003829647723865232
38092,0.08755845709017088
38093,0.03909301963347288
38094,0.006087354283773046
38095,0.01827633895010612
38096,0.001832480584251903
38097,0.003369807644462708
38098,0.0038489900448057507
38099,0.007259541446854616
38110,0.026138259848950608
38113,0.01950476293730104
38114,0.007335187280560941
38115,0.11179210572366642
38116,0.024513360111508804
38117,0.0033258657998003066
38119,0.00563096334070269
38120,0.002986232319508815
38122,0.009510453759527082
38123,0.0017989691183926426
38125,0.002675621884132975
38128,0.0018807356933554242
38131,0.0475481121298282
38132,0.008949120485425585
38134,0.21129066017837736
38136,0.004661281792789494
38138,0.12837654585957817
38139,1.7928183549936059e-07
38141,0.03952706574466988
38142,0.021183459278576417
38143,0.018535771053514675
38145,0.11141235421697666
38148,0.00575096330344835
38152,0.002666982875774917
38153,0.013938871576589799
38156,0.003758235678647449
38159,0.004368151000090167
38160,0.01861491405903318
38161,0.0122326135374014
38162,0.05624247090992001
38164,4.542962299844971e-06
38166,0.019613648193153487
38167,0.012053223598560907
38170,0.02584694471108447
38171,0.041810129154843105
38174,0.018052224324887445
38175,0.1263635788110149
38176,0.014557609820267691
38178,0.021289811282138155
38180,0.06949363719252977
38184,0.0022473633217194163
38186,0.0008848814256085779
38188,0.07312023337231613
38189,0.006301007859009429
38190,0.005501143506980317
38191,0.0031532158333725975
38192,0.0027228032766063296
38195,0.006981912099123452
38197,0.010141739886488641
38198,0.004614501929539319
38203,0.14355191734422784
38204,0.007464152572711438
38205,0.025706751516438003
38206,0.058467958707541845
38207,0.01267289430202119
38208,0.03313587523194184
38209,0.005310434213371482
38210,0.0003218484299368551
38212,0.10501457137250793
38215,0.04804370339489142
38217,0.02220486577619014
38220,0.006402422892247984
38225,0.0004792083143142859
38226,0.010005199202353673
38227,0.013428271371351129
38229,0.13237066554351984
38230,0.004517977122681532
38231,0.011318050228514719
38232,0.002653404982409168
38233,0.005625267934282688
38234,0.006604255756529704
38235,0.008530463063227014
38238,0.003915467583875947
38239,0.005722067787881945
38242,0.023247899302322357
38243,0.1137059268501021
38244,0.0316886032674482
38247,0.004460167347703209
38249,0.003201225243781293
38252,0.026706608490230682
38254,0.002287571688574182
38266,0.04144490541848452
38267,0.02029963744596487
38268,0.00035845780853317483
38269,0.04198969708915048
38271,0.17712421860695454
38272,0.024491932547849576
38273,0.02109437958930691
38276,0.0031374844149572884
38278,0.005827670401446812
38279,0.006916287754977901
38280,0.016206533309498644
38282,0.0030373854159157256
38283,0.009508765496621115
38284,5.538695879628413e-05
38285,0.014760449155421022
38286,0.004703088030437978
38288,1.7554410881705172e-15
38289,0.009983414275167614
38290,0.0140346827103832
38292,0.03118122242223148
38296,0.03503856178996338
38300,0.09807648227464635
38304,0.15462632759259673
38305,0.03129838064249378
38306,0.04271970937188293
38308,0.0026301392237904585
38312,0.0046017744062597414
38313,0.011295351908182153
38314,0.01822987762725729
38315,0.02206354544587609
38316,0.04256041510988126
38317,0.00831505027230975
38327,0.000417368362545849
38329,0.01718498290767079
38332,0.0015704812430560144
38334,0.004120351750056445
38336,0.00702431569265169
38337,0.003991951141624971
38338,0.04011668604287978
38340,0.006904925330145298
38342,0.03516934110255087
38348,0.07960667991098876
38349,0.004494649213425319
38350,0.00452565817406253
38351,0.004047897105985332
38355,0.08960797043582772
38358,0.047376600294155
38363,0.00346233111865351
38364,0.0543918024039408
38366,0.0037879068957519042
38367,0.00314866079762763
38368,0.014512216841396376
38370,0.004241981132447209
38373,0.019201936430334236
38374,0.007675225259113558
38375,0.006650069775516538
38378,0.14284764330405156
38381,0.06716975340149084
38384,0.012223223145912237
38386,0.0033144547545620254
38387,0.020408044379581887
38388,0.00824960162732622
38391,0.00489777368730731
38394,0.02628853298561773
38395,0.05494894734520471
38396,0.007496068783543432
38399,0.004391361644702884
38404,0.006937379751181757
38409,0.03129437791473173
38412,0.14747732623665982
38414,0.003766810051573147
38415,0.030289784857354753
38416,0.002971257480001956
38417,0.02445179619713079
38418,0.0016919019041604258
38420,0.09978117102619495
38422,0.008233226422821543
38427,0.054281586975949835
38430,0.009872141872243667
38432,0.003508864652350172
38433,0.05681915541897718
38435,0.007579090297719845
38442,0.017722386007202936
38443,4.6773346858445824e-07
38445,0.004212320367453127
38446,0.012140428912969745
38448,0.004959099023254336
38449,0.010538921212458254
38450,0.002977467330165803
38455,0.1309561075249084
38462,0.0007832705785914885
38464,0.011528421396366444
38466,0.06975856024178367
38468,0.027584734835916027
38469,0.006006186909294939
38470,0.00394965018767182
38472,0.006155217243877866
38473,0.009432928655327228
38475,0.011913631503101015
38477,0.00424924253588755
38478,0.08204678473441722
38479,0.0006867053138946424
38484,0.01011416951762283
38485,0.1056539372341984
38486,0.005605184842875281
38487,0.005114155989216656
38488,0.006741503405848478
38489,0.005499005002197932
38490,0.013983571147912915
38491,0.010772509399232357
38492,0.11394961877751111
38493,0.0029363368792237007
38497,0.06741480385955072
38498,0.004603911669448161
38500,0.12115758245147958
38501,0.00357352294899764
38502,0.008471694487421352
38503,0.03153582475572177
38506,9.634361701352688e-05
38507,0.13347606697014944
38509,0.025343003052338532
38510,0.030758008331682803
38511,0.02716375135391086
38513,0.015500286816193141
38515,0.003717918256583771
38521,0.0023573567420753666
38522,0.02929429452827588
38525,0.00940901858446212
38527,0.010874461419875876
38528,0.025960943586108873
38530,0.004111028498769794
38531,0.08770553099485182
38532,0.0037032150140435976
38533,0.004790853806206249
38535,0.0817131279494126
38537,0.0076705149246480905
38538,0.05317639372379665
38539,0.02123532719606697
38542,0.005178197522500287
38543,0.0017401666271688362
38545,0.01607514543277177
38546,0.004589779357589248
38547,0.011069903506425767
38549,0.0034902110974349395
38551,0.00876820227436955
38555,0.015445562167414764
38557,0.004625087840914851
38558,0.003109148361875998
38562,0.095416203602564
38564,0.003949292109638786
38565,0.023638554298671628
38566,0.02191136140933428
38567,0.003980468202516352
38568,0.009785105405205633
38569,0.0009873813528358188
38575,0.006919488765773258
38577,0.0874914973297496
38579,0.02945785037697916
38581,0.00023242712642350128
38584,0.02488577057620398
38587,0.003959405665291858
38588,0.010882806346628684
38592,0.04518654633346525
38594,0.03376015969411214
38596,0.010442951512127235
38597,0.004604285700766757
38598,0.0036038166430003393
38599,0.013177957979010104
38605,0.00037676379398611395
38608,0.002966320552470783
38609,0.09556263150053954
38610,0.00757946359851482
38611,0.002687401644100058
38612,0.018554454164644435
38613,0.08209136243068431
38614,0.03336188294416969
38615,0.003748901626757323
38616,0.009470492168768972
38617,0.01829123200861261
38620,0.004596351751339839
38622,0.11441467163495328
38623,0.08609903478430407
38625,0.016735804109216202
38626,0.016438008333462553
38627,0.004746773875102267
38628,0.014645691613730343
38630,0.002848395263116257
38631,0.006163548458892555
38632,0.0008511490065525868
38633,0.006503876765380342
38634,0.022870185284905396
38635,0.010590031935091726
38638,0.02283929639294561
38639,0.03662274673791663
38640,0.115158282245487
38641,0.006766559569376879
38642,0.008235263027480245
38643,0.0021028782866321107
38645,0.014919322525599677
38650,0.26090866290650766
38651,0.012627720311071858
38652,0.00696061961670107
38653,0.005074517221231498
38654,0.007305791468867976
38655,0.005173003235014986
38656,0.005457321763452727
38657,0.0028802357095214772
38660,0.2136982504493122
38661,0.10615639512279622
38663,0.00017503900909204666
38664,0.00010182685218379155
38666,0.0050415317844367345
38667,9.084579248216714e-05
38668,0.027307999329594317
38671,0.004893515619493734
38672,0.0045996277656102326
38682,0.10456148396221253
38683,0.004288990285727945
38684,0.004216005648768654
38686,0.04640803925366536
38688,0.0246337169988465
38689,0.0036906064753293925
38690,0.04873296244631397
38694,0.005325075953571052
38695,0.0009239502149090312
38696,0.002090831328216243
38697,0.0003598192856027217
38698,0.0017752042382392687
38699,0.1785369120481593
38701,0.03357449518077745
38703,0.1346132644224808
38705,0.04767976668192167
38710,0.10145757932483329
38711,0.034474526602253044
38712,0.05647118708788697
38714,0.0036769394074189703
38716,0.004601057954086741
38719,0.006562934171962898
38721,0.009648695462659285
38722,0.021023232344644465
38724,0.0025513690299772294
38725,0.058584632558059485
38728,0.14123084543691453
38729,0.00010378374495584636
38730,0.04298877816642786
38731,0.003807842395301823
38732,0.004196167365794946
38733,0.00168818321214589
38734,0.003414394354229581
38738,6.14541251695272e-05
38739,0.0039305151003983406
38740,0.1411575698004009
38741,0.10490313470161726
38743,0.03687647945254137
38744,0.004016185824063912
38746,0.005677779861525915
38747,0.004440263904364906
38752,0.00666141278325617
38754,0.04079551171560076
38756,0.004396469688419859
38758,0.017383572881817987
38759,0.02714223197071165
38760,0.32035070408522154
38761,0.021849252121978583
38762,0.03247628863774569
38763,0.010943555872794417
38765,0.00335272686509844
38768,0.011164336255219218
38769,0.01757355505252733
38771,0.023466681648741643
38773,0.01466979095941489
38774,0.003092533819207902
38776,0.002315209026249926
38778,0.007564513416114695
38782,0.004027697706862327
38785,0.008987090579347821
38787,0.0010461362520642356
38789,0.007798630819469361
38792,0.004227384044932382
38793,0.1150805050571919
38794,0.02809010600354522
38795,0.09671597798635724
38796,0.003937083348071351
38801,0.002352328620831504
38804,0.005030796304003347
38805,0.005447747094851914
38807,0.046077442882634635
38808,0.00976506486680922
38810,0.11325778453911596
38811,0.026252261232128635
38813,0.0040051191628708745
38814,0.010269265235613511
38816,0.009224662808793341
38817,0.010023826865900075
38818,0.0055725398409005936
38819,0.009950507122071076
38821,0.015584917451978758
38823,0.0011428666345485372
38825,0.05388327163674863
38827,0.013521621099782154
38828,0.0022824945071777416
38829,0.005136335698022097
38830,0.0024774829581487735
38832,0.004156011793593317
38837,0.0023947040389083536
38841,0.018052224324887445
38842,0.005744599876784486
38844,0.00016907465313768468
38845,0.03475561662236441
38847,0.028159331096999245
38850,0.013688084125868426
38854,0.011458118292057435
38856,0.005127033271692745
38858,0.11369592286702072
38859,0.010722438760829622
38860,0.011859097801441032
38861,0.018600413067081167
38862,0.002722795945434032
38865,0.024394576350750388
38866,0.015867724078204665
38867,0.006067448892811186
38868,0.03674271369164843
38872,0.009416380975879723
38873,4.075799786818823e-05
38877,0.012189952696124435
38878,0.023641029700641882
38880,0.00038200038538842036
38881,0.018052224324887445
38887,2.6524682331710616e-05
38888,0.06202555855682089
38889,0.006855972086539794
38890,0.01940258872047884
38891,0.006144198719587424
38898,0.0027157997897404276
38904,0.0005933507285084167
38905,0.0034623124440477395
38907,0.04967278983185771
38910,0.001893086661472226
38912,0.035934668864651347
38913,0.002998971188826043
38915,0.0010645240603077558
38916,0.003633229825226096
38918,0.0039717276033204305
38921,0.00504545018583788
38923,0.023462498627104547
38925,0.0013416835560134878
38927,0.002894427955768566
38934,0.0040481033445119415
38936,0.02911041103547848
38937,6.68435818430834e-05
38939,0.003815498823865707
38942,0.007546613324289544
38943,0.010190504892031393
38945,0.003969582851217005
38946,0.00438042953689549
38947,0.021092900000185953
38948,0.003338889550049755
38950,0.057130638746676475
38951,0.02627184593880532
38952,6.456939578859647e-05
38955,0.002927790001324254
38956,0.14980786664735496
38957,0.007497270780906533
38959,0.004257016521133922
38962,0.01854611987473806
38964,0.007113065469915002
38965,0.0347659376447807
38966,0.007420498022521178
38969,0.1160887090061014
38970,0.13435158090242866
38973,0.0047083592741815
38975,0.004824673287564247
38976,0.004862489044492027
38977,0.0004017913473680143
38978,0.017385707768761638
38980,0.12294443164975233
38984,0.013048202897010681
38985,0.004526785310683908
38986,0.0034570796684928406
38989,0.043669717401409854
38992,0.005093395909086452
38995,0.016924359422265976
38997,0.025128521516393103
38998,1.3121165000959045e-05
38999,0.003151753373165089
39003,0.1269709528688757
39006,0.0007612205400050402
39009,0.02206589485994499
39010,0.036075679958673786
39011,0.00758202321549326
39013,0.016268185477915947
39014,0.017734068509704583
39017,3.080184240188483e-20
39019,0.015102663551561233
39024,0.08960743389555852
39026,0.0034096854762110528
39031,0.10100336654469341
39036,0.005846744415140669
39039,0.002405295637682265
39040,0.008235728414392442
39041,0.006568507657432348
39045,0.003947425084776999
39046,0.0018361655625277777
39048,0.003935910901578006
39050,0.010155392607644387
39051,0.004702565992279168
39053,0.014703152584432696
39056,0.00010256905266062881
39058,0.13535104372544643
39059,0.002517018993221763
39060,0.0029220942854619645
39061,0.018052224324887445
39064,0.15033308451203908
39067,0.11354203623918507
39069,0.03664457080948022
39070,0.021564565339515562
39072,0.002606427361085864
39073,0.0063623039394952105
39075,0.0027740576846928223
39076,0.015990862271889564
39078,0.0007535693237275056
39081,0.028731941471809207
39087,0.0035252532795587584
39092,0.0005798101808488079
39094,0.015259711359783922
39096,0.036671996385655985
39097,0.0012632630820408404
39099,0.0034032390115497934
39101,0.025780482924194114
39102,0.058382975875946985
39103,0.002315209026249926
39104,0.008132013916096052
39105,0.12206075943557611
39107,0.01568611881866995
39108,0.05017775032004668
39111,0.0753629281000678
39112,0.03427279767166966
39113,0.01426683182708696
39114,0.003135931355769215
39115,0.0039920276434484
39116,0.04112991407565454
39118,0.013668309559917019
39119,0.001880351270035909
39126,0.00034673043308269645
39127,0.0018469437039926844
39128,0.11028352596180271
39129,0.08264777451688719
39133,0.012294897891677304
39135,0.018017601034325776
39138,0.023369243411494107
39141,0.11112540158905986
39149,0.01732248819093823
39151,0.003534240642637523
39152,0.007199771152787467
39153,0.03315994370388114
39154,0.0010291748126534414
39159,0.018052224324887445
39161,0.0031609408428277226
39163,0.013694049465812236
39167,0.014080566816648717
39171,0.01843230299524558
39173,0.005098916013660771
39177,0.1295005269280416
39178,0.0047875716385473305
39179,0.004283827756000774
39184,0.09208688966249827
39187,0.047378695794086274
39188,1.2544226621059231e-05
39189,0.04887212862080111
39199,0.10641459322619108
39201,0.012860451026101208
39210,0.0076301288757852255
39212,1.59404339811586e-05
39216,0.005220511492944171
39217,0.006589963798551575
39218,0.1337482746156406
39219,0.002862310716980632
39223,0.0005546408352148023
39225,0.003005501920449805
39226,0.047836781141489856
39228,0.03793445721322435
39229,0.02118055427575044
39230,0.0036991469627485583
39232,0.0525657088201114
39233,0.0032947702485671675
39237,0.00013698915494983363
39239,0.001569118830605885
39242,6.361716943995097e-06
39243,0.01840234589719818
39245,0.036367950442715444
39247,0.026665274292483634
39248,0.0003919490255496794
39251,0.00422296212991398
39254,0.12216576383113158
39255,0.003377269641862358
39257,0.03660491211779362
39258,0.0027959349090600108
39260,0.004359166233481931
39261,2.5669458599953366e-05
39262,0.020150102173912842
39264,0.026859739686666672
39269,0.023058877766402766
39270,0.027591659034361903
39272,0.005277271013628116
39273,0.018521507790821068
39274,0.00323243483520334
39277,0.024482489988182067
39278,0.05558730821955186
39279,0.013064513101690413
39281,0.003606093124529004
39283,0.00617222096392947
39293,0.024482489988182067
39296,0.012694048147430591
39299,0.006897142954066169
39301,0.045432964386933596
39305,0.11333027733699301
39307,0.023915991641189436
39308,0.10211310357528149
39312,0.001053714518224898
39316,0.15140979903278073
39317,0.04676256493652464
39318,0.009048488101023494
39319,0.023280007024142832
39323,0.01129454950922329
39324,0.014658726275518907
39325,0.0029929405561785333
39330,0.004920552962151142
39331,0.0020165367841885997
39332,0.006003525094187174
39335,0.0028464014352899965
39337,0.042693444092000175
39338,0.0409614300353896
39342,0.002995999532959665
39344,0.002669820467227618
39345,0.0993605773521609
39347,2.4369281077966823e-08
39348,0.14730765084424394
39349,0.009670327393064516
39350,0.013099337107735474
39351,0.03182336115912521
39352,0.0026229114034930228
39353,0.006226035149790918
39362,0.005259236100276048
39363,0.006296064633301823
39364,0.004045260115666488
39366,0.0030363856941960123
39367,0.03192179646554587
39370,0.005304856288033739
39373,0.009791267744128444
39376,0.0001608626227243373
39378,0.018520649365333656
39379,0.05212419481394357
39380,0.010226949868597611
39381,0.023700246323869075
39383,0.047217658049149944
39384,0.002951129508920481
39387,0.002243630186378135
39389,0.0275976432182581
39393,0.028011191391416845
39395,0.13756932114117876
39396,0.0008320499835479367
39398,0.0031417626827541954
39401,0.004849855216641576
39404,0.009643623477445178
39406,0.1273011080267801
39408,0.05343308904842762
39409,0.0034583616847699557
39411,0.023462498627104547
39415,0.009422816884694658
39417,0.023964186569323212
39420,0.003922452645329835
39423,0.011542418659512723
39424,0.10465565686101386
39426,0.04067444116936335
39427,0.0480056838648498
39431,0.029249648803312378
39433,0.00015822568453362993
39435,9.980329021064103e-06
39436,0.00039705451554841487
39437,0.05888769612598897
39438,0.031903103474235354
39442,0.02894224422388355
39443,0.0030849512003277356
39444,0.005836981928937334
39445,0.11112540158905986
39447,0.0037577122851295856
39451,0.003729109505152333
39453,0.018052224324887445
39454,0.006885201243457167
39457,0.01639872475918523
39459,0.06159744277745408
39460,0.009542413173831128
39461,0.007025855331630537
39462,0.005673979571539589
39463,0.026615459634660315
39464,0.0036139454784423516
39465,0.030289784857354753
39467,0.022997306119989264
39471,0.06023103763491152
39472,0.004495703356148668
39474,0.035118961024973604
39477,0.0056413946812225385
39481,0.02369521285384718
39483,0.10490313470161726
39485,0.01577906271297803
39487,0.05995199388438604
39489,0.0009381709521646358
39490,0.050705157323519774
39491,0.030956169405438962
39492,0.0028953372297935097
39493,1.6634983380759205e-05
39494,0.003372180898426997
39495,0.0029862560289283502
39498,0.002677166626865851
39501,0.005378420859262651
39502,0.007849129337038052
39506,0.0011945142276666542
39507,0.12679200011763722
39508,0.005635688191005775
39509,0.10222692337146642
39510,0.09502219930702603
39511,0.00746458687829374
39513,0.0034555479786150555
39514,0.02173379278987642
39515,0.029525870556747866
39516,0.006690072937745367
39517,1.0507214810926697e-05
39520,0.0885492882096081
39522,0.01749977027446934
39523,0.004368013279451849
39525,0.0013193510854306758
39526,0.0042643003419429865
39531,0.001683154543897507
39532,0.006673415697899433
39534,0.011562263313777797
39536,0.007681111062452065
39543,0.003208583589429154
39544,0.004554456200694669
39545,0.0024310817293101646
39547,0.019918056614589414
39548,0.019399874200038546
39549,0.004079040139770751
39550,0.0023151594370895683
39554,0.03903863737223001
39555,0.035095819471670606
39556,0.01820871517828741
39557,0.00442547494784324
39558,0.00415995614342437
39559,0.10871410708018585
39561,0.05534366349073846
39562,0.056614135445250756
39563,0.0035701621560220603
39564,0.051259936984987195
39566,0.03919464405332836
39568,0.0032807199448655366
39570,0.011247668782820524
39571,0.00033094244229424027
39572,0.032796136294623184
39573,0.003405366419255984
39578,0.005302403604540113
39580,0.045971265134386353
39581,0.0033220292874526444
39582,0.006875452783735702
39584,0.04659023924851242
39585,1.0349970477167714e-05
39587,0.009088732216756561
39590,0.011750319646205766
39591,0.013078869052466
39594,0.008799036543930121
39595,0.00876127899766119
39596,0.058070354954343005
39597,0.007076602987953037
39604,0.07846391452523932
39606,0.035771421773892656
39607,0.018704886206072087
39609,0.0344862557957517
39610,0.1905327993624798
39611,0.04935465439356868
39613,0.0025834344771707247
39617,0.0025585375114443487
39619,0.11470004071193769
39621,0.000508417754415282
39626,0.0001792167797685757
39627,0.009392769800197815
39628,0.004381377352136215
39629,0.007219378465703251
39630,4.998369805367236e-06
39631,0.07609693778366958
39638,0.0414582451364984
39639,0.019698803508935443
39641,0.0037783120849085076
39642,0.034907129742437294
39643,0.10897482882533464
39646,0.006810889558984919
39649,0.002315209026249926
39650,0.0023790102255877976
39655,0.0037398170623481725
39656,0.052755057287515186
39660,0.004476119057438372
39664,0.0013973589077523217
39665,0.06647851089350597
39666,0.10111953298172723
39668,0.03912099710089443
39671,0.1499867834268551
39672,0.030154497606637368
39675,0.004772279216217921
39676,0.006337269225827991
39677,0.0038835181350531317
39680,0.0001740240023966841
39682,0.056915176696646086
39683,0.009682083689341795
39686,0.08314367047620018
39687,0.06478840743984418
39688,0.005674314659003067
39690,0.01807730848363621
39691,0.03012514270651088
39695,0.0037188748626728065
39697,0.0025127136758000845
39698,0.03228771711327964
39703,0.024482489988182067
39709,0.031403965198351834
39716,0.02096465723659114
39717,0.01773029123747779
39718,0.0269186634303589
39719,0.009911202404617757
39722,0.002819026053688377
39728,0.004444826550832794
39729,0.10718231929981034
39731,0.0008990813602971804
39732,0.0023204493088922807
39733,0.003655628651873124
39735,0.03948059088678945
39737,0.007093221764537008
39742,0.0034623797640606717
39743,0.003667018228371267
39744,0.11712554068547278
39745,0.03651555730210693
39746,0.003819566493330445
39747,0.0034508629281567024
39748,0.007872902673117686
39750,0.00849155245200402
39751,0.043536049371867704
39755,0.07038889134074829
39756,0.002728539326181606
39758,0.02219497864685123
39760,8.551079359332692e-05
39761,0.0015836466143300844
39763,0.0029862289960277543
39769,0.049706894507377565
39770,0.09349218030001394
39772,0.04512341984291412
39773,0.023194421186431394
39774,0.051830218985585506
39776,0.009684095403564043
39777,0.013016385389517373
39781,0.0058648472474672865
39783,3.003276955116516e-07
39784,0.04339235531948412
39785,0.018416325397166478
39786,0.02260055592999485
39787,0.0303393884944166
39789,0.020020135303000532
39790,0.005403027732203024
39791,0.010110302745200604
39792,0.02884061941366662
39794,0.09623712573669961
39797,0.003480263584120122
39798,0.003307655404152773
39799,0.0025025652273774016
39800,0.0005969854948521889
39805,0.010744426455645089
39806,0.0046430806312841326
39807,0.009205174607120798
39808,0.00356776662137806
39809,0.0030482170663003647
39814,0.01188592424719176
39815,0.05395477760032666
39818,0.001765910153623456
39819,0.0025937716994202885
39822,0.004020633151798268
39823,0.030341468714273238
39827,0.006080837578175803
39828,0.00488791022474246
39834,0.0024454195268329188
39835,0.0080101203320929
39837,0.001467690808376906
39840,0.011166568693906169
39841,0.0007920813273582099
39843,0.004821006518862542
39844,0.0029875376174896676
39845,0.011411446500933474
39846,0.0566749362123338
39850,0.000889977003439972
39858,0.003509513670296148
39860,0.013381679542976966
39861,0.004174799475520927
39863,0.0045001336259724
39865,0.005950398591459922
39869,0.0014236643354686377
39872,0.0006519289749564462
39874,0.003757041824154725
39877,0.036029557812273426
39878,0.014413455737127802
39879,0.003947353128031016
39881,0.00024911635490573964
39884,0.005123061059222947
39888,0.005310377816385742
39889,0.03741566650270386
39890,0.004499860993297229
39891,0.0731921152580925
39892,0.1279230675696585
39893,0.026637245548019012
39895,0.004907437667859529
39896,0.04552690539696387
39897,0.003379562834060341
39899,0.018694719221047637
39904,0.003817924217245503
39905,0.0007089064066009674
39908,0.00339531134403784
39909,0.0031278016124391293
39915,0.13499872565052048
39917,0.11758290999790026
39922,0.17146808863329482
39925,0.020033939124605025
39927,0.11840806551060135
39929,0.0039044354390390776
39933,0.01733599600750422
39934,0.0025842977860187546
39939,0.011028846733915233
39943,0.016586727123432236
39944,0.03180751799953655
39945,0.03864636466928745
39947,0.010768098617282994
39956,0.0020754520266107607
39957,0.03643138261840055
39959,6.587526736652699e-05
39960,0.10983369337922202
39962,0.018494320542103235
39964,0.1284156069341202
39965,0.01100253436349706
39966,0.004374798801619941
39970,0.018052224324887445
39975,0.04764310535637007
39976,0.004620433953975169
39979,0.0006959349323999702
39980,0.004638817708142166
39981,0.11491160531695284
39982,0.005798775844928067
39984,0.003270194615551224
39985,0.006025653596637504
39987,6.853469879650669e-06
39988,0.013373653652695439
39991,0.12547867549564803
39992,0.003357711071407097
39993,0.0024126848028525045
39996,0.0007719866295844497
40000,0.0033848326002945315
40002,0.12178165470189674
40003,0.003958088224754576
40006,0.02144323674810487
40007,0.058954096558484805
40008,3.3970572442763643e-37
40013,0.006385495912230022
40015,0.007166696048791065
40016,0.006201653418503281
40019,0.0005297687091320123
40021,0.007589642952678628
40022,0.009191834095490448
40025,0.017951421707555187
40029,0.011290626784152416
40034,0.014783205932775415
40036,0.11467903959940004
40038,0.0037684990844337293
40039,0.010035230312310158
40040,0.11514581770253123
40043,0.009938173795963155
40046,0.004561373239955826
40051,0.014935755516988884
40054,0.004998592746254784
40056,0.0027696871427926027
40057,0.024387269449111282
40060,0.002622897640228814
40061,0.0085253110983484
40062,0.0035086349668729993
40063,0.019237030430628518
40064,0.024152180625902995
40068,0.004998934486472398
40071,0.007068467481633559
40072,0.09163162862074954
40073,0.005247958452697154
40075,0.014241627563168342
40079,0.06826323847206504
40080,0.037280820723202976
40081,0.031201882655769776
40083,0.03954647280480434
40090,0.0053408534433985475
40091,0.02714406748295622
40092,0.00870945690831445
40095,0.0028733682661640993
40099,0.044106970820267016
40102,0.0034152898127977325
40103,0.035796168303290764
40104,0.002796826171757066
40105,0.0018294875991960266
40106,0.018052224324887445
40111,0.00940695482195502
40117,0.005371328572442392
40118,0.0074542811947035876
40119,0.012108216034706774
40120,0.006934162814612243
40124,0.0043491503010440495
40126,0.0009893804126297945
40127,0.004407155537850547
40129,0.02394365802435521
40132,0.007370839463571954
40139,0.0035602826858960202
40141,0.0033834677824090905
40142,0.0030181964511015575
40144,0.0038978340028544447
40145,0.039574513148478326
40146,0.009270904860545822
40147,0.003941385300279043
40148,0.02313573208453841
40150,0.013694049465812236
40154,5.089496117864721e-05
40155,0.0019335163984466755
40158,0.0209287134204376
40159,0.12646407239670374
40160,0.008773860975975725
40161,0.004373676979354376
40164,0.015416255010721566
40165,0.12362732301534848
40166,0.002986309689852309
40168,0.015212207447649216
40169,1.9471812244861243e-06
40170,0.004807421343101089
40171,0.008608689319464057
40176,0.0017748059805756645
40177,0.023462498627104547
40178,0.1348608084687236
40179,0.021575358751888894
40180,0.0026597372783104256
40183,0.006336313893112046
40185,0.008650357241325643
40186,0.13741714807939986
40189,0.16250126910261395
40192,0.008302346969220685
40196,0.0023966927190713035
40198,0.0017526075635281113
40199,0.14526669518872337
40200,0.005505291696347575
40206,0.017397967301069323
40207,0.016805091029939264
40209,0.05035375202240243
40210,0.007785112765482135
40211,0.0029862560289283502
40212,0.003134718855489829
40214,0.04998372586469295
40216,0.004801843533610379
40218,0.03346775052976108
40222,0.14197473272378408
40223,0.008046335123824242
40226,0.0034274080185662786
40232,0.004561272932085531
40234,0.027765644806039137
40235,0.028165893126863854
40239,0.02037712419046022
40241,0.06906662435594967
40242,0.024739281069750773
40243,0.03220753781687141
40244,0.001081019041124608
40248,0.003540594355383411
40249,0.0040487001090290615
40250,0.03092320625212489
40251,0.015067720355653905
40252,0.07196206754337206
40253,0.0030118931958298847
40254,0.0043605352978773855
40258,0.09428213575420295
40259,0.004472909271254304
40261,0.004887092971877704
40262,0.00031471516131685486
40263,0.1348608084687236
40265,0.0029862560289283502
40266,0.026491840345433698
40268,0.09187457435833014
40269,0.00962307671135305
40271,2.7872509188476107e-09
40274,0.0037438249338714227
40275,0.11039146892863934
40276,0.002987168876064363
40277,0.0323842654924408
40279,0.006009307515987393
40280,0.050453672588824654
40283,0.0024034648309894957
40284,0.0012841762259018339
40286,0.12787250267336497
40287,0.05072689586996566
40288,0.00021787932300010096
40289,0.020026106070033686
40291,0.0037134040791149204
40292,0.0008227740272382224
40294,0.01599190926606531
40295,0.0023006106751751803
40296,0.16701126719213777
40299,0.008181380498352993
40300,0.006898501773466596
40301,0.10840560129855074
40303,0.0010191940901235802
40305,0.029608193812545543
40306,0.0041926538470319595
40307,0.005179493056621449
40312,0.007533724601645414
40314,0.021228122833981487
40315,0.049186928102872444
40319,0.15620942405944305
40321,0.0029631048391683085
40325,0.092981277977906
40326,1.618076701358993e-05
40328,0.002296390749630494
40333,0.016747639494898638
40334,0.005157133165548328
40336,0.00937221688881585
40338,0.022046144074089523
40341,0.02243415205814672
40343,0.022746881421397042
40345,0.03958905000478605
40347,2.0288313825528416e-05
40348,0.011990319236800996
40351,0.004077441453033048
40352,0.002226457265262034
40354,0.016743529241008453
40356,0.0034934784603692795
40358,0.0048094406220455166
40360,0.15236594913359397
40361,0.0021607592196139246
40362,0.0008539455153731845
40364,0.015502658807170016
40366,0.003333779904843641
40367,0.013020699203627074
40373,0.021787684556732217
40375,0.12496633619716252
40377,0.012967580024074008
40382,0.004763070552526038
40384,0.0019981502751485057
40386,0.0005126360473648396
40388,0.0668207470672831
40393,0.008896874598891033
40394,0.0023413691137284
40396,0.007991649893573408
40398,0.054931379708185187
40402,0.004001419795920052
40404,0.003416910755850878
40405,0.005504201344034954
40407,0.0036917982406970812
40408,0.07060214730384723
40409,0.0015908101203122981
40412,0.020607128085141698
40414,0.0029801471339290634
40415,0.00756762782363997
40416,0.02549549801988963
40417,0.00027359349119223487
40421,0.017363048237311166
40422,0.010720596146685647
40431,0.005585070722713222
40435,0.023602725697356382
40439,0.0003381687960768287
40440,0.00014646847778983913
40445,0.002106966823147804
40446,0.01534465134724885
40447,0.03349061946265655
40451,0.0006095200315202226
40453,0.04750975389136951
40457,0.016213045625694922
40459,0.0032303348937272164
40460,0.0006314325497222945
40462,0.0034183858866202394
40463,0.05033883138272203
40464,0.009878523864733032
40470,0.030014780759865575
40472,8.162208515310851e-05
40474,0.012833348138091309
40476,0.005137320719684355
40481,0.004370372642073503
40482,0.008729871355683594
40485,0.009454381815454648
40487,0.08286974386907275
40492,0.013030655344420715
40494,0.003776406512646235
40496,0.02193606199244079
40498,0.0234218860274883
40500,0.03852490927156449
40502,0.006006818471216135
40504,0.013958240903156704
40506,0.0019960282647889125
40508,0.014513334845473297
40509,0.005374801413603796
40510,0.0028811147277805586
40511,0.008740617201537538
40512,0.02157802244714432
40513,0.00036956898699394135
40514,0.00011714926682169634
40516,0.003512532928883091
40518,2.128050853415043e-06
40520,0.016459278385103592
40521,0.007636923790231315
40526,0.006605377707229389
40527,0.0018701372615669825
40529,0.0036203327681237902
40532,0.004589076081357432
40535,0.007823586061367445
40540,0.0013373797828320577
40542,0.014598186450700242
40543,0.033032515467423876
40545,0.003499195403432004
40546,0.0010993318391519624
40547,0.07153527298023424
40550,0.026489626743135666
40554,0.003437605110797332
40557,0.06119719164545009
40559,0.016182304854181696
40560,0.08052973005796783
40564,0.018052224324887445
40566,0.004707311390597385
40567,0.0768529866247477
40568,0.0036721904166063025
40569,0.02714406748295622
40571,0.003947425084776999
40572,0.0321202299658663
40575,0.06284900633773638
40576,0.05486904573737091
40577,0.022006694780292685
40579,0.007841294437632776
40580,0.010576816885411481
40581,0.003277786824895907
40582,0.023337003111625412
40586,1.640585190088763e-11
40588,0.004646636955511861
40592,0.0035218983264666
40594,0.04435155341604186
40595,0.024830229804053815
40596,0.012677440826925717
40598,0.0033781884246026307
40602,0.12456965188285299
40605,0.01652848605729809
40607,0.03137223723710644
40609,0.09668088502719649
40610,0.009023841399888669
40611,0.10218505680408192
40612,0.008623562012184586
40617,0.0029863712552023595
40620,0.00303636111792188
40621,0.022953314162824225
40622,0.025345042744787407
40623,0.001773434931752164
40627,0.04033707558485444
40629,0.02610254169485334
40630,0.00010927676161617161
40636,0.00952837944218097
40637,0.0032586198615687
40638,0.022588646792280936
40641,0.002369962693974305
40644,0.00026828822448151464
40645,0.0025303217751236878
40651,0.01018148549198143
40653,0.004460066671471343
40655,0.0058212632099474025
40656,0.003579039656578979
40657,0.018052224324887445
40660,0.010842656246218567
40661,0.002926451132011315
40663,0.0033379508041613305
40664,0.0062815102381925
40665,0.013288648052277916
40666,0.028702855726453584
40667,0.0017527993295382554
40669,0.01139681529979481
40670,0.02354452990006902
40671,0.01853564694133943
40673,0.011675461035328403
40674,0.018052224324887445
40675,0.00263641287768765
40679,0.039823277374396136
40681,0.02299867831740264
40682,0.003947372100134069
40683,0.14650409831542271
40687,0.004207474543508879
40691,0.017716911194028153
40694,0.00030008438167331366
40696,0.0034069022973681573
40699,0.0034051990489875126
40701,0.004423030017698553
40702,2.0659873541754282e-05
40703,0.11511887286897346
40705,0.00969691337995167
40706,0.06546573113339918
40707,0.012701927697104994
40708,0.0023719761244094186
40713,0.0320730159510138
40716,0.027098611564742196
40719,0.012146157650911026
40720,0.002381713300187602
40721,0.0010950398705488777
40722,0.01644424152449067
40723,0.018041989056469372
40725,0.006450627696718578
40730,0.026665274292483634
40731,0.043051211613505704
40734,0.00316780239509964
40735,0.013417274660075322
40737,0.0037247378902650584
40739,0.001047999251817571
40741,0.1160887090061014
40742,0.018562094690122315
40744,0.13063782959559336
40745,0.016192193734587964
40749,0.005798425604808899
40750,0.001156457447832596
40752,0.02544693360021042
40754,0.011336303730252646
40757,0.02309023772738887
40758,0.0027105424616798127
40761,0.003036598696879222
40762,0.006916738508315206
40763,0.009079503113151928
40764,0.20838078554026443
40765,0.012977008206712149
40769,0.0049257731475054484
40771,0.0033478804778645605
40773,0.06529907891532424
40775,0.005129382511818128
40777,0.007017531825837184
40779,0.13691778381834366
40781,0.02002360371592482
40783,0.007594989785574877
40784,0.022196466326045793
40785,0.0019782911068981514
40786,0.020607128085141698
40788,0.0034888020098701083
40789,0.12646407239670374
40791,0.03143675044014836
40792,0.017516071668460736
40793,0.002758057993035837
40794,0.0010216272292805368
40796,0.011497211540951303
40797,0.004919512337841239
40798,0.0075796406961485185
40802,0.0034215441066651163
40803,0.0019215980748555868
40805,0.07627428548346224
40806,0.0162913847085575
40808,0.036074797793026525
40809,0.027580458806392115
40811,0.0076098744090550615
40812,0.010638303128725842
40814,0.004167426506191012
40815,0.08819137498246378
40816,0.09049428154260943
40818,0.01599373640390898
40819,0.11359834709490503
40820,0.004885114456455092
40821,0.005479993742362286
40822,0.041912555171748654
40824,0.004287643646930274
40826,0.005274670673103555
40827,0.003961216261843897
40830,0.1278548437081021
40831,0.1165865306024326
40837,0.003672369340145871
40840,0.014338020411443069
40842,0.004283783753284781
40845,0.004721716981859241
40847,0.03169030458084798
40848,5.28405162403734e-06
40850,0.005015394549421795
40851,0.002821744031764212
40852,0.011264457033715917
40854,0.02816873145665534
40855,0.00742380969145241
40857,0.004571731154413967
40859,0.01587221202955975
40861,0.049709629447717917
40862,0.013694049465812236
40863,0.00526758153632222
40864,0.018691666239061204
40865,0.005846797055265277
40866,0.003036606889587602
40868,0.004545247054937323
40870,0.004923177971330232
40873,0.055244344387058934
40876,0.000655396355996624
40878,0.007073670740342914
40881,0.00337977362047477
40882,0.0905728163551656
40886,0.006108008422915251
40889,0.008543606576903897
40892,0.04960165093665
40894,0.017111448582056214
40895,0.0062586108812584
40896,0.03143403820346974
40898,0.00402171325602324
40901,2.4411499413752724e-05
40904,0.0030148009651733685
40906,0.0011211477578764596
40907,0.021453129379137213
40912,0.006663434509428363
40913,0.018052224324887445
40914,0.006655909719587234
40916,0.0033991257337270286
40917,7.236250458626071e-07
40918,0.0033578301853972713
40919,0.0637883576449982
40920,0.01179218453614211
40921,0.020404038371105646
40922,0.02742627734501549
40923,0.007689107292776104
40924,0.029426052407091938
40925,0.007335623064787852
40926,0.050938944792890975
40928,0.003348283918525653
40930,0.02033276001157812
40932,0.010297733427595759
40935,0.011013811935179231
40939,0.029946405768962545
40940,0.04123164046851329
40941,0.005621707971658522
40942,1.6756477520851001e-12
40943,0.04989083288614638
40944,0.01016827514454649
40945,0.0054743748576543015
40946,0.007570653613642305
40948,0.004972399391170644
40950,0.0031264334371529164
40955,0.003509706284476298
40957,0.01345674794965303
40958,0.013451475624455684
40959,0.005688172830035625
40962,0.00577171097717023
40964,0.0005900868983751235
40966,0.06537350536469445
40967,0.012039179478534131
40971,0.004015809569380891
40973,0.0007405426437781595
40974,0.14260553698905193
40975,0.0029871492439061736
40976,0.05651286103393161
40977,0.026651054057563472
40982,0.009542201772455107
40983,0.14845961433503327
40984,0.0037399061606258302
40986,0.011939126138050243
40988,0.006063216285293665
40989,0.11416543928996699
40990,0.00996868020964448
40991,0.00037471466509254
41007,0.01674504843812068
41008,0.04095619829381431
41009,0.008543110435528486
41010,0.004151432885512528
41011,0.01510467073659675
41018,0.027153317013034896
41020,0.010762793363703362
41021,0.003205715446813958
41022,0.1320292411716972
41024,0.01320685845890597
41026,0.14361064370440815
41029,2.497824448409804e-05
41030,0.01918182647590314
41031,0.014146785481002556
41033,2.5890338801068622e-05
41034,0.006736452593532978
41035,0.0008201077024188619
41040,0.011380156244777999
41041,0.003015536293521991
41044,0.016832691820625807
41047,0.005325496565572276
41052,0.003036506860242808
41053,0.010844405402187583
41056,0.02485650576149747
41059,0.00013160208067126907
41060,0.0011161569400340492
41064,0.11972281253077459
41066,0.0014200708477766666
41068,0.053094873332546214
41069,0.00644073721136889
41070,0.025715596757684634
41071,0.003369807644462708
41073,0.026649085364471022
41074,0.019124562226291462
41076,0.013222078507590714
41079,0.09972648331873812
41082,0.017720092219328524
41083,0.01781822121529269
41086,0.04077878479162018
41087,0.017717002666539503
41088,0.004914006640196122
41089,0.0357747159696062
41090,0.021706560150310462
41091,0.0027352204203644165
41092,0.074495368910554
41095,0.02409864030111058
41096,0.0038125502824147097
41097,0.003947429527972953
41098,0.012427365759971545
41100,0.043044945933087664
41104,0.003947456875902774
41107,0.00466275701243681
41110,0.004779351146612597
41111,0.07498412264625168
41114,0.004934752665616385
41116,0.0044160179814985885
41117,0.0018954104936867303
41119,0.011092349496132638
41120,0.02692818180726986
41121,0.004118449558127251
41122,0.08274241378337586
41123,0.1276381729695185
41125,0.02309739949197233
41126,0.00892394434079123
41128,0.003964312258047646
41129,0.005582286213707178
41130,0.021653739061271444
41133,0.10247795161849142
41136,0.1341456369798478
41140,0.17535740599888494
41145,0.025460286670247523
41146,0.003026182996794124
41147,0.2714921573190726
41148,0.0040642761935171965
41151,0.006374587449415335
41152,0.04154825776625303
41154,0.013783696529944158
41155,0.0011229004455731986
41159,0.04012821754404195
41160,0.002509311756473994
41161,0.01969210848924457
41162,0.01309341492762452
41165,0.003469191907789498
41166,0.012120264900381575
41167,0.09109444228340002
41169,0.13701871454247275
41170,0.007913123832300544
41171,0.05147975727950004
41172,0.018052224324887445
41177,0.00177000041755333
41178,0.006169835479202576
41182,0.0239288272306879
41185,0.006488904970157825
41187,0.03067656789530485
41190,0.019469478102516435
41193,0.03987910302635302
41195,0.004071159849207218
41196,0.019840058622508306
41201,0.04462637550094794
41202,0.03966385577293325
41204,0.006833202629079136
41208,0.020137202938441956
41211,0.024536241633275998
41215,0.006663725356236903
41216,0.0028580696255992026
41217,0.1090277803031547
41220,0.01552998125182652
41221,0.048419013114522305
41223,0.011207488639318204
41226,0.0049565037265708115
41230,8.733819782004267e-06
41231,0.0033210562319926375
41232,0.003067216066323347
41233,0.016138780858619726
41234,0.008133197316208526
41240,0.02496998906497603
41242,0.02064948563788689
41243,0.008286008985793009
41245,0.1026587465351247
41247,0.1801577295074394
41248,0.003421858730023856
41250,0.004892359742278589
41251,0.00358064743083045
41255,0.056608439596459496
41256,0.015606920691604086
41258,0.012370499411807987
41259,0.07096702500208725
41261,0.02235302320296238
41262,0.006102086655521096
41263,0.010721197321439542
41265,0.003354690336077406
41266,0.0031991286527036757
41269,0.0030789467528491783
41270,0.030289784857354753
41274,0.036963087944754155
41276,0.015296898341269951
41278,0.04513118878359769
41280,0.033606575578571336
41282,0.005670975959572371
41284,0.026712031147244932
41286,0.0792405666456422
41290,0.003947461319134379
41291,0.002920845968224981
41294,0.004224576036361222
41297,0.03038450733740265
41298,0.0663929175015496
41299,0.11095227186917647
41301,0.05846820524941403
41302,0.024482489988182067
41305,1.044912087182259e-07
41307,0.006436468406246711
41309,0.004218161761024584
41312,0.006678365737069743
41315,0.007828113345893645
41317,0.013803298916921359
41318,0.0028645706762233537
41319,0.00415767697627771
41320,0.015476528744998367
41322,0.004919599297239507
41324,0.024465880682456358
41326,0.0031524754611195285
41328,0.004005686670202608
41335,0.0058627376563737624
41336,0.025991228307363737
41337,0.026031776390799014
41338,0.018052224324887445
41339,0.013097659646197284
41341,0.0010690455174965092
41343,0.0040217562775868975
41345,0.013354035088122218
41347,0.015913687952419292
41353,0.004677660385793404
41355,0.0029885075416885227
41356,0.0031978251420273383
41359,0.07790987921817108
41360,0.03391128234252085
41362,0.027244023141990995
41363,0.0058270777596513305
41365,0.026205164452700828
41366,0.0037785261429396514
41367,0.003198466007768519
41368,0.07299872774277699
41371,0.0031523428879259314
41373,0.01095455899469335
41376,0.00039277668368203054
41377,0.006662743400238693
41379,0.11922652980364884
41382,0.012377672123478598
41383,0.04411918649918881
41385,0.005058981195340545
41386,0.1307179085513147
41387,0.030069894269835907
41388,0.0034722555452617316
41390,0.002996397820787777
41393,0.07820669639168938
41394,0.018608764492832153
41396,0.0641500571074311
41397,0.022631400230002156
41398,0.018052224324887445
41401,0.007797624721124791
41402,0.1009097534863459
41406,0.0028264827269961555
41408,0.008789454016239552
41417,0.019831514348185673
41420,0.001769273157329844
41421,0.0028141470049852105
41422,0.011594142163743706
41424,0.1160887090061014
41428,0.05920583957766884
41429,0.018052224324887445
41430,0.011868945814514257
41432,0.048508573795706805
41433,0.007109280624709876
41435,0.0012238860783124774
41437,0.007763706969563459
41439,0.12370956965912747
41441,0.005713712310855993
41442,0.0022531300580058964
41443,0.0037252293315646673
41444,0.012908423518849984
41447,0.009463511855374666
41448,0.0063606755563858355
41450,0.12550596039797227
41452,0.0034005193855870045
41454,0.0025064405098908487
41455,0.00014180977582427975
41456,0.005947514946900233
41458,0.018643952373271398
41459,0.0014503826058703297
41466,0.003398633178659436
41468,0.016809797712795557
41472,0.0428356155851812
41475,0.0015553302397745563
41478,0.018874504593885337
41482,0.11254901093661097
41484,9.605922571088672e-06
41485,0.038548221733765306
41488,0.005435760347265897
41489,1.087536144442164e-06
41493,0.002273333350304531
41495,0.04004149533916505
41496,0.12085332986351156
41497,0.009284413181151144
41498,0.004403214900465329
41500,0.006586262068465562
41501,0.004895229763975935
41510,0.033652392155263444
41511,0.005846501201667007
41514,0.003368426064473652
41516,0.007694535467995498
41518,0.06196931937294173
41519,0.003127612198463792
41520,0.06903895704141852
41521,6.611140321183543e-05
41523,0.07764601341882754
41525,0.03681723313921838
41526,0.10490979458281484
41528,0.01922383564914776
41529,0.0029862560289283502
41537,1.6068634086269624e-06
41539,0.00705153952100127
41541,0.011312413746267364
41542,0.0484771835241913
41543,0.045185254915965804
41545,3.149171730755287e-05
41546,0.028140999460554154
41550,0.05248464063219129
41551,0.0006095008818521639
41552,0.008812785940866182
41553,0.1427144637493701
41556,0.011649735540807026
41557,0.1488793069664666
41558,0.003084201148809007
41561,0.02560710415303423
41563,0.0029856891551641603
41564,0.012106025598585797
41565,0.0030365167710074406
41566,0.06811087452065144
41567,0.0010758155927552133
41568,0.002277419865648887
41569,0.01449301225884373
41570,0.002257581280818539
41572,0.12864172457826376
41573,0.0005736050242731775
41577,0.007398274410407202
41578,0.013890524261926208
41579,0.0027326990286731493
41580,0.005174296869920026
41581,0.01110986497672191
41588,0.003930893008313614
41589,0.004029538722923252
41592,0.005487379582667657
41593,0.005452132739633944
41594,0.0467450125830773
41597,0.05006865970197298
41598,0.0007940300888578107
41600,0.0037770554478516174
41602,0.0031121702773682473
41603,0.00018300870325730059
41604,0.028761685982107783
41606,6.201416560179788e-05
41607,0.05782278984081084
41608,0.04798467263305334
41609,0.03014836631197316
41611,0.039811181231301354
41616,0.010239436599066483
41617,0.13905995270837762
41618,0.007476900905993184
41619,0.006756068008720977
41620,0.005296327172152043
41622,0.003614339674555888
41623,0.07017702175229062
41624,0.013237212833106405
41625,0.024278057698714696
41626,0.03473231799599465
41627,0.012114441307237203
41628,0.02246588780628339
41631,0.0033685607536590224
41633,0.0027548850573269924
41641,0.1340316903781172
41643,0.0050271445621433925
41649,0.022967368297471685
41652,0.03320357456576805
41653,0.3970664504466703
41655,0.0028075632704188617
41659,0.006048529912063883
41660,0.005590416149966481
41661,0.022253889705750797
41663,0.06275599687352787
41668,0.005662701215107001
41670,0.003391177059155833
41671,0.004801158084391927
41672,8.605411634331819e-05
41673,0.003769713393138163
41674,0.004895053840489808
41676,0.031006335886134506
41677,0.01973097163361795
41680,0.06281407362277239
41681,0.004549270479642444
41683,0.014766084780439438
41692,0.020927917436429178
41693,0.009541863539900965
41694,0.0655240610249478
41695,0.0023848384522002102
41696,0.00745755285942624
41697,0.014341615056202323
41698,0.004016352097455633
41699,0.007026629807029396
41700,0.003116073794733279
41703,0.0030000689323828908
41706,0.02104129498097159
41707,0.0021467066408515866
41709,0.12989088019957137
41710,0.005379176251759351
41711,0.002678309334130461
41712,0.02127359650304715
41713,0.00595396260686596
41714,0.01009675548024294
41715,0.12035215552057955
41716,0.004186438426022217
41719,0.07723035340177284
41720,0.06817184226551912
41724,0.002790503435773839
41729,0.16288097744887167
41731,0.046687450478666626
41734,0.002574023813352757
41735,0.004743767403679575
41737,0.006564441491564128
41738,0.003941775452280606
41739,0.02214540256261474
41740,0.00376142343420174
41746,0.010564490412974957
41749,0.025907171274422693
41751,0.12864448715116195
41752,0.0064086023266755965
41754,0.003129143647209343
41755,0.022106032110093377
41756,0.003893365671596209
41758,0.04203094940889877
41759,0.01780351935201315
41760,0.05998948565485445
41761,0.011127350524346501
41762,0.006394471361124377
41764,0.024585111845288776
41767,0.004209747402726357
41774,1.3801145033614191e-05
41775,0.008371823115696193
41778,0.10645303089602334
41784,0.03373621389527833
41785,0.0015789591698587451
41788,0.01160257792099445
41790,0.0012908554010218972
41792,0.03266696259938557
41794,0.014526609986644793
41795,0.1348608084687236
41797,6.7518172107556185e-06
41798,0.061152552219031875
41800,0.018052224324887445
41801,0.01444050803190059
41803,0.1017851897147829
41804,0.0046732629796252395
41806,0.005446610339299358
41808,0.018237619955473804
41814,0.003423026761562333
41815,0.12443252173179394
41816,0.02600933424705074
41818,0.01099264750266614
41820,0.05850248134821831
41822,0.0051745432678280134
41826,0.07315499347679007
41827,0.06831261292282469
41830,0.14992035091999995
41831,0.008798180523611743
41833,0.041624654250838763
41837,0.008480684060167243
41839,0.0068706895110781825
41844,0.13957742562459963
41846,0.003797280333984292
41847,0.0030364396030845135
41848,0.0036866186978252898
41849,0.0024283434403621156
41852,0.0017305021978935985
41853,0.00010637984104516886
41857,0.003290417538878935
41860,0.012197909238442996
41861,0.0056120843071691415
41862,0.02179084807473215
41864,0.09242729606672931
41867,0.000293525867092976
41871,0.10772592537052758
41873,0.006127096784601955
41877,0.017738324089366316
41879,0.0033984500452043107
41881,0.0036201103677668592
41883,0.00635718230676897
41884,0.002304056071344682
41889,0.018545973736097343
41891,0.0404777635890789
41892,0.024482489988182067
41895,0.029648851818802634
41898,0.007156497701998441
41900,0.0021354276672945283
41901,0.07602041260259998
41903,0.02495129187572029
41905,0.0034935334887996458
41907,0.004989704542274226
41908,0.02117783094839166
41911,0.0034685309543098976
41913,0.002784932193760329
41918,0.10422203786835468
41919,0.09482275079545856
41920,2.7302689538614382e-05
41921,0.13839814916155804
41923,0.004811910678074982
41927,0.006609342662298834
41932,0.03443271829266002
41936,0.0032050629866901726
41937,0.013369981699381136
41939,0.03580769186403726
41940,3.477956323103073e-38
41943,0.012747742344618607
41945,2.0853914995074352e-05
41946,0.011292063011311658
41947,0.003037731609582331
41949,0.0287067577975033
41954,0.01240956069735149
41956,0.05298527447836783
41957,0.04420398159117735
41958,0.020162147020373396
41961,0.1483760032039721
41967,0.008064438296878647
41969,0.01622118376582164
41971,0.03223727929612774
41972,0.041446520584796
41973,0.007266874423162354
41974,0.00846827626663427
41975,0.014107107795168623
41976,0.0031240800081979137
41978,0.11314812430455415
41979,0.003287360832750603
41982,0.0030542870657772232
41983,0.002247434678808699
41984,0.2913293940995478
41985,0.21285621920917497
41986,0.0003808255213560464
41987,0.009183578344651213
41988,0.0441852357882538
41991,0.023859798533394004
41992,0.004802870650630255
41993,0.012770881332643591
41994,0.00399481043176221
41997,0.08515177312550377
41998,0.12544138224869575
42000,0.008710018129856653
42001,0.2169465113813565
42002,0.006561875519694371
42005,0.007546195859234851
42006,0.007435035937302995
42007,0.0025015573320265124
42009,0.009446538374416013
42010,0.024546073372027508
42014,0.005246111917764844
42019,0.007237540601739906
42022,0.0011744099196784998
42024,4.78470473590621e-05
42025,0.0033137123647169016
42027,0.05127644624174922
42030,0.006019292573349365
42031,7.727105429777104e-05
42032,0.0055393362533676825
42033,0.1019136031462462
42036,0.04435155341604186
42037,0.0013631141755089022
42038,0.010133926499676395
42042,0.008886558108146663
42048,0.14531798413362784
42050,0.0012456737582346754
42053,0.0038673095431857292
42058,0.0034028038064874712
42060,0.1791863461457354
42061,0.004981406346232625
42062,0.16165679738832775
42063,0.013735103022046
42066,0.09261890911044884
42070,0.0033092454622104155
42071,0.019922486959657957
42072,0.0464767737077335
42073,0.004223199409894912
42074,0.23499573121775946
42075,0.0011239107673637332
42077,0.005581504585826409
42079,0.0075795099181948855
42080,0.12123368527591202
42083,0.012829879402849902
42085,0.04951065811254624
42086,0.0029747018902854007
42087,0.07036649544431861
42088,0.005045538706256963
42094,0.10217385173833952
42096,0.04933563041243111
42098,0.005937484211667502
42099,0.007743172200508732
42102,0.008496513308947394
42103,0.0040798135046544275
42104,0.10067494864802704
42105,0.003941668123613484
42106,0.003917023823663165
42109,0.00470583014969617
42110,0.0026156323797338005
42111,0.0015600721102958775
42113,0.0019928937837336196
42114,0.016593259716246603
42115,0.02373013922619845
42116,0.056844584127204854
42118,0.005347350965856815
42120,0.044649542158095495
42121,0.01819689502232005
42122,0.07481906153684796
42126,0.008655093493158841
42128,0.008054696707532043
42129,0.026665274292483634
42131,0.006490639653690218
42134,0.003290563518459762
42137,0.04890614433541532
42138,0.0047588102445455405
42142,0.004449743483349229
42143,0.002149333442931183
42144,0.005310373444291744
42146,0.007195285096098872
42147,0.009106566243495616
42148,0.0026451122260636745
42150,0.00731162250459498
42151,0.002305976269960134
42152,0.01603821241832381
42158,0.004307339952612539
42159,0.0032247138998036354
42161,0.003462303106782492
42162,0.04581580024798502
42164,0.01926891174119835
42165,0.019182753741349444
42166,0.019816205017970833
42171,0.014496839654765496
42174,0.04432967935397878
42177,0.0066128450037245545
42179,0.0009052268863212968
42180,0.029284421077066494
42182,0.07162639247827653
42184,0.026556680903840627
42186,0.004426790526400543
42190,0.0029975248266627392
42194,0.005878458925866535
42196,0.054014419307389934
42198,0.08093645941224735
42199,0.02349696986095224
42201,0.0014465637157219779
42210,0.06452855841475327
42211,0.0010515115200346078
42212,0.0004588034732695367
42217,0.07115355838556546
42219,0.004317563613210563
42222,0.0036198831421439394
42225,0.03154096467052581
42227,0.004746021103829198
42228,0.04336536908521429
42232,0.0036906064753293925
42233,0.02756303483141967
42235,0.003663351782448069
42239,0.004717934709816648
42242,0.018778532874808882
42244,0.029925865404754316
42245,0.10530764647755646
42247,0.1147491156754629
42248,0.011099145329713291
42249,0.037235885718324965
42250,0.15255557771435282
42251,0.009403570117550223
42254,0.004208918771624081
42255,0.08463290960762163
42256,0.0016655235656313303
42258,0.009172352639199806
42259,0.0018820177202110366
42263,0.0313851814658521
42264,0.02292628233553061
42266,0.003148873277918625
42267,0.020288612184753002
42268,0.07449545634016297
42271,0.010999136855882528
42273,0.004383215824200237
42274,0.007405914875849852
42275,0.007976784141055784
42276,0.0026969151933843396
42277,0.02783683732625927
42278,0.10742702699778117
42280,0.006056964129380152
42283,0.004207388861965225
42284,0.003462239705003003
42287,0.015195313396640568
42289,0.09990835157561961
42291,0.023173185563804755
42293,0.00518214384076017
42295,0.11308263944980297
42302,0.004500136157226872
42306,0.06855513459944892
42307,0.040928899787544576
42308,0.14711730179998747
42309,0.005382276564045851
42312,0.1194011538694974
42316,0.00810423838460379
42319,0.05581870112425454
42321,0.10436117850690645
42322,0.09360543242688849
42323,0.1338122466373768
42325,0.03048629928461879
42328,0.00133755282823341
42333,0.004963353901000429
42336,0.020483298594952206
42337,0.0029730097432227633
42338,0.0066596129841094065
42345,0.018052224324887445
42346,0.0035394433601638074
42348,0.003529827908595543
42352,0.0008586512363962479
42356,0.03401105617193213
42357,0.003036474090617737
42362,0.006357436730929056
42369,0.019442387782024166
42371,0.009937779389240562
42373,3.3004665221696905e-05
42375,0.0031995844724248407
42377,0.008510801440963691
42381,0.0043646569821727075
42383,0.0587042637175766
42384,0.11429607938331758
42385,0.007835303307763091
42388,0.020607128085141698
42390,0.0068609619165043954
42391,3.2658205016582e-06
42392,0.14218229020643186
42393,0.004979862588998333
42394,0.009684950014757618
42395,0.007255866013840426
42396,0.005284402748626443
42398,0.017575666502477973
42399,0.02335780874423884
42400,0.026488392421794602
42401,0.005491223281762883
42405,0.0039031256727338464
42406,0.018052224324887445
42409,0.028513155880047745
42411,0.016442756672039035
42414,0.003675987079220509
42415,0.022007549452462274
42416,1.1296711525295068e-07
42420,0.002898957674934797
42421,0.27580686051617087
42422,0.02785384853231853
42426,0.08770481356667886
42429,0.06360780401037325
42430,0.0031546859048701753
42431,0.060299710207210123
42433,0.004293301310533796
42436,0.019911713724816798
42438,0.2816671151881425
42440,0.008375465589341503
42441,0.0032503262904397413
42442,0.004071554030620309
42446,0.010898027681785197
42448,0.028576090731030793
42451,2.0123738222447968e-05
42452,0.0720229903277121
42455,0.06687697759529626
42458,0.03402013723963577
42459,0.020171869321136144
42460,0.0012885270525362432
42463,0.0033666417207220316
42464,6.510057165456197e-05
42466,0.13546613297542975
42467,0.004822073906755161
42468,0.04530696053331855
42472,0.0035451070486927708
42473,0.003027593064615676
42474,0.014309098484372213
42475,0.0045000249607290085
42476,0.003216630065133296
42477,0.003267739415157722
42478,0.019493126386383754
42479,0.022397278204561555
42480,0.02610468586892878
42481,0.0036734812169912606
42482,0.029081258887321246
42484,0.009627609960806882
42485,0.023887950279967145
42486,0.05810924275405154
42491,0.03318180690524033
42495,0.0440468309108897
42496,0.06325919284336609
42497,0.007637204225468673
42499,0.019155408084146435
42501,0.050577952633347883
42504,0.018052224324887445
42505,0.04161787849773721
42507,0.004389395693100059
42511,0.023823754831143754
42514,0.023349462652839287
42516,0.01731588844247165
42517,0.0028937962241548827
42518,0.08035085236127636
42519,0.08978442478164333
42520,0.007130784784889959
42521,0.0024894290599423645
42525,0.015069921230440096
42528,0.006646747884155769
42529,0.0019371785105901163
42531,0.006333630839409215
42534,0.025855216290321375
42536,0.0026041512776825413
42539,0.0026874982805895585
42542,0.005410017249616925
42543,0.01679103810497674
42545,0.0034052782289279958
42548,0.026572268753972783
42549,0.02184919850570355
42550,0.03677977769430481
42553,0.0033053756802320033
42554,1.1883904483277624e-05
42555,0.020330773812686467
42556,0.029630003940812673
42557,0.032260567398104845
42558,0.15135464195400153
42560,0.03658133991738272
42564,0.03551790498808244
42565,0.048529537799660134
42567,0.12028239618541313
42568,0.004502191958454359
42569,5.315200787153105e-07
42570,0.008730546470890688
42571,0.1306539429877496
42573,0.032665148969977804
42575,0.01847449978417266
42576,0.005461226224016056
42579,0.004463642861715306
42581,0.010258926932294457
42582,0.12930886524276722
42589,0.13916806406790444
42590,0.021255693300168837
42592,1.1314221206530894e-06
42593,0.052169100888575334
42594,0.03754548774608114
42596,0.016005184014627683
42598,0.0036748583296455457
42602,0.007678937754375004
42603,0.00474096605672687
42604,0.003289423984250859
42606,0.0392293497858049
42607,0.019864483592651017
42608,0.09955911978249299
42609,0.005200080328966863
42610,0.0037244610290724047
42611,0.006251799845952238
42612,0.04002745116297476
42613,0.00044712274052107615
42614,0.0052839731013194415
42621,0.004634628809654738
42623,0.0076502756698789524
42624,0.003527936189464442
42625,0.005133986937231259
42630,0.02656271373953342
42633,0.000888579429788045
42634,0.012738084263781067
42635,0.01685158317565088
42636,0.04231202866963413
42637,0.05322521706878936
42638,0.007600314885492175
42641,0.017637759782221943
42642,0.016534020989442216
42645,3.2196455566685336e-05
42647,0.010700680596698108
42649,0.0015007624167032477
42650,0.005237828850509704
42652,0.010630932192339411
42654,0.006068622677735494
42655,0.00902345716322842
42656,0.03641176293808996
42657,0.010953515736917205
42658,0.00024562410111045205
42659,0.0035747987258685273
42660,0.015676439082871613
42662,0.059664780483617404
42664,0.03957845489620849
42665,0.011571293697387063
42669,0.00012014133578188564
42670,0.05588999204774391
42672,0.05287345105868817
42673,0.03328961998150198
42674,0.007259794288500955
42675,0.009609777931610636
42676,0.004252067700250354
42677,0.005159555941736099
42678,0.0028935180991883098
42679,0.06962856471133161
42686,0.00472951087652259
42688,0.004825873814792047
42690,0.003806479692798443
42691,0.002318373588168735
42692,0.0019427223934915696
42693,0.02492558942372596
42701,0.019548804590955905
42703,0.004116970185408837
42711,0.005409665632959827
42712,0.020073201168754048
42714,0.0030679409838220545
42715,0.021727558987648252
42720,0.0014468048221805442
42721,0.011749040216098081
42723,0.0036906064753293925
42724,0.021698856971061605
42727,0.01158182750346878
42729,5.06901723111494e-21
42730,0.052326420204768354
42731,0.003726565255757208
42733,0.032050517734263255
42734,0.05373504979316353
42735,0.09865219036668797
42737,0.006231434367284477
42738,0.012817981832729138
42739,0.005430568611414598
42741,0.02627827165774644
42743,0.001148499287110622
42746,0.013743095385708927
42747,0.0002357862332665712
42750,0.023985246206454945
42754,0.004133103323280588
42755,0.01657850713443166
42756,0.006106869371549936
42758,0.00261465978020243
42759,0.004653863119810105
42760,0.04202331077972239
42762,0.008992036012257721
42763,0.0022159671743133052
42765,0.0018559328670751153
42766,6.633928515493718e-05
42769,0.020749084844036942
42770,0.038574078591767445
42772,0.02652360542694008
42774,0.0077839722590688516
42775,9.29940804023136e-05
42779,0.0031147400318190838
42781,0.02006275976867619
42786,0.1010779860892589
42787,0.005558108323183927
42788,0.0019287245178222388
42789,0.018588189913527852
42790,0.052384037056143015
42792,0.1434790063993612
42793,0.0034295765096536853
42795,0.13191692940220384
42801,0.008170499001748516
42802,0.01148415174689978
42804,0.01064175349643211
42805,0.0010205667913264329
42810,0.0030575179197431
42811,0.03407806832867054
42814,0.012327476185603554
42815,0.06897593061867094
42816,0.01768865741923507
42819,0.005057425332386385
42823,0.001110318615336266
42827,0.0008739842489856772
42828,0.06632698927088186
42831,0.010068575024792246
42832,0.0010527848655331857
42833,0.018896621315429157
42834,0.0019950698471977173
42835,0.0017255381437422123
42843,0.005573553339683706
42845,0.004158716455663791
42846,0.03462787821636815
42849,0.0008291866956171462
42854,0.00744762011925029
42856,0.024017833808891224
42857,0.002585897905865141
42860,0.025974388516924976
42862,0.005959340071461879
42864,0.0036229029230377867
42866,0.02429620167127636
42869,0.004537074877585789
42871,0.011894349228520283
42873,0.009231684401193515
42874,0.0032761210224898554
42875,0.002542728414150993
42876,0.00474646336916132
42877,0.003947425084776999
42878,0.0001238732382174148
42879,0.004630292292304357
42880,0.02056984336873104
42883,0.03763813605049845
42884,0.003896854638773298
42885,0.008092039445355732
42887,0.033287478922635276
42889,0.004533471751007727
42891,0.12646407239670374
42895,0.0036142933717137476
42899,0.004610583638434097
42901,0.04105039629810065
42902,0.0020488265037201243
42903,0.054943876004672786
42906,0.0023112191549869102
42908,0.026924994778434994
42911,0.024482489988182067
42912,0.01260092216272833
42913,0.009075483595043272
42917,0.004118751894730245
42918,0.011420594959530444
42920,0.04970485611395721
42921,0.012890393200657786
42926,0.005727678737853463
42928,0.0033847631347269608
42929,0.023257698854685732
42930,0.017991690109723336
42931,0.014376022224193308
42935,0.004265912794924519
42936,0.00288474429453894
42938,0.028803111713957014
42940,0.11207909044316818
42943,0.1030190801528615
42945,0.037073967274321294
42948,0.0005276565540590403
42949,0.28149808674282484
42950,0.0048770716344490195
42952,0.1298786424004567
42954,0.0029862764150018974
42957,0.010290393095958415
42959,0.00123060537116753
42960,0.0024668982450019696
42961,0.007562557840566482
42966,0.030059646132613846
42967,0.0029241332833382966
42968,0.00417268198430581
42971,0.0028516237023112935
42972,0.005501561428730803
42973,0.025518333851301107
42976,0.022880059219952648
42977,0.035145606956919366
42978,0.00640833048374157
42979,0.03036770658639149
42980,0.010329133904086794
42981,1.302411827212657e-05
42983,0.005893577008615543
42986,0.0006303368892564695
42987,0.004944787372485011
42991,0.02431396559878374
42993,0.13324042511802472
42996,0.05964810703284852
43000,0.005570251355214312
43002,0.006156904129687737
43003,0.03909301963347288
43004,0.013353106498491965
43007,9.576861329506862e-05
43009,0.03212718037250689
43012,0.034377228422839315
43014,0.009386060705989569
43016,0.0010511081041383503
43017,0.003169974804873867
43020,0.014118195988976921
43023,0.0017496417443165488
43024,0.005209790268683202
43025,0.004244847182003184
43026,0.01029010622868162
43027,0.005163993527181516
43030,0.004890489153670794
43031,0.015008990561026125
43033,0.031243520808498702
43034,0.005903110957762293
43035,0.030250814257521675
43037,0.00834015789516186
43040,0.02340366083619019
43041,0.12084500480130964
43044,0.13832905573433002
43045,0.013006718585828273
43046,7.350950091332044e-12
43051,0.19191501328357083
43052,0.059090477174204376
43053,0.0003383997535840856
43054,0.054356711680105474
43057,0.0026055960243725348
43059,0.08073453983203138
43064,0.007176226274465684
43065,0.018052224324887445
43068,0.004017301566621752
43070,0.006700408477800656
43071,0.016220956926720216
43072,0.00288168686199389
43073,0.026092647573947355
43075,1.4403140149457684e-06
43076,0.02596003480952753
43077,0.02016978737243008
43078,0.0033801732746862045
43080,0.004136956819008093
43081,0.06806282132837523
43083,0.018052224324887445
43088,0.005624907327763694
43090,3.717514023928494e-19
43091,0.1872492344883858
43094,0.09033787379357139
43095,0.005466781151509277
43097,0.0031799030452058126
43098,0.015537693306078617
43105,0.030668177373330472
43107,0.041065013578916315
43108,0.11136626678942171
43110,0.3160186857431032
43113,0.021221036348849857
43114,0.049518401889403645
43117,0.0827657815204896
43118,0.007252123393315643
43119,3.198304459472748e-08
43122,0.04018455058255789
43131,0.05015631354074142
43133,0.0036382123429785506
43136,2.92834704136577e-06
43137,0.0030364840012757285
43138,0.011386985921055802
43140,0.020191715978965293
43141,0.056844584127204854
43142,0.14214712121767348
43144,0.000758679214371558
43145,0.0043624023012686156
43147,0.0393718142233166
43151,0.023603633182175673
43152,0.003027679294878159
43153,0.0019386467630068945
43157,0.027074141874094935
43158,0.006969302553447202
43160,0.000702612135419989
43161,0.004287234189207073
43163,0.03738411073801424
43164,0.004391368713900602
43165,0.004925882171513044
43166,0.024152450677132207
43169,0.002764613146281138
43172,0.032243065585911924
43175,0.09700516130268648
43177,0.0034129251731766647
43179,0.012372166129479752
43180,0.015552628197832753
43181,0.014659211222908442
43184,0.0038761348834466325
43185,0.004498314430293294
43187,0.0024229190597123444
43190,0.005799994073950238
43191,0.0032452604289497085
43193,0.00867017252830381
43195,0.005911714171427965
43197,0.00011744558515061568
43198,0.1464936730848752
43203,0.005595304576901641
43204,0.018737470714459345
43207,2.9279442593167385e-07
43208,0.01206475910717627
43210,0.0012618390484195594
43212,0.030333779153022673
43213,0.003915340229887339
43214,0.004895892081251443
43217,0.03323913518368814
43219,0.002993532134529629
43220,0.016562849656490432
43222,0.00017429458372700938
43223,0.003266452167365665
43224,0.0020090024828603643
43225,0.12689788650921296
43226,0.13287950766718465
43231,0.01723775601014857
43232,0.030059646132613846
43233,0.04563169367458399
43234,0.12924549857509005
43235,0.013034123556942598
43238,0.004593479366465959
43240,0.1397594231386037
43245,0.035066975055886705
43246,0.008647184230779138
43247,0.00017001903197017974
43249,0.0010893172727570247
43252,0.1412266395554979
43254,0.055977649186205444
43255,0.005045525671314049
43256,0.022554778785517773
43257,0.015247332159871172
43261,0.01809374493028837
43263,0.009866155626307898
43264,0.12982463936367253
43265,0.027041741778587956
43266,0.01832749518147422
43267,0.03472641910907754
43268,0.0035938163103362373
43270,0.0080935094067819
43272,0.03708007793109511
43273,0.05504918379539131
43274,0.0009911892325719597
43276,0.008054875613723018
43278,0.03900409981563685
43280,0.0020771247770056795
43285,0.03362427035162681
43289,0.0012864939737290758
43290,0.0015812579736346696
43291,0.005160534232882963
43292,0.018999192372376912
43294,0.017860135343342236
43296,0.06878642337453005
43298,0.05557777682278244
43299,0.0037804346754085226
43300,0.0043356513396912676
43303,0.04667916644329204
43304,0.009821181997314746
43311,0.008079621450484359
43312,0.0028433271195930374
43318,0.0029561560173739523
43319,0.007682243490320043
43321,0.005483901245515472
43324,0.0027103412181420997
43327,4.0247584570819266e-07
43328,0.0017600767855455574
43329,0.03176003680750268
43331,0.02645459745780678
43335,0.007579328905868099
43339,0.1342287330108489
43342,0.03888891823043739
43345,0.0036560238718354194
43347,0.004102202256450547
43348,0.029910339651610916
43351,0.11185301957632224
43352,0.003022818891245382
43353,5.528672726530585e-10
43355,0.002893666411994899
43356,0.0030364396030845135
43357,0.07495917325991484
43359,0.01919044404795795
43366,0.0215976846690738
43368,0.0018240836958598535
43371,0.003462323739760075
43372,0.04898233036032978
43375,0.005660168779453301
43379,0.010883525970798084
43380,0.04441775739500254
43381,5.376355399917956e-06
43383,0.007542466295738
43388,0.00428940260679396
43389,0.10490313470161726
43390,0.0015833005377697512
43391,0.010569609175142443
43392,0.003482271720225507
43393,0.003391540338942962
43394,0.04221628470581753
43397,0.049161823543509786
43399,0.1299244017966781
43402,0.02143494138819718
43406,0.0059658823730985135
43410,0.02146838697537816
43413,0.0037007984882127037
43414,0.028276962576742972
43417,0.0003295135755303762
43418,0.05736059936371682
43421,0.0036229258740465243
43424,0.05456215669038944
43425,0.02289977694255865
43426,0.004095499905716047
43427,0.0038828966063930606
43428,0.09287291473019596
43429,0.011032186021163511
43430,0.008715574723212525
43433,0.012040050764448917
43434,0.0036108197883873857
43437,0.017437628312485447
43438,0.0063865360140020495
43439,0.018052224324887445
43441,0.022673575678423978
43449,0.005660900164160481
43450,0.14498452907331896
43452,0.12231806860283786
43455,0.006249199867095171
43459,0.004207002857420238
43460,0.043787281813067354
43462,0.007897381536579436
43464,0.004967012684429511
43466,0.011235426727012736
43469,0.14581748900924277
43471,0.0019001668002326417
43475,0.04556181020211191
43477,0.10490313470161726
43478,0.0037136065364099372
43481,0.02507702481481935
43482,0.11217609220943534
43484,0.004951275788007454
43487,0.017093220616420636
43488,0.14019999414894194
43489,8.912392807479438e-05
43492,0.031062693102588516
43494,0.0012417060176728916
43496,0.16132274888015688
43497,0.004537510882629282
43499,0.016571377300363038
43503,0.14928445444816488
43504,0.006853087027892575
43505,0.045569666757763
43507,0.0048095257999045665
43508,0.017859120245572693
43509,0.0031444006227525855
43510,0.005674020704282248
43511,0.003453625144438969
43512,0.006369218119768505
43514,0.0018924624633825657
43515,0.003030900027037547
43516,0.01624628805112271
43518,0.023462498627104547
43522,0.009020300620397964
43524,0.035678827302141926
43526,0.0017359107161385068
43527,0.005465628449656828
43529,0.005415590738806827
43532,0.015360210250903186
43533,4.418534659873529e-36
43539,0.018052224324887445
43541,0.004284013900527619
43543,0.008838880570707464
43545,0.0027519691450319343
43546,0.050325320572081195
43547,0.019755014769710286
43548,0.025982135563212733
43549,0.08856429280347598
43552,0.03303821270217057
43553,0.0035108129193054385
43554,0.02376268081425133
43558,0.01999102943936621
43559,0.006663434509428363
43560,0.011212043309301332
43561,0.008537345078143636
43562,0.0013465845421094342
43567,0.0035125808414171425
43571,0.008301018168029521
43573,0.04437890640488023
43574,0.1429231675426324
43575,0.002315209026249926
43576,0.0001649839115487141
43577,0.003879457812476973
43579,0.00105927872277091
43583,0.0026981705262230766
43584,0.019971156250465263
43588,0.022098179320608525
43589,0.006727559737790315
43590,0.0026824205208023037
43594,0.004149436655436872
43603,0.0030596467741820597
43605,0.0037687517471641004
43606,0.002991768249657252
43608,0.02751444063962737
43609,0.049259418872046684
43610,0.006460681286776811
43611,0.08357540989395765
43613,0.05631680903269628
43614,0.03317145869990539
43616,0.002936771595241355
43617,0.0028675107293699162
43622,0.022690696836669747
43623,0.07960667991098876
43627,0.004295278421724392
43628,0.03444714240059284
43629,0.1326043500099778
43635,0.03912921340608755
43636,0.03143596949682134
43638,0.003417158016315816
43639,0.0027637112143354707
43640,0.02640785623986446
43644,0.02436778403289643
43645,1.6673785471166226e-05
43646,0.0035239838829269586
43647,0.002282001465581283
43648,0.00365456241259627
43649,0.006546526489175314
43654,0.005887778861125542
43656,0.017642414291170104
43661,0.0264231416520663
43662,0.09695483078583268
43664,0.002445671328377344
43665,0.026665274292483634
43670,0.007169787076005343
43671,0.008964814824313837
43672,0.005458012560215272
43673,0.005725018532882099
43675,1.0083418404658176e-06
43678,0.034991708111540204
43680,5.464528617157559e-06
43681,0.021626456022488173
43682,0.02918103767866901
43685,0.003288531253637022
43686,0.008994194414206624
43687,0.011799641796849315
43691,0.03393295552671133
43692,0.0055755967587439465
43695,0.018248611016107856
43696,0.1308043838880484
43697,0.050251888926462165
43698,0.042788782739582094
43699,0.031081537557796534
43703,0.13450353221469932
43704,0.01730479765578138
43706,0.009887666407487684
43707,0.018052224324887445
43708,0.013715110421505135
43710,0.00529602527760175
43713,0.022595593587890615
43715,0.010620432714932107
43716,0.04639711875985258
43719,0.027821421229224052
43720,0.022076570921695425
43730,0.04058400391178108
43731,0.07000871486695281
43734,4.759267496864983e-05
43735,0.007882061462642719
43737,0.06333529978786717
43739,0.021295698023769568
43742,0.04688694710874818
43743,0.003404589031604626
43745,0.03440527244408891
43746,0.0035943936035045454
43747,0.11508591100709986
43750,0.0014116357205337764
43752,0.034671219597546196
43753,0.1306104514364854
43755,0.01606474734713259
43757,0.0048279255566864914
43758,0.003572364054273496
43759,0.0033859914908497294
43760,0.0012310737543225613
43764,0.01883538337601382
43765,0.006496035636155407
43771,0.010162687794306553
43773,0.004922282807688691
43774,0.003694465060298091
43775,0.008555383576549376
43776,0.00269476354935657
43777,0.006040226976590723
43778,0.009980706511032474
43780,0.010280415472832354
43784,0.0014704527722151585
43787,0.011827229933572287
43788,0.004428189823199977
43789,0.029318906964150706
43792,0.0034743467464704997
43793,0.004523430947874548
43794,0.0029943813380158505
43795,0.018768268855661244
43797,0.027774414829069848
43801,0.015224181581618432
43803,0.025087479650188288
43805,0.1298469565901395
43811,0.0022262319575502443
43819,0.0021375849946280658
43820,0.005243364150119152
43822,0.005751336519905965
43823,0.011151303076241606
43825,0.057387401986034085
43826,0.025653354304316357
43828,0.0015601584140720291
43832,0.03789417430357275
43833,0.10818263932072347
43846,0.0032583233514720572
43848,0.023462498627104547
43849,0.019549010196445848
43853,0.003334842326543114
43854,0.018007299741149653
43855,0.002635329975553189
43856,0.010174404882173535
43858,0.003714343441268539
43859,0.018052224324887445
43860,0.004646868343038665
43861,0.0010009147340235287
43862,0.003036383975966692
43864,0.0035100736497138073
43865,0.05994351911860538
43866,0.12889044581520614
43867,0.06423011788671103
43869,0.029387256113740715
43872,0.14250756085358635
43874,0.050515152021335274
43875,7.398940344753462e-05
43877,0.08343787551753257
43881,0.0030244323697815375
43883,0.004478266940075543
43885,0.0025964862189437822
43886,0.0218381559184667
43887,0.04460763035139783
43890,0.09211112359654539
43895,0.002080165854018039
43897,0.0033893387861890795
43898,0.019392991297371365
43899,0.012593229032632042
43900,0.018052224324887445
43901,0.0008876967439642078
43902,0.024326540273297448
43903,0.018052224324887445
43904,0.002446860241659887
43907,0.14938870882529653
43908,0.003680747842854239
43912,0.02044948162851917
43913,0.0069724926276942415
43914,0.002123965571951695
43919,0.3140750761123045
43920,0.031140752982190913
43921,0.01734266634916401
43925,0.0057296786001804255
43926,0.003134813966060565
43927,0.019514967501843502
43928,0.0035733156883586527
43929,0.002888649559136399
43930,0.009954314847463045
43935,0.022336185300635945
43936,0.12241019027627531
43937,0.0017805865842927067
43938,0.005116975039683612
43940,0.0002252585509457862
43941,0.024273414000973763
43942,0.1028159102166608
43947,0.0050576780096982755
43948,0.0018602862333445905
43949,0.0035829449413396328
43952,0.01202841745719829
43953,0.0029863712552023595
43955,0.019695618578336422
43956,0.018052224324887445
43959,5.01135430736342e-06
43960,0.01270535200738877
43961,0.14876068018897645
43963,0.0025564600236044686
43964,0.004614768239571216
43965,0.016802191983205216
43969,0.0040432463824494344
43971,0.002450844674337851
43972,0.0016074068835162058
43975,0.002335645863563165
43976,0.15831194135851498
43977,0.006549389193353803
43978,0.0020676002693443265
43982,0.017554624882956
43986,0.0035692078990256326
43990,0.13086437988642846
43993,0.004258057489014806
43994,0.022185657254384927
43995,0.0005322787647399826
43997,0.1332917495905714
43998,0.031427748775743475
44000,0.02903572778463109
44001,0.010976877820322679
44002,0.0030364921936756007
44003,0.0026680134227411354
44005,1.3676993508478188e-05
44007,0.00851167124157459
44010,0.013723822989038311
44011,0.0037898954649107524
44012,0.002857021185587955
44015,0.0036127098433817425
44016,0.006900423123371887
44017,0.022139996934012522
44021,0.004761465429758724
44022,0.02306765774179444
44023,0.050329374744960506
44024,0.0019294749068665626
44025,0.03277465382501447
44028,0.005048580308910255
44029,0.010082565734876555
44032,0.05168517538711991
44038,0.029920591562635598
44039,0.00455503194386401
44040,0.013059310602548871
44041,0.0038054412471276115
44045,0.002814961003114176
44046,0.01493197064551435
44048,0.06964236024367086
44049,0.034924393092082874
44050,0.0024408125513313422
44051,0.02269819375047601
44054,3.676889358918387e-08
44057,0.07132741535157562
44058,0.016819453453303587
44059,0.025995893179282983
44061,0.0033479442324994084
44063,0.01881691014843768
44066,0.003203452989585462
44068,0.003632317329434941
44070,0.007579232698288999
44071,0.0015999787554528365
44072,0.0036288727278467486
44074,0.019657451267776505
44075,0.11436037109591624
44076,0.014324117229197093
44077,0.00923136479078306
44081,0.014816025118548326
44082,0.007203316164249665
44083,0.03265808743291522
44086,0.00957254891627894
44087,0.016346577646591174
44089,0.009466332630609697
44090,0.018817793401508236
44092,0.0044669816830726185
44093,0.006205735410543063
44094,0.005784551776660444
44097,0.009059053401136405
44099,0.15680464179128076
44100,3.887891699601596e-05
44101,0.02593695838768823
44102,0.007325054743768792
44105,0.00010844888113571303
44107,0.048022807176888796
44108,0.004157079594970701
44113,0.0411094950276202
44118,0.00522197495128983
44119,0.0650541658865493
44120,0.002539409650211541
44122,0.004086012609615947
44124,0.0007331716759204838
44128,2.490992830618648e-05
44130,0.005335751838845191
44131,0.012203170145382783
44134,0.16785575228067273
44135,0.1509726786746817
44136,0.06174571280320982
44137,4.519783147807213e-05
44138,0.047285365446377244
44139,0.008572495989635663
44140,0.002345052743279096
44143,0.011182254703904928
44144,0.13340504917365195
44145,0.004115616447623454
44146,0.020526958257075244
44147,0.008769823702985116
44149,0.003249257994116518
44151,0.0022538319731050934
44152,0.007265312589241556
44153,0.03304188109397755
44157,0.002634770055371137
44158,0.005517522341493073
44162,0.01721043616284586
44163,0.003795750380276603
44164,0.0035918580988656855
44166,1.3324467548613888e-05
44167,0.006651676537972451
44169,0.02677467117943907
44171,0.01993886548319621
44175,0.01175669035513517
44176,0.03688691262235513
44178,0.0007805942342862801
44183,0.010050462877338708
44184,0.005992712892697637
44186,0.022959796174538433
44187,0.004666571762648099
44188,0.02282828604991929
44190,0.014192600840227212
44193,0.098422450124753
44195,0.03469117412813952
44198,0.00493344056544704
44200,9.750639376099982e-06
44203,0.004583362949239505
44204,0.005057579086317268
44207,7.766853502476506e-19
44208,0.32958582776440526
44209,0.02734885662067206
44216,0.03935039395454511
44218,0.011486717825473542
44220,0.0298012844245311
44221,0.0034862888928733396
44222,0.1309561075249084
44223,0.023860321691732987
44224,0.0070160632849092085
44226,0.0136251335059575
44227,0.0030364904753861985
44228,0.0037831168591826955
44230,0.005082697448604861
44231,0.07679818606178539
44233,0.02175917972721973
44234,0.03234984557497854
44235,0.0025554495650651258
44239,0.007730375200973281
44241,0.002311375684673439
44245,0.0212812678475628
44251,0.0016867798911066017
44253,0.02592244322238002
44256,0.00617281531657586
44257,0.0058863898784003495
44261,0.007362431507597043
44262,0.00791284236297501
44265,0.0031454978614501535
44269,0.006787715127810072
44274,0.0821179854095424
44275,0.0799541280512075
44276,4.829099447768906e-05
44278,0.024794030419205602
44282,0.05273144745992144
44283,0.10553623774901832
44286,0.00015522518155553625
44288,0.0040233869358841145
44289,0.005486422631459522
44291,0.026042132841918055
44292,0.002713893808023251
44295,0.0034623817225153367
44296,0.016635814669341185
44300,0.05726548809680241
44303,0.003654429463632788
44304,0.06611789994634468
44305,0.041216094193570724
44307,0.0037591177395278536
44309,0.07295788156141815
44311,0.01534056487602546
44313,0.03418148270013583
44315,0.0028749989032529556
44316,0.003914338861244834
44318,0.021725810161194188
44325,0.003482909641389887
44327,0.023082882377218103
44329,0.00010619553028772531
44332,0.03555517454292453
44334,0.0002252419608606162
44335,0.0024308828014715303
44336,0.0031594762976146704
44337,0.0031770069447395037
44340,0.0641500571074311
44341,0.005658244220587011
44344,0.0039326219466437745
44345,0.02108368143327569
44346,0.00036735516226712404
44347,0.1388824159061783
44350,0.04937199774703667
44352,0.02662273010221167
44354,0.02817214872089563
44358,0.010713257887635974
44360,0.010460489035383422
44361,0.0029078138643232523
44362,0.0029370489869903382
44364,0.04909137611967913
44367,0.10708996108619605
44368,0.004962405539842846
44370,0.009658846277937725
44371,0.001485256298754557
44372,0.13592272017147825
44383,0.018052224324887445
44385,0.005065499228364717
44386,0.006460650095385765
44388,0.006358480520026747
44390,0.18717284273120455
44394,0.006037672636618034
44397,0.009198900690207424
44399,0.02561385961560666
44400,0.028646657455207888
44402,0.0058332107716201394
44410,0.003619756097654755
44413,0.0024072307337768164
44415,0.040400444914406246
44420,0.0005434238419623143
44422,0.005674167679749958
44425,0.009447695553207049
44428,0.006364710648642269
44429,0.00902475344565415
44431,0.00027028943916279435
44437,0.028346055503961937
44438,0.007687630689286919
44439,0.00413154257667203
44440,0.10975403550534034
44443,0.0031007056043711443
44444,0.025132042041735664
44445,0.03664181870262401
44446,0.03376090184567303
44448,0.002699613603752909
44449,0.0478751726071617
44450,0.0040497294519095065
44453,0.004147891041874768
44456,0.0034051952608164624
44457,0.005705603423937155
44458,0.040227751941370175
44460,0.07029372177895472
44461,0.022469651942807548
44465,0.17207895794385225
44466,0.04121921259902792
44469,0.002590643473410339
44470,0.012046919642617603
44471,0.05287345105868817
44472,0.0003045298717426372
44474,0.00821082859091643
44475,0.06012688179117073
44477,0.00690020578694119
44478,0.012909260343376344
44483,0.0325278626118119
44486,0.02087627045705619
44488,0.07771067900883669
44493,2.0948505691265886e-13
44496,0.026027649765376696
44498,0.04904044180998583
44499,0.018052224324887445
44501,0.004090434109924337
44502,0.00687532521457692
44503,0.0029506819276064805
44507,0.02104639232384817
44508,0.01969426569715458
44509,0.004989815433325121
44510,0.03104328804707365
44511,0.0009568747706732405
44513,0.007452841085271128
44514,0.002336525842763168
44516,0.14671899017315748
44517,0.02909050744497107
44518,0.0036774990421456263
44519,0.035027024618173794
44520,0.022627064876536238
44522,0.02957495075156618
44523,0.016544361139512388
44526,0.007436098375552513
44530,0.0399936142520169
44532,0.03075661214389837
44534,0.1267899314101374
44535,0.02157960389133777
44537,0.027671881860706925
44538,0.007660790942704603
44539,0.011234755264992232
44540,0.03894822592794122
44542,0.019185498393106945
44543,0.011113708406998116
44545,0.03143866414402458
44549,0.0011259783854977742
44550,0.0037945914814516784
44553,0.004968186938940704
44555,0.0008880056989238104
44557,0.02130539382241677
44558,0.042960923547004363
44559,0.13623246576398063
44560,0.05014733006338359
44561,0.0022851548652588686
44562,0.01334252441551977
44564,0.00013585943192543964
44566,0.003396360639799777
44568,0.01248865638663831
44570,0.003427102101455781
44571,0.10469162777701915
44572,0.0030789996196367822
44573,0.010793060532270847
44574,0.035662405157281224
44575,0.004290078407474618
44577,0.003994137836953267
44578,0.0033485864097040304
44579,0.0683600101120831
44585,0.007731980122054034
44586,0.021864291317147073
44587,0.004375149284283719
44592,0.0019576123537097226
44593,0.014344851576628502
44594,0.11307679985334537
44597,0.007813169727016768
44598,0.06831265133929973
44600,0.004482120455607898
44602,0.026680730469981817
44604,0.005445943123560565
44605,0.0016843383202458843
44606,0.0013429049053724944
44607,0.026877168350291032
44608,0.0038936464492668045
44610,0.010204640412664487
44611,0.15263008473826672
44613,0.01679058928564523
44617,0.3165834616403368
44620,0.003991525749287604
44621,0.008910009484216988
44624,0.0023438006067510965
44626,0.13012797653915095
44627,0.005124670661024959
44628,0.020979392033813857
44630,0.017531394894093062
44631,0.05945471664827157
44637,0.10448724869775315
44639,0.004908834165504177
44642,0.003949917447022296
44644,0.018716579835048968
44646,0.019646190268178758
44647,0.08073453983203138
44648,0.00023618275858301426
44649,9.526931886247935e-06
44653,1.902559883268632e-05
44655,0.13321875676298975
44658,0.0029862764150018974
44659,0.004428133657949058
44660,0.003826979512453128
44661,0.009822368002355324
44662,0.0027287470740459795
44665,0.002981270324562367
44667,0.0071500880198488645
44668,0.0029863587719151097
44669,0.0018697428749136268
44670,0.003305038747477954
44673,0.04864421232157489
44674,0.038675224949658527
44677,0.027243350654882585
44679,0.050251888926462165
44680,0.005674420506120757
44683,0.004313702113182688
44684,0.01336158676294019
44685,0.12966327086581253
44686,0.016500406130573596
44687,0.0188805875731078
44688,0.003954802782612218
44690,0.038576926257281284
44691,0.0030709540910513256
44692,0.01794716683117072
44699,0.002798713692367476
44700,0.003972874905622775
44701,0.00646065639469808
44706,0.0031268898521893376
44708,0.0043123265468281435
44709,0.015240949485865305
44712,0.005164530776329797
44713,0.0003205358414837551
44715,0.02315041285363431
44716,0.002797379488445958
44718,0.008214835479542212
44721,0.020685496723326948
44722,0.04729940024977761
44723,0.003417586611921354
44724,0.0033118716235757337
44727,0.11587144689085035
44733,0.09794277710352901
44739,0.011147894672188687
44741,0.008870131786903167
44742,0.02037308772591631
44743,0.005335887395143855
44745,0.033134170260517064
44746,0.010018553797356958
44747,0.03000737559267197
44750,0.08488060166955574
44751,0.00883292014670058
44752,0.005126793867402329
44754,0.017209059705767842
44755,0.005274962069634222
44757,0.029200096034760332
44758,0.004389342649353294
44759,0.026659209718024695
44761,0.00416533879298734
44762,0.007903952870631828
44763,0.002308601459492816
44765,0.004495334879057713
44766,0.008884331757553213
44770,0.0007006131137297059
44771,0.0038030943567632673
44773,0.04154081865631642
44774,0.004349656946253815
44776,0.021291339514705132
44779,0.005573385363909381
44780,0.002974190209696063
44786,0.019644852347978064
44788,0.002765471087957313
44790,0.011133992465888193
44793,0.010434779689568154
44794,0.009718133139760705
44796,0.032582870648708795
44797,0.00688721604249287
44798,0.004631382453226569
44802,0.023314034789714128
44803,0.02758477352276231
44804,0.020607128085141698
44805,0.03150906627669937
44807,0.015964175202743028
44808,0.019003713866704727
44810,0.004929334539683565
44813,0.0039769645702567935
44814,0.012228540623587612
44815,0.005507986456576988
44816,0.003427662231017677
44819,0.13008729911216405
44821,0.0025492795808731475
44822,0.1337337547931462
44823,0.021373680661790035
44828,0.10450847612916771
44831,0.10948128042932556
44834,0.021113817765253836
44835,0.0038829419009527777
44836,0.003931516417314042
44838,0.10323397815349193
44839,0.018052224324887445
44841,0.004055484182149619
44843,0.005550699221205653
44844,0.00040112425252393334
44845,1.763796954560346e-05
44850,0.020536884094757207
44854,0.07499984801008712
44855,0.002290518792135202
44856,0.005450288260116561
44858,0.005372957271856845
44865,0.003016468318942583
44867,0.005501331879234021
44868,0.0036104028931487906
44871,0.021749309833636647
44872,0.06598871772639994
44874,0.029827228759537392
44877,0.007058588190948267
44878,0.0056273352818760995
44879,0.00020956577987554228
44880,0.02340081176574654
44882,0.15365230409647038
44883,0.004441504995099292
44885,0.1413804094126952
44886,0.0382395224285946
44888,0.015596363950022757
44891,0.024482489988182067
44893,0.002377925581451778
44894,0.021568531026625506
44897,0.09247053479342017
44899,0.07121609531549847
44900,4.42267905644422e-05
44901,0.011599086688849422
44905,0.0443043312442284
44908,0.002368688418150368
44909,0.0016830368537535951
44911,0.006652282328460115
44912,0.01890123245027991
44913,0.01509951947712707
44918,0.023450912491810395
44920,0.018353111016190443
44921,0.022510885563621612
44922,0.019373223426551667
44924,0.005045710887181426
44925,0.0038115620646835316
44927,0.15019754453427944
44928,0.0024331496520234356
44929,0.022912494882967174
44930,0.0038072920606235625
44936,0.00827489255555824
44937,0.004345186558429232
44939,0.020582227863623685
44941,0.020051435735899223
44946,0.003462368468166183
44947,0.11790208935802354
44948,0.008025619435513838
44950,0.0006117892744395121
44953,0.01852502951781125
44956,0.016802275869287966
44958,0.03273645294576256
44959,0.0033115896368701068
44961,0.0034433091928255453
44962,0.07926460207880104
44963,0.0005041689883570702
44967,0.011628327657910019
44970,0.056417305699501125
44971,6.8101015006060014e-06
44974,2.049573549269763e-06
44978,0.026665274292483634
44980,0.11229933218681201
44981,0.003373913913418004
44983,0.06540922574793148
44984,0.10490313470161726
44987,0.033256675014430616
44989,0.0011537329441274635
44990,0.0025577212106892896
44992,0.004224865033680471
44994,0.01098000587982626
44995,0.05402383638940043
45004,0.002743071751868518
45009,0.0003343611433206877
45012,5.6453463334751164e-05
45013,0.05035520151067841
45016,0.006703222451265558
45018,0.02876553201180701
45019,0.06959491075105034
45020,0.023882705958390097
45021,0.0189190947195793
45022,8.55265499237891e-05
45024,0.1525385087854566
45029,0.029572638757822758
45030,0.0037776539217929785
45031,0.0031418204422529036
45032,0.014145018891734033
45033,0.019547036486760833
45039,0.0024647007665756933
45040,0.0039930142381867356
45041,0.029879392202013744
45042,0.005674167679749958
45045,0.012632050855238516
45047,0.0072919249709840666
45048,0.0020799181956870664
45053,0.011213134651441144
45054,0.023738815292273716
45055,0.0024778644804781366
45058,0.004131180230416777
45060,0.008452209174150963
45061,0.12132453943744924
45062,0.05303919905110447
45064,0.00501173809168149
45065,0.03518995681128407
45069,0.01572189146009293
45070,0.0030194171086716
45071,9.147420757383911e-05
45076,0.11275008911294038
45077,0.00678295589364599
45079,0.0002485653226674386
45080,0.007252352225359027
45081,0.00374848732964974
45082,0.004648581711353516
45083,0.017209540583891146
45085,0.0030365495410917174
45088,0.006865341901424301
45089,0.005801236234934149
45094,0.002282120419997076
45096,0.0052815694951994134
45097,0.0026510090168187623
45098,0.0064720821051401445
45099,0.06709434706681133
45101,0.005564569683398201
45103,0.004492441228005513
45104,0.04903681136846267
45106,0.023155187504180618
45107,0.08387270028065275
45111,0.004060531886394356
45112,0.015242555893632052
45114,0.0058478251132587575
45115,0.0019147662650221004
45117,0.03199849217189949
45121,0.00012783501992550317
45123,0.006460762415617235
45125,0.02268045329949385
45126,0.005120284948938555
45127,0.0021012613072066704
45128,0.012206496964332266
45132,0.010178262918232173
45133,0.03275311585775341
45134,0.0048687692086209515
45135,0.026950045705514205
45138,0.001109216808280009
45139,0.027957902957621232
45149,0.002970361219594336
45151,0.1132409780676532
45152,0.11054587664782048
45154,0.0049873449339404505
45155,0.002306588104927818
45156,0.027947783929505587
45157,0.023209236090397548
45162,0.00338603194253617
45165,0.09671597798635724
45167,0.14918797119199692
45169,0.0028553950231151822
45173,0.006112143355814002
45174,0.002216835982269319
45179,0.004085799321443305
45183,0.055027010233721974
45185,0.004887928821096335
45187,0.0030364068341830557
45189,0.037818644034553324
45195,0.017722386007202936
45196,0.09256491424108663
45198,0.05729128755932044
45202,0.018668738095770427
45207,0.00023525765223539723
45210,0.024482489988182067
45211,0.00428693651240055
45214,0.0009409711462887702
45215,0.005790149422991463
45216,0.002812048117337848
45217,0.02561824022403508
45219,0.005402702809905161
45220,0.166629998483724
45221,0.08352151045311428
45224,0.002310688866140045
45225,4.225550595035547e-05
45226,0.0045000249607290085
45228,0.01654638562197132
45229,0.0038153927240079867
45231,0.006217901684885171
45232,0.0020297933763265812
45235,0.1381276974855918
45238,0.017511480214560008
45239,0.019791200001257923
45240,0.0036592361723137385
45242,0.11155320229778089
45244,0.0091710233012884
45246,0.005349088344848399
45247,0.05713090373820837
45251,0.011130349031206643
45258,0.010425955097553842
45260,0.007322817752089356
45261,0.0038527274782607654
45262,0.0032703717458229535
45263,0.0879134971632662
45264,9.48903907726515e-10
45265,0.0018449608148523844
45268,0.003801871883481637
45270,0.07642710067689583
45271,0.07832226617913743
45278,0.0019013331885941822
45280,0.0034326663364086817
45284,0.0071520449881509905
45286,0.15060107263199793
45287,0.00041569493304716084
45288,0.010252981969656018
45289,0.018052224324887445
45290,0.045375341169450904
45293,0.06150388945520211
45294,0.0032582612034470462
45299,0.0060267240463655
45300,3.660361101689166e-12
45301,0.022007050129685554
45304,0.10010035354183767
45306,0.003882053116833517
45312,0.0053366577918794985
45313,0.03009750947027224
45316,0.154260725598676
45324,0.004668023993482239
45325,0.0031355762090437543
45326,0.005201720042015498
45328,0.039494171231011926
45335,0.018729784448344007
45337,0.0027967354165867485
45344,4.521484288233192e-05
45347,0.00618890494790848
45348,0.11074094847159378
45349,0.03900654080677077
45350,0.03366986436337602
45352,0.00978409847560986
45355,0.01963863883917346
45356,0.0036624791217094465
45359,0.020599513678415327
45365,0.005251159856736532
45366,0.1316052044669508
45374,0.0021398418121866955
45377,0.0028355212484517402
45378,0.00892685953744285
45385,0.04544761475183162
45389,0.018173840032090032
45390,0.13499872565052048
45392,0.002958511435426923
45393,0.0023966850378813334
45395,0.019656733807275558
45397,0.006408756377601159
45405,0.00880752000310991
45408,0.006562931969502793
45409,0.007008881320887896
45410,0.04314450895513986
45412,0.010876776614676441
45415,0.004678456300272978
45416,0.00206013672502715
45417,0.0037407813614931287
45421,0.01798554725034981
45422,0.05503272627886504
45424,0.012093595186407841
45425,0.018746048410331218
45429,0.0035106062096342556
45430,0.02994777505437229
45431,0.17792594372666468
45434,0.01716759520091612
45435,0.00011872051265300336
45437,0.06659633874778838
45438,0.018367511948920747
45439,0.0741237224081584
45440,0.02756808969673059
45443,0.3196000306288453
45445,0.007933115655957163
45448,0.004741951318095398
45449,0.00017468394246931642
45458,0.005333365105969411
45460,0.024482489988182067
45462,0.005549479427349526
45464,0.043185975489014726
45465,0.018052224324887445
45466,0.06506594572129995
45470,0.0030551269109381366
45475,0.003842468136955799
45478,0.015950920357378447
45481,0.02186890365125658
45482,0.014102573484760418
45484,0.008812999800609372
45486,0.11356992031021217
45487,0.004139621506006388
45488,0.0003118878592988222
45490,0.08782319460973928
45491,0.004230637673876416
45492,0.0036996656521997317
45493,0.017583858104968916
45497,0.02407921369200506
45500,0.007698570136628572
45503,1.2724283510605549e-08
45505,0.008973236611147174
45506,0.11790506901681791
45507,0.020607128085141698
45510,0.011667111100231824
45512,0.14073985726889335
45514,0.15012508526154916
45515,0.0030364396030845135
45518,0.018052224324887445
45519,0.009032214856816219
45523,0.0003167972477301014
45527,0.07290709372359472
45529,0.026665274292483634
45530,0.018052224324887445
45531,0.017029048684569406
45532,0.002901297902982239
45535,0.0035511182092012113
45536,0.1237725443293619
45539,0.03397519069288798
45541,0.0027052504908672954
45542,0.006506664724823884
45543,0.016124762512533135
45544,0.004491525578240732
45545,0.008653516997530848
45547,0.047091485931815315
45549,0.0026685249895081623
45550,0.005189440106814492
45552,0.0019460074813153632
45553,0.00986779033201778
45554,0.003683118799975457
45556,0.009404492693679404
45557,0.02375886233034907
45558,0.0019145057701928064
45559,0.0035533160086720617
45560,2.782111274812833e-05
45561,0.020835169387626307
45564,7.427097539852449e-06
45565,0.0403858213896759
45566,0.0029952891162879558
45572,0.002550802347194189
45573,0.0030931830008411876
45575,0.024936063745987034
45577,0.00359685523614374
45578,0.0030055845802546216
45579,0.06917967075840478
45580,0.13292239332934733
45581,0.005568234053895366
45583,0.006079576845824413
45585,0.00443726779224293
45588,0.0004306107470971068
45590,0.024582323288964734
45594,0.07072839325654089
45595,0.014888004244013032
45596,0.0013623059937413933
45601,0.006533638156445282
45602,0.040513916518872414
45605,0.0005672639479244462
45607,0.009244168198526019
45609,0.00346223232630371
45613,0.03196576362846164
45614,0.0070222402760341425
45615,6.0233208397665096e-05
45618,0.03520114866743168
45619,0.04255941757797138
45620,0.004926664113323877
45623,0.003291735712107915
45627,0.007952683404126767
45629,0.012386187316385818
45631,3.550175694423359e-05
45632,0.005086350839221809
45636,0.008507535734831217
45637,0.004355982591398379
45639,0.026584663911376247
45640,0.018225748351339496
45643,0.004755017414797006
45644,0.0015164680255065571
45645,0.010199877523843801
45646,0.011618988523875778
45647,0.0012792496745540891
45648,0.048538463302154604
45650,0.0010625242932504693
45651,0.007615425803838454
45654,0.022949041377944828
45655,0.01116230230538186
45656,0.012477627391550193
45657,4.602220605707468e-06
45661,0.007143055323386112
45665,0.0034132131357947413
45666,0.012914973200301645
45667,0.005846489016635601
45671,0.0021106483732641138
45673,0.005825334822209856
45674,0.026263571233472196
45675,0.001357143849399147
45676,0.016908840038215595
45686,0.040185846958191225
45687,0.003589332918446554
45688,0.003103212802675058
45690,4.648380828718001e-06
45692,0.0006747617825522412
45693,0.004744782641675842
45694,0.0033158649895812194
45695,0.01754091402494343
45701,0.0324916921479954
45702,0.001917858994996625
45703,0.0011042262490493818
45705,0.009863654109170028
45709,0.003944727719405373
45715,0.006112107090926233
45716,0.008543417112093684
45718,0.02476828686841352
45719,0.019950911525106235
45721,0.020954021458350573
45722,1.040189626716044e-05
45723,0.06229885822352299
45725,0.02873226110579903
45726,0.011049695375274504
45731,0.03996865547543453
45732,0.005302671072731879
45733,0.015909780771816033
45735,0.01674669827741922
45736,0.03272567620251249
45743,0.004981755994041268
45744,0.004426795433810942
45746,0.02807689032382244
45747,0.007602586649711992
45749,0.014409804266468715
45756,0.0855229004237791
45762,0.003524787483138717
45764,0.002298252704693423
45765,0.02211280338042757
45766,0.003765992596454431
45769,0.0026544658293828787
45770,0.007550064214564433
45771,0.003991745092703939
45772,0.013290641793560442
45774,0.0026755906120407287
45776,0.005697445579179645
45777,0.024482489988182067
45782,0.0029862560289283502
45783,0.07382958361178958
45785,0.004461984354070357
45786,0.0922245552278341
45787,4.4718837172496326e-05
45788,0.004917213840447157
45790,0.1348608084687236
45798,0.004499836846695984
45802,0.019904020308586207
45807,0.0019184188226077123
45810,0.004096985597055321
45811,0.0025405876599512013
45813,0.04271970937188293
45823,0.15816549393650328
45824,0.0031360015263484026
45827,0.017543343165113284
45829,0.028076756324265588
45830,0.031237144206492196
45833,0.012177034047194665
45836,0.0031422741009210133
45839,0.08272536879679
45840,0.02779764672933625
45842,0.016423582295057696
45843,0.1716847517622968
45844,0.006737147995102885
45845,0.018052224324887445
45846,0.04231537292450379
45850,0.0022746647817834297
45853,0.20518457742326426
45857,0.003224570279298663
45861,0.0016633912950991619
45863,3.9341671919219266e-08
45864,7.542538572788852e-05
45865,0.011420442473520464
45867,0.004507140674836328
45869,0.006437056967615447
45870,0.060046512418274516
45871,0.0029863791586879395
45872,0.014255023514998747
45874,0.0056756637763152725
45875,0.005020134296216532
45881,0.0030363986420127863
45882,0.006569512833905441
45884,0.004359914864121823
45885,0.018052224324887445
45887,0.11156696943022214
45888,0.004382894907852715
45890,0.010495602203899735
45893,0.0062314422319295695
45894,0.008782491081386186
45895,0.01384397685726262
45897,0.003290894258109318
45898,0.0008793171329403845
45899,0.018302663517647276
45900,0.019484938355856855
45903,0.007595998961835425
45904,0.005599179002744159
45905,0.11230980176517584
45909,0.1265577174856446
45910,0.114650270763585
45911,0.13373165292145564
45912,0.010210305654466154
45913,1.3598718633932254e-09
45914,0.04779902595031314
45915,0.008742448908478726
45917,0.0029862289960277543
45922,0.0034045224238149424
45923,0.009329536437646927
45924,0.0005101696166419181
45926,0.0002067626472614105
45929,0.021423243503247705
45930,0.0023006045711055946
45932,0.00400449668933994
45933,0.003352571722397186
45934,1.2231150588665276e-06
45935,0.005528959049278346
45936,0.06982316791051514
45937,0.11113275055575003
45938,0.0031208014423670105
45939,0.0031293223696479324
45940,0.004585744437430231
45943,0.031710046587123314
45946,0.005169929762279639
45951,0.004657417206826599
45953,0.03526441638518272
45954,0.0007145164103195722
45955,2.380740016281094e-05
45957,0.051939256851195166
45960,0.004283008864117273
45961,0.02244822022488951
45964,0.05475028634384519
45965,0.0001292617180636433
45967,0.003462279011929771
45969,0.0848328251258314
45970,0.0031951676078911784
45975,0.08306683129614297
45978,0.007959945190183407
45980,0.004083921009029144
45982,0.029857047748801376
45983,0.009619442168087147
45984,0.0032351816871934694
45992,0.014452979357401499
45994,0.008483524963927156
46001,0.05818945126288238
46002,0.045940119336283454
46003,0.0034435692851506145
46006,0.0033752425569100026
46010,0.011284226531671817
46011,0.016915082739564012
46014,0.019280358999322938
46015,0.022102845276607903
46018,0.0034546906657326837
46019,0.039391254449273695
46024,0.00021471862954438667
46025,6.768300083638857e-05
46029,0.010099601068458981
46031,0.08392505599636445
46032,0.004798672695033245
46033,0.02033199208311469
46034,0.0034902285815201486
46035,0.0030365379119042875
46036,0.0024928772411284385
46039,0.004540141389929209
46040,0.021079800144578238
46042,0.03224253700150864
46043,0.0032209934550849126
46046,0.005820108793321645
46047,0.0031280074292967005
46052,0.05659459350149804
46057,0.018484205102605886
46058,0.0027462191859208398
46060,0.012193924915672292
46061,0.020477555469959614
46063,0.006615814988838655
46064,0.015089428280950303
46068,0.021170095878427178
46074,0.008695080198223185
46078,0.010454553655599897
46079,0.0028434782184697106
46083,0.004829958429740169
46084,0.004172816767520664
46085,0.08333524357248578
46086,0.03913279756032043
46088,0.019086645932220148
46089,0.031266408534605786
46092,0.1448776668390193
46093,0.11082657429541011
46100,0.13633783077961353
46102,0.006386671400030336
46104,0.019641370304794358
46105,0.00046484020852428015
46106,0.00698529716364925
46110,0.0036105773405049773
46112,0.00011264065341568433
46115,0.0023643364915903143
46118,0.009032031307339273
46119,0.005502204916147141
46121,0.005029702041880031
46122,0.0030364396030845135
46124,0.02497109475014079
46126,0.005421193253736001
46127,0.0004565247974301402
46129,0.0035590678110426076
46130,0.004539127238626008
46134,0.014439980512033193
46135,0.004180051658079551
46137,0.003579823166076288
46142,0.007403796572366803
46143,0.0060007049543822485
46145,0.018125126325519828
46146,0.09697658855028463
46147,0.022968974182108345
46151,0.0068946247947208154
46154,0.08286174545645629
46155,0.008718598288107057
46158,0.0663973456881395
46159,0.015948424061829742
46163,0.040371323856316706
46167,0.0015055897539163695
46168,0.13850475313502547
46169,0.056608439596459496
46175,0.0629756904793363
46176,1.5351288431095447e-10
46177,0.019666109995985535
46182,0.004500148231310803
46183,0.0034362331180912715
46185,0.043464874343829535
46186,0.10652903606001725
46187,0.026836743655987972
46189,0.011828298842762656
46192,0.10152732964129449
46195,0.016527489626741155
46196,0.005850526970437697
46198,0.005476331339327484
46199,0.0012404773375608298
46201,0.002986301786550017
46207,0.0029864344836709714
46208,0.014447200210199065
46209,0.002121210298415948
46211,0.008123018094704795
46212,0.007943185560978817
46213,0.005871477955236364
46214,0.010379175215032082
46216,0.003961183431921216
46217,0.07962383596690997
46218,0.017383302880378523
46219,0.0013252450376672717
46220,0.06467419738731127
46222,0.0031464672604014188
46226,0.28377158534625957
46229,0.11365793575235415
46231,0.024156173250888178
46234,0.004101278628128397
46235,0.11010305539443906
46237,0.007743241443673771
46238,0.08962760979369248
46241,0.0004449162032124706
46242,0.007301708589913101
46244,0.003906951702785265
46246,0.008029481866821765
46247,0.034848785117753585
46248,0.017007195046200105
46249,0.004330175121329641
46250,0.003304649158550586
46252,0.020977646919657644
46253,0.003599050402749394
46262,0.03032539189704335
46263,0.018052224324887445
46264,0.0103373602981592
46265,0.0018209939977395324
46268,0.11165725966004833
46271,0.003405226073464265
46273,0.019678302050208797
46275,0.07850524731763865
46277,0.04854840070885293
46279,0.1419767904879924
46280,0.01027739861529229
46282,0.0031037107871281955
46283,0.06945949195841906
46287,0.0002709630324644199
46288,0.02808641003649489
46289,0.0045190840231028795
46291,0.0038088825631832877
46292,0.010275536394316845
46298,0.024180410823553027
46299,0.0063555362553199685
46301,0.0032456508960705594
46303,0.019409940535533864
46304,0.01914423244326604
46307,0.0023005775913446476
46309,0.0008023081332936941
46311,0.019827029938958296
46313,0.017268954879726822
46317,6.28403712787029e-08
46319,0.0004051116819254319
46320,0.03214050157618732
46321,0.13775021308026753
46325,0.0032152873716652613
46327,0.004929311203421756
46330,0.009769696430702872
46331,0.021184541299686013
46332,0.006638680608764018
46333,0.004505575993299817
46334,0.016134586802937285
46335,0.023637012024637253
46336,0.022168570643733874
46341,0.011044416504112208
46349,0.010123014686967241
46351,0.022611801671896494
46352,0.005420279436357897
46353,0.011367551847774078
46354,0.007371314397623539
46356,0.06691089067106415
46357,0.007389897686348566
46359,0.006200982305790494
46360,0.012676904711596422
46364,0.0070407551386592465
46366,0.025555868934480596
46367,0.005186349800787165
46369,0.008185019357918525
46373,0.10645241800942051
46374,0.006084075823941777
46376,0.007904531266910743
46378,0.012380208608311238
46381,0.009975303435114945
46383,0.00023519414916719464
46385,0.1070960240784172
46388,0.0032059149870624372
46393,0.08486856001819167
46394,0.016912156509635866
46395,0.024859852685530908
46398,0.11890828603340838
46400,0.010693264176745215
46402,0.0035951518394994704
46403,0.06773110638908997
46406,0.009944416091589593
46410,0.07408010139268274
46413,0.005932847470918402
46414,0.006096162129297912
46415,0.003050641420225993
46416,0.0013010042367124848
46417,0.002631549874427911
46418,0.004119601525322061
46419,0.06592999084135043
46421,0.12587300067875984
46423,0.024398428611743763
46426,0.013913855666017994
46427,0.00983603797788812
46428,0.0208770892999068
46429,0.06925555969750358
46430,0.023257938871256816
46431,0.0006886060109673066
46433,0.021976108574661448
46435,0.0032210807959887947
46438,0.022906139110515946
46439,0.006903079677404753
46442,0.0018665767046825434
46443,0.026260166219122947
46444,0.01594835674454576
46445,0.0063387101431010276
46447,0.001575494284820418
46448,0.011082174179636773
46451,0.04727433338171327
46452,0.003921451160391177
46454,0.006012024324454163
46455,0.06957829599760165
46456,0.004312680822131862
46458,0.0008930056674226206
46460,0.01883538337601382
46462,0.10843634391022788
46466,0.01385998919984059
46469,0.0025338633035166982
46472,0.050328134636296436
46473,0.003938928666967856
46474,0.04974848445662851
46477,0.13890819334743196
46478,0.020212699370470218
46482,0.0063347532316133616
46483,0.04101423550782896
46484,0.005586285293860261
46485,0.02844809850847438
46487,0.0002855544748232894
46488,0.03239789929870521
46489,0.00210342141568472
46492,0.0022812792898517227
46495,0.01422843647717078
46499,0.00939831884978381
46501,0.1268684544991622
46502,0.003912113041709663
46506,0.017622376536019852
46508,0.07347183598165204
46509,0.0029342025857237407
46512,0.0017888688147374753
46513,0.002777391994872781
46514,0.0004306567176067788
46516,0.0027372784223154865
46517,0.035517885895043864
46520,0.021412833238248774
46521,0.0054924056065875325
46524,0.016192042217929307
46525,0.0026694126306744947
46526,0.019369117628525372
46527,0.0017148967139810315
46528,0.007758075330304373
46530,4.752850366577641e-06
46531,0.008484126679682083
46532,0.012677144665256263
46533,0.001199681420926624
46534,0.012370083873818456
46538,0.0012236111853000191
46539,0.009972571677695512
46541,0.004031850709691106
46543,0.0053692093105454685
46545,0.03170420958797614
46547,0.0030365379119042875
46548,0.04189769581420377
46553,0.033652392155263444
46555,0.024482489988182067
46556,0.0445857571816256
46558,0.0033299386141804384
46559,0.02841105179733693
46561,0.0024464226122694263
46562,0.018666400459654207
46563,0.009619992744823206
46565,0.01741688526706634
46567,0.0068469286195674
46569,0.08468955824919189
46571,0.00616105969174907
46575,0.026513892193759655
46580,0.025270471807665326
46586,0.14738630909842257
46588,0.004246285570607736
46589,0.004113939623463683
46590,0.002323378754675696
46592,0.020407222472050214
46593,0.0029860859333161547
46594,2.9530764130703814e-05
46596,0.03682410066747638
46598,0.004191205714297619
46599,0.005464346527334843
46600,0.003939354763971833
46602,0.06021028602598954
46603,0.024624612264381424
46605,0.005245426421415123
46606,0.07456058107385961
46607,0.00823996756719566
46609,0.11238337097980801
46612,4.749197069054157e-05
46613,0.01134379374857014
46614,0.0023006106751751803
46617,0.006324003290314407
46618,0.046582997650846183
46619,0.02583089161244084
46622,0.006810644331656412
46624,0.05527841812657806
46628,0.045312434717375984
46630,0.028468247450497777
46631,0.001455709920536583
46632,0.3399633077581083
46633,0.06158088972345755
46639,0.020302490396028813
46641,1.1576103657461599e-08
46644,0.00822825330974449
46649,0.0029862764150018974
46650,0.007929462926043683
46652,0.0014897427860909843
46653,0.0008416403547279517
46655,0.012583977508355134
46661,0.038056541161877795
46663,0.003858635174554935
46664,0.003869533237193487
46665,0.0034444683859682188
46668,0.13636442526045137
46669,0.02733870251783951
46670,0.019733184683836388
46671,0.026411129920895407
46672,0.00544316823543029
46673,0.012032854231589979
46675,0.005245391583481791
46676,0.0020850418961546697
46677,0.0033141705760527836
46678,0.008514320388537016
46679,0.022176024682014156
46681,0.005386591090500334
46683,0.02120800022891303
46686,0.0036384633996436357
46687,0.010190002115439665
46690,0.004114967363364663
46691,9.03598693411577e-05
46692,0.0026664363915352048
46697,0.04933730373427068
46698,0.006785598601376553
46699,0.004099240480522724
46700,0.009890752842098657
46701,0.009871254853093795
46703,0.01706067222667648
46704,0.0039991721450822375
46705,0.0111828499155568
46707,0.00236785930916021
46708,0.1309561075249084
46710,0.0373068710014833
46711,0.04526924576887751
46713,0.0061732569948503135
46714,0.10821077760888259
46715,0.02802076345175651
46716,0.0243721310811293
46717,0.004921196800404319
46719,0.11584703202953979
46720,0.0032027869076409446
46721,0.01868753504307634
46723,0.003036383975966692
46725,0.01783280008948372
46726,0.00620659587015603
46729,0.0029729245742574507
46730,0.020725046817055125
46731,0.005047599436645254
46732,0.048539071178734794
46734,0.03740523065319253
46735,0.0023834097452468555
46737,0.01482001130859559
46738,0.1492520895110868
46740,0.062009750556745874
46741,0.004323754124522625
46745,0.018052224324887445
46750,0.06081367604470954
46758,0.018052224324887445
46760,0.005479321821671353
46761,0.006485995397604919
46762,0.05500823803704248
46767,0.003599100766012934
46769,0.11004717959623644
46773,0.017531908954842666
46775,0.006663809965954422
46777,0.004039844515315066
46779,0.0006843255417431094
46780,0.018583846411986037
46782,0.020607128085141698
46783,0.014545386907457443
46784,0.008313127400860394
46786,0.1309561075249084
46787,0.004082315596214791
46794,0.005556796724467321
46795,0.005375551120149188
46796,0.004170126098753783
46798,0.0030363938863314658
46803,0.024304099752023703
46805,0.00424967872513786
46806,0.006640412416320011
46808,0.003152081740540539
46810,0.05905062624181572
46812,0.020702781567498794
46814,0.0010068829927363497
46815,0.0006570124559584462
46816,0.09410516373717454
46818,0.00023258305893439758
46819,0.023607808317190362
46820,0.004390793721529823
46821,0.15251460215812437
46822,0.0023857786199278372
46823,0.005504586116347829
46824,0.0230533077247077
46825,0.0015103436630698017
46826,0.02845919423875473
46827,0.014255046992452294
46831,0.0056742676055192695
46832,0.12646407239670374
46835,7.775783926779446e-05
46836,0.16350825887674342
46837,0.0029785023362295525
46838,0.0024303747430144745
46839,0.03869829745444401
46840,0.04669817257018669
46842,0.005713619767456218
46843,0.005117710955765606
46844,0.0039472471613775486
46845,0.09405679090237633
46846,0.03768519671524872
46848,0.49952425775431025
46849,0.02353302722180088
46854,0.11217190307858138
46856,0.032903075988659464
46857,0.007113029650540229
46859,0.0049186150302076796
46862,0.004551287838864755
46863,0.0035004201635924718
46865,0.00992943333038443
46866,0.002716808819083309
46867,0.0054586622595438165
46869,0.0030365413485375923
46870,0.0032552881112691808
46872,0.005468589309029424
46883,0.006612252281584768
46887,0.0022906766879904447
46888,0.04238702504793607
46889,0.013854291957723959
46891,0.004894227000338902
46899,0.012064685718492289
46900,0.007014815497147996
46901,0.005185368275568314
46902,0.0026972367348643096
46904,0.019488446551656564
46907,0.005506399414092302
46908,0.0003187130256490933
46912,0.005218127441111927
46913,0.0031231716155706224
46914,0.005110498983631619
46916,0.008554942820859932
46918,1.0769241968927379e-05
46919,0.003280727318928114
46924,0.018169811667282314
46926,0.036258772746981686
46928,0.0031339496875576857
46930,0.02042970921420444
46931,0.01313911498140792
46933,0.003455364890398057
46934,0.008673943535661777
46935,0.002988102143767246
46940,0.14417079854576503
46941,0.025538488156886273
46942,0.024284254296307352
46945,0.04334258137950815
46946,0.06504788754047416
46952,0.009667874556754056
46956,0.004628541636012298
46958,0.020030083964781734
46960,0.018052224324887445
46961,0.004057310500891395
46965,0.006873693134677393
46967,0.21573172327710605
46968,0.0001647686041352519
46976,0.008000574638410767
46977,0.11162219622311656
46979,0.01928951375107774
46980,0.004599462193582077
46982,0.00522832987721583
46987,0.00031253126764260123
46988,0.011481068602794662
46989,0.006039029001534488
46990,0.021545286527019463
46992,0.020356943493538258
46993,0.02262420350973356
46994,0.09492815526611154
46995,0.008683539404603107
46996,0.1157186995592181
46999,0.003398920850703452
47004,0.09257503159441582
47005,0.008403535857589794
47006,0.06756921833401995
47008,0.0034805941600439313
47012,0.005300303321267822
47016,0.02748574239965017
47017,0.007348045967783015
47019,0.03548758001461881
47021,0.12370740181609773
47023,0.004741292001226729
47024,0.005960711585815894
47025,0.0034761475257793504
47029,0.013726466913261792
47030,0.1247730865856511
47031,6.236306876033936e-11
47033,0.022721576552720474
47035,0.08964624536297519
47036,0.01703554519798959
47039,0.03435256144191183
47040,0.01286799245547801
47041,0.0035369225405912533
47043,0.003402034415365454
47050,0.004599264303267897
47051,0.12954342842105282
47052,0.12125771279740678
47054,0.017813024910964686
47055,0.0006437234740805372
47056,2.940535010030714e-05
47061,0.005635024183705858
47066,0.011536454350490144
47067,0.014180443272629089
47068,0.013194541006690104
47070,0.0025517444116841185
47072,0.03332834781921099
47073,0.01571132512591078
47074,0.003461396979978806
47076,0.0032673678440335034
47077,0.0028658160430798845
47078,0.020937705989686726
47080,0.0016781292847821115
47081,0.006188220445309808
47083,0.00931349180828318
47088,0.04847325453669916
47089,0.002707063531134478
47090,0.0027067276524809984
47091,0.014953819277248401
47093,0.0032631246379727467
47094,0.0049264443842594674
47096,0.028700923295205443
47099,0.005573035999864215
47102,0.0031974426117936583
47104,0.005086262064351604
47106,0.00730363056681027
47113,0.004980585507378839
47117,0.001084560386299905
47119,0.13124563274917614
47120,0.012113808683563144
47122,0.007753078403685537
47123,2.996885825055208e-06
47124,0.008782408216343768
47125,0.023656510900503056
47129,0.0383852541895277
47131,0.002252030060472895
47132,0.004817404419670795
47134,0.029085080629664865
47135,0.15467302447431794
47137,0.025500448523840598
47140,0.005846667404659945
47142,0.025307704648425564
47143,0.057039029799123155
47144,0.018052224324887445
47145,0.006592072434940593
47146,0.1346132644224808
47147,0.0025804907171804946
47148,0.002836541764946827
47154,0.03340718472623256
47155,0.03069085675743711
47156,0.026635899831633354
47158,0.047525729245432025
47159,0.003036496949510424
47161,0.009954249615000844
47166,0.01699689617979538
47167,0.016915535304596118
47168,0.002343721089277664
47171,0.032254094512490575
47173,0.008126720335587274
47174,0.007579251939707858
47175,0.1277675087873786
47180,0.014410698012650155
47181,0.010976532122697061
47182,0.004021620233200475
47185,0.006369780688532114
47186,0.0004470944645931595
47188,0.001123380712459121
47189,0.06473998047054806
47190,0.0177663759990823
47191,0.0016172287758471164
47192,0.11749643333714258
47195,0.006290271094859151
47196,0.0052256262316539666
47200,0.009542362989614174
47206,0.00019301380371968872
47207,0.02869943882285157
47209,0.001526721705919101
47210,0.10380184808228539
47212,0.03909301963347288
47213,0.046176698759692165
47214,0.11801055635347807
47216,0.023456813573172475
47217,3.358133815483212e-05
47218,0.0025240614965461546
47220,0.0029850767029752875
47221,0.034809262884552286
47222,0.08329701946366087
47224,0.049009127528658755
47225,0.005158617685066357
47226,0.04126900749014167
47227,0.02416292649332139
47229,0.007094695061674754
47232,0.018052224324887445
47233,0.00728619758843006
47234,0.006010971686902353
47235,0.11047197325190972
47236,0.002458878856564852
47237,0.00013492863244476608
47239,0.008740503372074255
47240,0.009585225758433793
47241,0.019854323965438233
47244,0.0449465335607624
47245,0.004498303152965659
47247,0.003345000413176733
47248,0.0017839402974760075
47249,0.08025407225969797
47250,0.00424696077316687
47251,0.027224041700689962
47253,0.0264718723559488
47255,0.008655041290640014
47256,0.0035393611718680744
47258,0.04640552130576041
47259,0.09671597798635724
47262,0.016050747183838265
47263,0.0036781903195255575
47264,0.00226895141633135
47265,0.046448219013723986
47267,3.880285297637088e-05
47268,0.001564009876457919
47270,0.007681425990925189
47271,0.002946554954514456
47273,0.002697355960422261
47274,0.0003267356938697063
47277,0.047356290125086326
47278,0.1426485808413102
47280,0.03505996745297048
47284,0.03838186883480066
47285,0.0295767303493501
47287,0.0029622929711174526
47291,0.0030364184628700252
47292,0.04497332486672443
47294,0.005826741164062834
47295,0.0036411653987412445
47298,0.06509836142529041
47299,0.007079163845146782
47301,0.00343161665340173
47303,0.02108368143327569
47304,0.01929664742863878
47310,0.03869630546420583
47311,0.01038655962661266
47312,2.4997154596952944e-06
47313,0.004726677577451854
47314,0.011624007453326953
47316,0.003919360005134405
47317,0.0038118167880240765
47318,0.0019001466624868231
47320,0.002512847374844567
47322,0.007072078539608231
47323,0.004389044216942231
47324,0.006911466649262696
47331,0.0008750634246206938
47333,0.03249971920361518
47334,0.015361606382731334
47335,0.008832539938059169
47336,0.006477212390098199
47337,0.02588804158586116
47338,0.18055143888134711
47341,0.0017244181476651155
47342,0.013278647052963242
47344,0.022929222751828446
47345,0.020968611354313833
47346,0.006054552777492631
47348,0.15203857370275467
47349,0.0054218210908312985
47350,0.01924865883387489
47351,0.023462498627104547
47352,0.024388934840646574
47354,0.11368078564605354
47356,0.02061999922744551
47359,0.003036465898266548
47360,0.022090490033318973
47362,0.0030623973060936163
47363,0.04030266397026185
47364,0.026988828806509043
47365,0.004429187484584878
47366,0.09640663131680782
47369,0.0038954966066183975
47370,0.006182231608136803
47371,0.03108693193648124
47374,0.023333454168582974
47377,0.0015727122357553846
47379,0.025727542609957004
47380,0.10268690676344447
47382,0.0020600417938283107
47385,0.32798458053525864
47386,0.10902885464523296
47388,0.012504903615916394
47391,0.004185048218103079
47392,0.00046491173130588324
47394,1.2189211110697843e-05
47399,0.07181063291127171
47404,2.1889827414825925e-05
47410,0.004559143558845815
47411,0.0024059348999921145
47412,0.025878110026114242
47413,0.03554918746332149
47415,0.03461273240482542
47416,0.14480083549102904
47418,0.0023814155820402376
47419,0.0044046657805753555
47420,0.03614252376886881
47422,0.003951388057833659
47423,0.005038247295639154
47424,0.0023817212202813473
47426,0.11896948725890585
47431,6.352527278867028e-06
47432,0.005223362902984473
47434,0.00043196889568398794
47437,0.00932528167987866
47438,0.011266226932023142
47439,0.046283626327100404
47441,0.013694049465812236
47444,0.00906278501974496
47445,0.0228058788017651
47455,0.005565325334716144
47456,0.01697645794101172
47458,0.3284601815447899
47463,0.03479673585425628
47470,0.026665274292483634
47474,0.00019273543070321808
47475,9.660017767870858e-06
47477,0.027394314538718482
47479,0.05631256438990038
47480,0.03760440253032425
47483,0.0053044742218442765
47484,0.0043902267605329835
47487,0.006265114317516243
47489,0.00450752618556523
47491,0.020656451484890804
47492,0.010701436198402102
47493,0.07100046664970053
47494,0.1554043164524986
47495,0.005349330008882283
47496,0.13401091731338874
47498,0.03163687174175098
47499,0.0033139925597150655
47500,0.019921822963099887
47503,0.016715529910092078
47507,0.01442299460807548
47508,0.07964162983185502
47509,0.06117632188099202
47511,0.023902769135605063
47513,0.028673189930834522
47516,0.003935972184497177
47517,0.00020278570691639633
47519,0.0021054804448672887
47520,0.03013776028264995
47521,0.030059646132613846
47522,0.003947524902222287
47524,0.015268325266027501
47525,0.035274759559787656
47527,0.0038645485626159462
47528,0.0017825585397912259
47529,0.0033078956428636286
47532,0.005511040076694455
47534,0.09498748184266471
47535,0.012939602900107504
47540,0.005093252302536199
47543,0.0035488414412799055
47544,0.001691060461869829
47545,0.003947501486106122
47548,0.059265935768778866
47552,0.028353573813895104
47555,0.029401118800395466
47556,0.005898101054141847
47557,0.0019931710965660735
47559,0.04727056353536861
47560,0.0040804474581758255
47563,0.006184548900123959
47564,0.09989120448996013
47568,0.025082944695205705
47570,0.12247154687926992
47571,0.023369687997939904
47572,0.03616500664060254
47574,0.026837953574166587
47577,0.001846096352316866
47580,0.016791126876975985
47581,8.629689790790206e-05
47582,0.0365767218399411
47583,0.1310865292373966
47584,0.002702780129687781
47585,0.051998200364288455
47586,0.002123471158630313
47587,0.0039778294121736784
47588,0.002590248477227864
47589,0.14275262700738323
47592,0.0036281522092630894
47596,0.00046804479331196867
47600,0.11969257239427804
47601,0.029532334620650424
47602,0.031015026441431167
47609,7.189465407126832e-05
47610,0.009065620658762692
47613,0.014390656960561184
47614,0.053491058567884275
47616,0.047865323106870784
47619,0.007246806586772337
47625,0.0027819889249370414
47626,0.005572355933230298
47628,0.12148760490057058
47629,0.0025583100037415776
47630,0.01748059409238503
47632,0.04576064844386511
47634,0.0073000710997527364
47635,0.0021397895380041946
47638,0.019020494981871108
47639,0.015703588235568125
47643,0.00891100914399426
47644,0.003036598696879222
47646,0.0048395872376014205
47647,0.12876162076421946
47649,0.01682771524760156
47651,0.07908463504178366
47653,0.008141034648810453
47658,0.056844584127204854
47660,0.020359516428870475
47661,0.018246681580346247
47663,0.0033714927190004536
47664,0.007686264386091671
47666,0.006582607772177259
47668,0.01709704104781855
47674,0.007444619439682007
47675,0.010791744664500169
47678,0.03733031464535038
47683,0.008561627844460528
47687,0.056513727713781325
47692,0.13734880348007922
47694,0.02502087401709946
47695,0.1233909949325057
47696,0.03236331783605891
47698,0.003947488667283578
47699,0.06475517248526778
47700,0.006630187578473034
47701,0.014851710889614718
47705,0.04492619023956156
47708,1.3464113833665784e-07
47709,7.332368242889618e-05
47711,0.02226843342309576
47712,0.007910758371158285
47714,0.005546439820618836
47715,0.004321995122568372
47716,0.1165222979832571
47718,0.08863209291033981
47720,0.0017777352268444927
47722,0.004355355065871822
47723,0.003036467616542098
47724,0.010494510729116845
47726,0.036978275982361225
47727,0.003611545181784838
47728,0.006398056839381194
47729,0.0019524117655980516
47730,0.0011114214484024606
47732,0.24143398375795794
47735,0.006167630430134219
47737,0.02897830269858078
47739,0.02639612618768335
47741,0.006963608115451117
47745,0.005112142920310254
47746,0.0027556472908741585
47747,0.01018491253774804
47748,0.0008881661282824268
47753,0.018155372218228674
47754,0.030596227547503883
47757,0.008577389281996145
47758,0.03571010353978071
47760,0.013750846547181592
47761,0.013501605694465756
47764,0.01814816370869731
47765,0.0029444410753447278
47767,0.00847219332596198
47768,0.0022220548303391514
47772,0.0028419411543352128
47775,0.041141965940588124
47776,0.01455789867333838
47777,0.0009203549051661634
47779,0.006408638399612855
47785,0.03314381837746499
47788,0.0017880329631575309
47789,0.001638841340890134
47791,0.01244875968201271
47793,0.005021589215274047
47795,0.05710146442036398
47796,0.0011601894406201752
47799,0.002707716135948183
47800,0.024482489988182067
47803,0.0033139691737683157
47804,0.10425560537224261
47806,0.008824283084635533
47807,0.03015427102703219
47808,0.025701252289971235
47810,0.024482489988182067
47813,0.003036449513630299
47814,3.992958095579476e-07
47815,0.0030083101263433673
47818,0.007058543177402014
47819,0.003798406246054884
47821,0.11226006831004913
47827,0.011792252267185945
47828,0.14324135670475402
47836,0.0032161792360436213
47840,0.0028196923340189743
47842,0.003010016394723334
47848,0.030670260141253854
47853,0.05311497509013537
47854,0.003766184544126322
47855,0.003650424086342215
47856,0.002721176356640625
47857,0.002287571688574182
47858,0.014328480100160473
47859,0.002968834605001551
47861,0.0035789906604905366
47862,0.06489741096703625
47863,0.003361805109471419
47865,0.00947443503631298
47866,0.006548241426648193
47869,0.01897725713866737
47870,0.005085209331158903
47872,5.295918991829192e-06
47874,0.06403950971908547
47876,0.022334646615613685
47877,0.00954221500893467
47879,0.01911966107359713
47882,0.08426399987920458
47884,0.059877023750008904
47887,0.0005992950599401452
47888,0.004398755538490886
47890,0.06673657825723425
47892,0.03688298592138254
47895,0.05612990154202719
47902,0.00975550771334293
47905,0.003944996396879377
47908,0.08276222053345349
47909,0.027753815087017446
47910,0.00923794758481755
47913,0.00510541870701354
47914,0.011591939195487722
47915,0.09764150086509389
47918,0.0617744431680716
47920,0.0006593780950815856
47922,0.015325880522712816
47923,0.004229439104596195
47924,0.05829547792709748
47926,0.005850860321012309
47927,0.012810284534035762
47928,0.015288148802451286
47930,0.0038080369821471643
47932,0.00647692670612725
47936,0.017835951247550948
47941,0.09961720395434182
47942,0.006510205951278668
47943,0.024614029866480668
47944,0.10145757932483329
47946,0.00020192709412549897
47947,0.03776764909894522
47948,0.002545175688611985
47949,0.0019832992282875694
47950,0.0028817602535138997
47952,0.0006847514861788435
47954,0.025775218872977776
47956,0.007234040072676734
47957,0.0036755379652116497
47958,0.003968704303968678
47959,0.0023234947296007797
47961,0.010087467198069874
47962,0.04119374505841217
47965,0.007485856946136449
47966,0.02648322361813869
47967,0.020722058726602374
47968,0.012340457866189003
47969,0.0028447590872197203
47971,0.004784653558510426
47972,0.004856919379398039
47973,0.00023104813280454208
47974,0.004451146318979382
47975,0.09236344069160313
47977,0.0020794077333112873
47980,0.11899096261477354
47981,0.022637895571526952
47984,0.008901575094157262
47986,0.0034108026865031058
47988,0.021996389735413218
47990,0.018052224324887445
47991,0.10546774455170879
47993,0.08449468857501354
47997,0.01882930241527913
47998,0.004193767514127888
47999,0.010056199012835288
48001,0.00319890406906222
48003,0.13491445895510132
48005,0.0025450889688518495
48007,0.006578357340412228
48015,0.007669807115345551
48016,0.0021606179921704514
48017,0.012791785047918417
48022,0.004525182577392497
48026,0.03440527244408891
48027,0.06044217521325511
48028,0.036818228429058644
48032,0.021226381556766476
48033,0.00026084419900261526
48034,0.010963555648473013
48036,0.12257967313515174
48039,0.036974354764896716
48040,0.00463258514661183
48047,0.024501523461555902
48050,0.00017018484295544027
48051,0.1346918470768312
48052,0.0009467970374181354
48053,0.007775725262354408
48054,0.06079930286219793
48057,0.0037428286490790823
48059,0.13771176624622938
48060,0.006727890383489175
48061,0.005200637198616897
48063,0.012683440325301136
48066,0.016520444349581453
48068,0.00262608400430803
48075,0.016638220222254533
48076,0.00343349828856145
48077,0.002352913653815245
48079,0.034686610802329515
48080,0.12671229278073792
48082,0.004408785052996428
48084,0.0038988360222587935
48085,0.007549402988621712
48086,0.034508406171666416
48091,0.004834202923397183
48092,0.10445621337872822
48093,0.004155296148640756
48094,0.005024887598683361
48095,0.004407997605639584
48097,0.351308226768097
48103,0.003471133827206643
48104,0.07630994153905447
48105,0.07586625686560564
48106,0.001085386488890822
48107,0.019137948741860495
48109,0.15405905626015268
48110,0.0030309508068117113
48111,0.004664645052571966
48112,0.012373177642440676
48113,0.021866701474825476
48115,0.021233859704612026
48117,0.018052224324887445
48119,0.011897612100356707
48120,6.711889648373307e-09
48123,0.14199578621184628
48124,0.038889844376348716
48125,0.003036383975966692
48128,0.0021275984241137754
48129,0.003023856489382677
48131,0.012273017589997898
48133,0.00619627028422006
48134,5.598504103080535e-06
48135,0.0010491991060335238
48137,0.00675741394622506
48138,0.0004998883054139207
48139,0.015727825082518986
48142,0.15173708450063483
48145,0.0068640571374625715
48148,0.003784111527377925
48149,0.005264793334751524
48150,0.020607128085141698
48153,0.004252278016073645
48158,0.14899424311105702
48159,0.006739548978861143
48160,0.03156845522091189
48161,0.06856934874810482
48163,0.010587473458845281
48165,7.912515328442005e-05
48170,0.002135921937803221
48171,0.002541138979473177
48175,0.004121868274376084
48176,0.008761226373120289
48178,0.07196206754337206
48185,0.006946461472733131
48186,4.547895271564918e-06
48189,0.03909301963347288
48190,0.002296156237002521
48191,0.034422098740890306
48192,0.004464139825676561
48194,0.01943097747758285
48195,0.013517261120454647
48197,0.09351423273872515
48198,0.0011310658279898205
48202,0.005830574286069288
48207,0.054287703475587895
48215,0.01486668208440384
48217,0.0029668120905609525
48219,0.0029863238347267594
48220,0.02462363282818638
48222,0.04153997736178646
48224,2.099242031956349e-05
48226,0.0038968518547394682
48229,0.02126286472429135
48231,0.010999563251916459
48235,0.005435496491441603
48236,0.04553348293720509
48237,0.004583613129289534
48241,0.014246037943342123
48242,0.0022829153854890404
48244,0.0062929812852040145
48248,0.010034327893891701
48249,0.004528541799040646
48254,0.14224331940666157
48255,0.005561604223983662
48258,0.029358495510767683
48260,0.005163695917267876
48262,0.009995401147764945
48267,0.024626592018150064
48271,0.004806276031211184
48273,0.016365825131342156
48276,0.0034560172542049098
48278,0.01068359233285692
48279,0.004772569459140034
48280,0.0047339822278142955
48282,0.0029199419409546945
48283,0.007906883327505547
48284,0.002995879834924752
48285,0.013100136868194064
48286,0.003545915658450947
48287,0.007501551952852311
48288,0.006589071982008677
48289,0.028455576241929553
48290,0.011952508823711485
48291,0.00102869925028803
48296,0.025069317811545175
48297,0.01898232888769002
48298,0.018052224324887445
48302,0.0028935256145008604
48305,0.003155333983250958
48307,0.0026252575762931887
48310,0.0037232809049241684
48311,0.005651521784413409
48312,0.002539395411466506
48315,0.010833045759840633
48316,0.0046639063566543525
48318,0.03885848337054195
48320,0.0027088407332239496
48321,0.005719774825136163
48323,0.002995999532959665
48324,0.0506290176233051
48325,0.0039595306629247795
48326,0.01044259098698204
48329,0.005693683408717546
48332,0.022963735972170895
48333,0.0032356944260844554
48335,0.0048257209430536425
48336,0.003558334808804162
48338,0.0031366084651000743
48339,6.390597214435003e-08
48341,0.003447991501883012
48343,0.00028448923549367395
48346,0.0007688792639537225
48348,0.02914032692998957
48354,0.004630286506271699
48355,0.004622564309501406
48358,0.0029688329555100867
48360,0.029653663747851732
48362,0.007034234272998152
48364,0.006727043757027683
48366,0.003594387542709887
48368,0.0081373092794131
48370,0.003804983561113391
48371,0.004694491476333317
48373,0.003857404924543467
48374,0.006904033915297192
48376,0.00563570368649471
48383,0.002589892832819781
48385,0.018820032317022655
48387,0.06963809707622451
48388,0.0046204256619546925
48389,0.09935457889015868
48390,0.004451758417459525
48392,0.0037022600195779107
48395,0.015384556894920505
48397,0.022416406125349744
48399,0.00673773057315645
48400,0.0034624151556216427
48402,0.07702476759064832
48403,0.0033379054592855444
48404,0.013335741245500923
48405,0.10163588812082203
48408,0.0023069939147892173
48410,0.017121834091315232
48411,0.07887219441779392
48417,0.0073291328381629075
48418,0.007899047552385833
48419,0.1500481112189982
48420,0.004181543504778657
48422,0.00613317646697614
48423,0.0069325451551761515
48424,0.055449817263922445
48427,0.002884141593904949
48428,0.002189592896612985
48431,0.0038005779347786064
48433,0.003582956119001463
48434,0.02501362902817968
48435,0.029282571423212427
48437,0.03210627302562786
48438,0.002972199040930921
48440,0.018587125194139277
48441,0.015664484241836564
48443,0.0049983415694639455
48445,0.08061911671227788
48446,0.2872665322543937
48449,0.0021921240140439033
48451,0.04116601699677589
48452,0.033768079893453345
48454,0.05182202920511418
48455,0.08682082859320253
48459,0.0036588451096914005
48460,0.0060248719674290555
48463,0.008877376002622145
48465,0.048838641609475764
48466,0.02154774707318834
48469,0.005773974752796616
48470,0.0036780712035815646
48471,0.024541366220636355
48473,0.14432110818944774
48474,0.030289784857354753
48475,0.014523287815146122
48477,0.015691711733624856
48479,0.0022477858832496388
48481,0.00042232579046083305
48482,0.051681298831004197
48483,0.010811101245905579
48484,0.04984031442489784
48486,0.005162647172268795
48490,0.011724467162994379
48491,0.001501217719542379
48492,0.00685726483024304
48495,0.02368608042030147
48496,0.020076857922088985
48498,0.0011880955597740502
48499,0.13477359508750067
48500,0.1234127407892234
48501,8.605321254488936e-07
48502,0.008678194865280351
48504,0.0053208149160660296
48506,0.004194630142859866
48509,0.05337343748664472
48513,0.006924695285679473
48515,0.004120002222953607
48516,0.027518117660893782
48518,0.00452021089867612
48521,0.025186103052411864
48526,6.315024187379368e-10
48527,0.0606668863662103
48528,0.008618816258847225
48532,0.11694187179014504
48534,0.014602086701573709
48536,0.016729597416087483
48538,0.03841933632558183
48539,0.1256170197402305
48540,0.002774058953641073
48541,0.004633856266564429
48542,0.10711637259595959
48544,0.06807791742756861
48545,0.03186149811594745
48549,0.011959296043198791
48550,0.01797579006982261
48551,0.01746495339736407
48552,0.0037993447749947165
48553,0.01149589607732741
48554,0.003798189785565856
48559,0.009358991032902922
48560,0.0029864140965215873
48561,0.10511828453559939
48562,0.023057940825001042
48564,0.007899526606640594
48566,0.005674167679749958
48568,0.0022609352575724316
48570,0.0015598344700696785
48573,0.0054628092841322185
48574,0.007000688586943403
48576,0.03909301963347288
48577,0.005165608177570628
48579,0.009582378454121633
48580,0.04906752429444419
48581,0.0010777654944353796
48584,0.0232177703331384
48586,0.0059102721379459405
48588,0.04073659506816995
48591,0.005462230017708272
48592,0.005129602521620704
48593,1.4214532193311572e-05
48594,0.012747397429929449
48595,0.11823132958229
48597,0.014874206949428382
48600,0.003021481290251745
48601,0.017314059612227206
48603,0.02017405639628535
48604,0.010888705620532952
48605,0.020607128085141698
48606,0.010220540620259724
48607,0.00393481812369204
48610,0.019574525658058856
48611,0.012561134251247833
48612,0.0030364068341830557
48617,0.003871612900143181
48621,0.017722386007202936
48622,0.04463465555623672
48625,0.009446210543575001
48632,0.06990458528414621
48635,0.0033861059855235286
48636,0.0035947981923194405
48638,0.054186803211078695
48640,0.06619798774330576
48642,0.001829934804262098
48652,0.019398250233163328
48653,0.051726598046641224
48655,0.05497266351335209
48657,1.1121656153434477e-10
48658,0.008955666244320632
48660,0.004081627059555931
48662,0.030125375945244542
48663,0.15004669844831572
48664,0.003036383975966692
48667,0.00016974228253352082
48669,0.005659801819558537
48673,0.005611787372002351
48674,0.005461322737803554
48677,0.0011861595926051262
48678,0.0025517614705078085
48681,0.030059646132613846
48683,0.002895930356552929
48684,0.0035485345514274613
48685,0.005498109660589176
48689,0.025096841840297215
48690,0.008946331190940125
48691,0.004054712114855467
48694,0.007496138586222708
48695,0.02133618015834301
48696,0.0023538737327653348
48697,0.02682662676786158
48698,0.04639032629256669
48701,0.027836282062737996
48705,0.05003259289991095
48707,0.006112003972177125
48708,0.016212931110055707
48709,0.05739941760566298
48711,0.005839148739660551
48714,4.739135385997081e-10
48715,0.03666252328120932
48716,0.004424908202979127
48717,0.017169272578196747
48718,0.028118405149070054
48722,0.10027093413485953
48723,0.009971065625961006
48726,0.0036138831237200893
48729,0.023933551672891948
48731,0.0035974185338706723
48734,0.0013572720965814627
48735,0.0006709494852702229
48736,0.014622197042242921
48737,0.0032106988888691017
48739,0.24609661118330053
48740,0.0013185731448885727
48741,0.0028618476073281893
48745,0.0013939922795443446
48747,0.1353459906974967
48748,0.03346744607580157
48750,0.007521880226027557
48751,0.029305622017035245
48752,0.006481179384587575
48753,0.002068727437452233
48754,0.0038185377823239204
48755,0.031061560334491277
48757,0.005947116197883973
48760,0.003961968657390679
48761,0.016449417935756796
48763,0.0379820217088836
48764,0.005220938452712847
48766,0.012662454512773456
48771,0.0023250085272926366
48774,0.01752438114989296
48775,0.003155350937975357
48778,0.004426874711604539
48779,0.01361694050922208
48780,7.539921866519834e-06
48781,0.0140688368718583
48782,0.013505079433684949
48783,0.040350431799676
48784,0.04236841208381574
48786,0.0002632877315385577
48787,0.03644284722476463
48789,0.010879875597513279
48790,0.10684864887891299
48791,0.001989506950830034
48792,0.008699983321062893
48794,0.0049263550126709505
48796,0.00285912989699078
48798,0.01076869020933547
48800,0.011814826325964022
48801,0.006460650095385765
48802,0.0017711129682377734
48803,0.0030365706822160304
48804,0.0055096424070320005
48806,0.00723749709076937
48809,0.003981544614150602
48810,0.0033472813892665818
48811,0.00794499354305368
48813,0.003853370418243142
48815,0.004313807188239297
48816,0.004700726505418811
48817,0.02032006048059651
48818,0.004675169163136763
48819,0.05862733770570724
48821,7.970051772916599e-05
48822,0.036330203615418576
48824,0.005089959097810592
48825,0.042649786495847636
48826,0.008160113208552627
48827,0.03574532633482988
48828,0.02720524383480955
48830,0.019500837768663737
48833,0.02815026010015547
48835,0.027805656699529266
48836,0.012970121874015248
48837,0.005969952223954933
48838,0.018277276078701207
48839,0.11944416635830597
48841,0.020726649806397636
48847,0.0001120190447626785
48850,0.08389758596871967
48851,0.0032322697986454053
48857,0.027775716692451685
48859,0.0008089339145827781
48864,0.0033537091711688103
48865,0.11621579502869592
48868,0.15494164006126018
48870,0.004933776965092085
48877,0.002762194085407209
48878,0.0037836740244155246
48879,0.027696089700273537
48880,0.0017013065360213602
48881,0.002576386581097298
48886,0.020528789348665036
48887,0.032520544891363246
48888,0.0590217450703379
48890,0.045311155887073316
48894,0.06293854336635024
48895,0.0006058601471357308
48896,0.05731946027959509
48897,0.004419451144862267
48899,0.018052224324887445
48900,0.033301642662404755
48902,0.018052224324887445
48903,0.10589273646807827
48904,0.0032564147927303137
48905,0.0039565872996632535
48910,0.003882085215107817
48911,0.006667567068162776
48912,0.00011634469616829525
48913,0.02486763659762386
48915,0.003947524902222287
48916,0.022375354774105006
48920,0.0030363740656341666
48924,0.06376213503614946
48926,0.002924366766324526
48929,0.00607449605890258
48931,0.03154730978482438
48934,0.00014662598348932698
48935,0.022643220044244076
48937,0.026541407186168237
48939,0.11653710306433687
48942,2.9215042171436693e-06
48943,0.009294355462806977
48944,0.0018180247886461997
48947,0.02716011583331177
48948,0.003710957491566094
48950,0.002622897640228814
48957,0.005674297001581759
48958,0.0045645197768437226
48959,0.0029768614999797238
48960,0.015132636188378025
48962,0.036075679958673786
48964,0.05561516279573647
48966,0.0038386096107348297
48967,0.02599119218571598
48969,0.11188135136282813
48970,0.03188609578681005
48971,0.021443318581197836
48972,0.012142029418441906
48979,1.0921377298318369e-05
48980,0.0036580746461910302
48983,0.007539160415274041
48985,0.0164121182639034
48988,0.01128863453664767
48992,0.055990126153273326
48997,0.013074565744983717
49000,0.0034897459807444746
49003,0.004515190900341785
49008,0.023570685778910406
49012,0.002715465898030416
49013,0.02223935302800834
49014,0.04255927651961712
49015,0.006866596061008482
49018,0.03144558857220981
49019,0.05747146630228527
49020,5.745268383240178e-07
49023,0.0023098996575628516
49025,0.0029863587719151097
49027,0.003941242866097182
49028,0.007421586995207993
49030,0.014314923675292489
49031,0.016289429258680106
49032,0.017002132666813496
49033,0.00012908077045985648
49034,0.14167173617652484
49037,0.0034510011334888333
49039,0.13015671170058593
49042,0.024681860233780165
49043,0.0034486666254586918
49044,0.0041889151076120465
49048,0.018052224324887445
49049,0.030053989278581328
49050,0.0038127169011546898
49052,0.005233456786482541
49054,0.004258590697295808
49058,0.013229019816172421
49060,0.0001597298446419843
49063,0.0067062020929910355
49064,0.004778782177874276
49067,0.014952878952484205
49068,0.0034789479220819967
49069,0.04339643579290954
49071,0.008482372849970866
49072,0.005658759687863616
49077,0.05071608031701501
49078,0.023106056320025395
49079,0.00464097073313998
49081,0.023696430713765586
49083,0.1400900080971176
49084,0.006016251589341587
49085,0.00037786337400994306
49086,0.13009393597248
49090,0.014419277387801743
49091,0.0058864035944450515
49092,0.004688667923726564
49094,0.0031617582328838227
49095,0.025426728623717317
49100,0.0002589283062942245
49103,0.0059035537774543125
49105,0.022292027085165533
49106,0.12318873725575416
49107,0.0034032815779397444
49110,0.0033366805690276473
49112,0.008862282044207782
49113,0.011356332103868492
49114,0.00020002600204669364
49116,0.014571750504393037
49118,0.001754691467847052
49120,0.0033960642995715783
49121,0.044662686778353534
49123,0.005637170387103721
49125,0.12154424666925798
49128,0.004117258765152726
49129,0.003583635722095173
49130,0.004188582325534303
49131,0.023848917460836297
49132,0.0647974149266827
49134,0.002067431478142287
49139,0.001754134460447615
49142,0.12878087584898668
49143,0.0027324757191284368
49144,0.0202336428539359
49147,0.00715511112051307
49148,0.009126812768788102
49150,0.008851264256920913
49151,0.02044422147632481
49152,0.16964979530658214
49160,0.14552601315328542
49161,0.006183273558731104
49162,0.0036097450409738265
49163,0.014788874506622187
49165,0.04031598882636802
49170,9.177579660572668e-05
49173,0.0036526529361060505
49175,0.0031536715335491183
49179,0.0049250592317331265
49184,0.10858054972686722
49188,0.004009700316865766
49189,0.002619292935288459
49194,0.005034686176883028
49196,0.038770076633476425
49198,0.01702967201104767
49200,0.030829566348238066
49201,0.004011122034702306
49203,0.014985977914058127
49204,0.004676536332952685
49205,0.0016005963840119224
49208,0.0847596468544043
49209,0.0034624544645333807
49210,0.003096762907926761
49211,0.021802390649458343
49212,0.0029191306384358
49215,0.026723777475503252
49216,0.12333846346285281
49217,0.020196589407140135
49218,0.005265173100705208
49219,0.017034883333208285
49220,0.039304066071421694
49221,0.050105872679099404
49222,0.029623114402791306
49226,0.005572140202569268
49227,0.045289161459559524
49229,0.13308973061823082
49230,0.02972014418795093
49231,0.043437083032764855
49233,0.0018640037848629632
49234,0.0042553385961539535
49238,0.04180486098127595
49239,0.003449089972305462
49240,0.031116315594616355
49242,0.1160887090061014
49244,0.014150766440896424
49246,0.01283447997235735
49248,0.008354607001157194
49253,0.002611385422683579
49254,0.04787795423338614
49259,0.004439072938789333
49260,0.018529685020193986
49261,0.029256027620856013
49265,0.02755465780036851
49268,0.002950321079681321
49269,0.012810584718242134
49270,0.005325028676606627
49272,0.002737658985616775
49275,0.09748018668063199
49276,0.009477740564437455
49279,0.002287571688574182
49280,0.0010642043622263865
49281,0.04041309144400183
49282,0.02354060347662349
49283,0.02361592415219281
49284,0.007547996872769766
49287,0.004214741311204547
49290,0.004212215592594635
49291,0.00340534318200008
49292,0.00457536599340225
49295,0.014845902732198971
49297,0.0023108917369498083
49298,0.02381643378624778
49299,0.05074870115718761
49300,0.03143793042845176
49301,0.13239798849633244
49303,0.024482489988182067
49304,0.026279954315300946
49305,0.002434249122411722
49306,0.03250719664953682
49307,0.031643673505326
49310,0.09925056156978283
49313,0.13457724038411192
49317,0.034112821257945146
49318,0.09778761786743033
49319,0.01908252354777864
49323,0.003050257885867793
49327,0.02447765934314948
49332,0.0008308437676219247
49334,0.003838019561709941
49337,0.004561093759560136
49338,8.455096670237144e-05
49339,0.0031531096523215326
49340,0.006663416970251279
49341,0.020607128085141698
49342,0.0036718517410813524
49344,0.003163352878779955
49348,0.04468788249011799
49350,0.029968860905715138
49352,0.006636909916598703
49353,0.10196830650736276
49354,0.014090573363473045
49355,0.0671162042164464
49356,4.684660812008383e-05
49358,0.004011453115641028
49359,0.009181970262880272
49362,0.021088192430488813
49363,2.3784943965211132e-07
49364,0.06993298468719612
49368,0.010180208731448093
49369,0.010736889351236142
49372,0.031466665977610685
49376,0.003878962282259584
49377,0.11256497051479908
49378,0.005997982647826995
49382,0.027853431401123504
49385,0.059733919325940674
49386,0.0004494924088258641
49389,0.03743530329577325
49390,0.01368856954849937
49391,0.0022830768778851064
49394,0.009087296082031831
49396,0.0196272064399417
49397,0.0023006045711055946
49398,0.003775612789963506
49400,0.006708312132530317
49401,0.0614712467819157
49403,0.004617903877340959
49404,0.31191594613019547
49409,0.07702476759064832
49411,0.07196206754337206
49412,0.009169135973898334
49414,0.015321973950856728
49415,0.028054110793783577
49417,0.024482489988182067
49419,0.0053312209417032885
49421,0.03759851750696819
49422,0.0009971138114520607
49423,0.04678726728764654
49424,0.005521352696095649
49425,0.0042714771141379735
49429,0.030709333689086717
49430,0.13747119780979208
49431,0.021851290286999444
49432,0.035017542428657615
49435,0.0071482403762964395
49436,0.0036867641912358066
49438,0.003485722941382302
49441,0.0026029412780666623
49442,0.019384620343514878
49443,0.03695000995897773
49446,0.007561264171626186
49447,0.0006896195239643034
49451,0.0046736090215241865
49452,0.0024761701734265307
49456,0.007551278829342394
49457,5.262672716170906e-06
49458,0.004378938198836144
49460,0.04781038807768476
49461,0.006760533103941426
49462,0.02094892622360368
49465,0.01605665254876194
49468,0.0062229128495079325
49472,0.0029898894844494935
49475,0.018168045422405153
49476,0.0031863912278843652
49477,0.008001257681187724
49478,0.002990661887715192
49480,0.016048277554654787
49481,0.005045697851795948
49483,0.03036857741918191
49484,0.002851157313214672
49486,0.008729237440642702
49487,0.094096884505958
49488,0.016050817881658724
49489,0.0032328653918041565
49490,0.0017487318703177602
49491,0.13347606697014944
49496,0.019357125515392724
49497,0.004086682431407339
49499,0.07904367487068227
49500,0.004505202363162955
49501,0.03792520236829103
49504,0.012476345898174057
49505,0.0002806795888209503
49506,0.025865615290704688
49508,0.0016547564858205308
49511,0.11367109736611665
49513,0.002871929608421103
49514,0.003939510502518653
49515,0.004041675344501194
49516,0.006922155480922146
49519,0.005720191512284341
49520,4.8120721343138134e-08
49522,0.008835049561623247
49523,0.005172393545569055
49524,0.008432991180410453
49525,0.033819419479280015
49526,0.09455891988682325
49529,0.0017593102204080727
49532,0.08089798051937401
49533,7.571265926053849e-05
49534,0.008713138737431231
49541,0.0036274602384462206
49543,0.05192029392816091
49544,0.004738531843929199
49545,0.1219567814304288
49546,0.11529394259957886
49550,0.01070879010848716
49551,0.04435155341604186
49554,0.004073678758122616
49558,0.001849403181538026
49561,0.005129437513388674
49562,0.07254402419181219
49563,0.025913551045223037
49564,0.00618240707711737
49566,0.0003082524863164541
49567,0.013332526885673062
49568,0.05289980339886929
49571,0.004531095946243317
49575,0.08901761129899786
49576,0.0010688114894361032
49578,0.012899237606128959
49579,8.747017091411392e-06
49581,0.008751704392646161
49582,0.005438015991288241
49583,0.025024605542923704
49586,0.0023808202283930697
49588,0.10382957056026532
49589,0.03966470072701886
49590,0.010913349527994956
49591,0.009026548866664994
49592,6.618665211385485e-05
49596,0.03237174378161756
49599,0.036075679958673786
49605,0.1170405747386411
49606,0.02177561428796559
49607,0.024157296415708386
49608,0.02439211481958158
49609,0.0024414200267978206
49610,0.004423222336171357
49611,0.0029674419568594766
49613,1.0711084452769139e-05
49614,0.007259708603190087
49615,0.003041892148703747
49620,0.046325250024051794
49623,0.03019366074741295
49624,0.0031117202380598545
49625,0.1348608084687236
49628,0.002887644633266972
49631,0.0005073564414131848
49635,0.013462211047367077
49637,0.0838748929573599
49638,0.0030051757162001076
49645,0.008053432935074389
49646,0.01008895854287612
49647,0.016706074871243985
49648,0.00449094780171606
49649,0.1379121559862795
49650,0.06977274227174332
49652,0.004392042868827057
49653,0.0005041689883570702
49656,0.0035412631525913265
49662,0.03160265382416142
49663,0.03709363190747825
49664,0.00320031087499425
49666,0.00431472739504479
49670,0.007280815846650035
49674,0.1409098114593051
49675,0.0036096051856310627
49676,1.4311395876319966e-06
49681,0.012239585512529603
49682,0.02851053981098308
49684,0.009660946589367727
49686,0.023661408552410248
49689,0.004005512802231259
49690,0.015914702081402585
49692,0.03921716056295432
49694,0.003405420471070725
49695,0.024482489988182067
49697,0.11779585096389246
49699,0.09717507621114232
49700,0.004933272785939962
49702,0.009125868134379683
49703,0.0038357567808004344
49704,0.003614376737504542
49705,0.03233920026388477
49706,0.021628703115437277
49707,8.590819393979687e-05
49709,0.014916466382171253
49710,0.02807232679814203
49711,0.010889182403796244
49714,0.04144822578192908
49717,0.016618292999232454
49718,0.03581616225766801
49719,0.0008103636190703371
49720,0.005653215471170441
49725,0.049259660842859605
49727,0.020068405858038155
49728,0.0038749218560628386
49729,0.05604708030366634
49730,0.11112540158905986
49731,0.12261097093386684
49732,3.7569988603206295e-05
49734,0.007435489519589008
49736,0.05576786235293129
49737,0.023173620637638493
49738,0.035284766142757745
49739,0.015224360217492247
49740,0.19982724813905134
49745,0.028393914732274463
49746,0.005635681760826916
49747,8.953735086624907e-05
49748,0.0034622470837179726
49749,0.0038880266670977613
49752,0.04803309009705597
49755,0.12212190667097036
49756,0.0016970145230996104
49757,0.022692489333843383
49759,3.1679307293176862e-06
49760,0.003462303106782492
49762,0.0034624284101489006
49764,0.0071725535653296875
49768,0.0031372206239245123
49769,0.0026814277747816066
49770,1.1868307538832705e-05
49771,0.008166410300786733
49772,0.006114984975308026
49773,0.020253048547833667
49774,0.003945955142502418
49775,0.0028527053582937706
49776,0.006033637040425594
49777,0.0026522588732953165
49782,0.0022010130846871236
49783,0.004854230866631903
49784,0.0033222879948396388
49785,0.006248029226272266
49790,0.0036651154947157302
49791,0.10860271186964116
49792,0.010660635870652744
49793,0.061922580070747
49794,0.04415805471503666
49795,0.004441334949960863
49797,0.10316678728091477
49799,0.004555024453639111
49800,0.010509878168226284
49809,0.03325055982394545
49812,0.040686258041190596
49816,0.0032920421818647895
49818,0.0038827633993531673
49820,0.02833314964597486
49821,0.025803661720961848
49825,0.09854740772428788
49826,0.0055216241320119545
49829,0.008762444230960294
49830,0.004675265516045196
49831,0.000467581093649828
49832,0.030059646132613846
49836,0.0043722478660846945
49837,0.10789662141694831
49838,0.005915368906223149
49840,0.0004450387447933663
49844,0.002998081891582615
49849,0.2596568231145767
49850,0.003343311910434969
49852,0.005846689239909649
49854,0.05353335861021047
49856,0.029006281263644094
49857,0.0014985512770303694
49859,0.016775671009446363
49863,0.0164766047684176
49864,0.033402669548206095
49867,0.01575407037898477
49869,0.024482489988182067
49874,0.006279334455470358
49875,0.00469353086571158
49876,0.03142744099009587
49877,0.1985240487931683
49879,0.0030945933906850304
49881,0.013336030349467192
49883,0.03581532190446976
49884,0.008877266700977864
49885,0.0043972875495731645
49887,0.12178563861930324
49890,0.0013384536856820841
49891,0.008180177315878568
49894,0.0021351212404594555
49896,0.033541836435226464
49897,0.0029551478938463147
49898,0.1348608084687236
49899,0.05683784275133473
49902,0.14064483949599005
49903,0.03522892377895642
49906,0.006527964166371614
49907,0.006919631085084743
49909,0.004999257456473419
49914,0.00792764333599226
49919,0.13851619179597507
49920,0.010907256442177996
49925,0.013561968697577814
49926,0.0037011032415104933
49928,0.000727430693138135
49929,0.00022877748016514123
49930,0.005442310929264819
49932,0.005230371383920703
49933,7.315092100961436e-05
49937,0.017518736220159214
49938,0.032295933221856435
49941,0.003070434923277377
49942,0.007510797425530162
49943,0.14468763979666718
49944,0.10805146152804802
49950,0.005706960413963707
49951,0.03695648168213318
49952,5.727279621331363e-05
49953,0.0711398727737892
49955,0.00993852087423571
49958,0.002730558682010101
49959,0.02649219837358134
49961,0.03676014098585263
49962,0.004347239397109969
49966,0.01346136474328063
49967,0.003626580026695548
49971,0.2378308499215526
49972,0.022734148508494107
49973,0.1417909286630089
49974,0.018809482151708072
49977,0.0009973523633076016
49980,0.011730120405706397
49981,0.0022220159854753757
49982,0.03147451688843569
49983,0.0019144610499449001
49987,0.010323607992771338
49992,0.0051295807836571755
49993,0.009932132637812448
49995,0.005066832574063866
49997,0.0076614827304893746
49999,0.003462368468166183
50000,0.0001885039679600177
50002,0.023762556106444465
50004,0.03415279435872023
50005,0.006744348171412596
50006,0.000351586420990467
50007,0.01089671909450412
50008,0.015580839552960952
50010,0.010525424591799386
50012,0.01623039862773022
50017,0.004996519292931559
50022,0.004120441154012309
50025,0.004057146215551121
50027,0.0051976954562669665
50030,0.004520899485217524
50031,0.0034468610986711943
50032,0.005465513350518564
50033,0.002803212922170747
50034,0.003468848454859211
50035,0.006511015663175733
50036,0.002993532134529629
50038,0.0032373641075088976
50039,0.10368608837642883
50041,0.029224357366052826
50042,0.1593855045698267
50043,0.07464175203007727
50045,0.006287709956388648
50046,0.005319678971613228
50047,0.02433478231484434
50049,0.003556500011128185
50051,0.03826012675490505
50053,0.024574488341724047
50055,6.458567011456075e-07
50057,0.003847227001752962
50060,0.01965554007853732
50061,0.016172625216299658
50062,0.007233687914920357
50064,0.010852097821889456
50067,0.14391940425370947
50069,0.0015117788465931104
50073,0.0034423771944987317
50074,0.007951598956059965
50075,0.04759897262635309
50076,0.001078327659115315
50077,0.006329221617636611
50078,0.027136850940675583
50079,0.010702325397887952
50081,0.02583686901698572
50082,0.00256337038668218
50084,0.004062842309769039
50088,0.004290505954967647
50092,0.018317550043444174
50093,0.0032017038836137635
50097,0.005434930149302689
50099,0.02652432250151528
50102,0.012989573624682654
50104,0.05455344261970898
50107,0.026665274292483634
50109,0.1278990078055404
50112,0.023462498627104547
50115,0.0034624284101489006
50116,0.01573258223611255
50119,0.004150410215381411
50120,0.008235683992294737
50121,0.007893112296680861
50123,0.0023966927190713035
50124,0.001740256446731862
50126,0.018780351018682334
50127,0.0027213900743575524
50128,0.021875920099489514
50130,0.004696931893583709
50132,0.028750649807922475
50133,0.08095449716518573
50134,0.04623113840471529
50136,0.006758307980520756
50138,0.012237678234008344
50140,0.023462498627104547
50142,0.03467177167009053
50144,0.004581888062592866
50146,0.004946087576442309
50147,0.025954282963732627
50152,0.10352166177709686
50154,0.005129575019881986
50155,0.08399092526112714
50158,0.00832681077652544
50164,0.009429845198310657
50165,0.004520645228299168
50168,0.026207016338807357
50171,0.0505147467593849
50172,0.10377689155106708
50175,0.014163213702286558
50180,6.613688033170653e-08
50181,0.002402965184918441
50182,0.003462265757972438
50183,0.016683635499913516
50184,0.0035091972941137524
50187,6.048862017967132e-08
50189,0.0037354822324283474
50190,0.06698594625013433
50191,0.006899959573919084
50192,0.1324984910354203
50193,0.0020370560831943977
50196,0.0973162934306305
50199,0.0036440983570527113
50202,0.006408297723840212
50204,0.005523558698409359
50205,0.0035577862707687887
50206,0.00041722178262621027
50208,0.03430303959412986
50209,0.017423603936204346
50210,0.020225138746669542
50212,0.036906892447475685
50213,0.008649793147106554
50215,0.004822949230652246
50219,0.02044121509687948
50220,0.028522824025328034
50221,0.017911433682664953
50222,0.008189434681172293
50223,0.0034323706251324516
50226,0.030674678159279673
50229,0.003649412433554788
50230,0.006455736329245675
50234,0.04672901168397852
50235,0.008741836873741344
50236,0.05908116118601532
50239,0.00184200410668563
50241,0.10011458655521416
50242,0.01741868828637739
50243,0.046627386588809064
50244,0.0023449361613350392
50245,0.09674137284145962
50246,0.048736972930038036
50247,0.05156709047235491
50250,0.015956357799471726
50253,0.029089979079655014
50254,0.03392065092414189
50255,0.14125390122445475
50257,0.017638920500767014
50258,0.01709095703411165
50261,0.0052532229664165025
50264,0.004280149355336674
50265,0.015132812986972964
50266,0.00898051311777921
50269,0.04131792338638107
50271,0.005305112366806521
50272,0.024789380733206044
50275,0.0027373510212399
50278,0.019008696842411976
50280,0.024423194849088083
50284,0.0023005775913446476
50286,0.010963668034767638
50287,0.00722385931088002
50289,2.0261707382690467e-05
50290,0.024366942049860944
50296,1.7133071355401981e-06
50297,0.002894048320079263
50300,0.0661544037573616
50301,0.0666058724006356
50304,4.765178826931963e-22
50305,0.0052820459426069465
50306,0.0024504590883394047
50307,0.002974573167322621
50308,0.005898740393174221
50309,0.005945213678019055
50312,0.0041291274826366275
50313,0.17232964549310267
50316,0.006369055056385544
50317,0.03080303562779245
50319,0.060171205169861734
50322,0.008726266439259524
50326,0.08015524619091784
50328,0.02299290317247804
50329,0.00871759134092641
50330,0.013877964543289977
50331,0.003778578483282413
50333,0.15828722608890242
50339,0.0034060948232933594
50340,0.019453467191306525
50343,0.00020047614365287418
50345,0.08088268765675677
50347,0.006816023514652983
50348,0.003874075259869001
50350,0.020453071885961512
50351,0.003742808920070536
50357,9.529389820013642e-06
50362,0.009473095478425642
50365,0.005914807434001018
50367,0.003444846211056389
50368,0.005799941586354253
50369,0.014534421473125394
50373,0.0005124583013234867
50374,0.007185606596483836
50375,0.027140331834199585
50377,0.003116401297440942
50378,0.010482063875322804
50379,0.027348734068310697
50381,0.013588261664547522
50382,0.0476714594057501
50383,0.004419462284335618
50384,0.010664900324943383
50386,0.01624975200084051
50387,0.0048387651311913435
50391,0.011773883965361368
50393,0.007954738408212455
50394,0.0035231288148940432
50395,0.013504826422733117
50396,0.0043749763922040765
50397,0.032025846188539556
50398,0.003213282985169278
50400,0.045627238702333914
50402,0.007832872564941138
50404,0.0004846111589890078
50405,0.018052224324887445
50407,0.023201474732382484
50408,0.004423828863531783
50411,0.003243805093851101
50414,0.0034052872372718956
50416,0.001622527562382192
50417,0.12844948864703773
50418,0.004931700035309808
50421,0.05647212382228822
50422,0.0035169205642097707
50423,0.02823730784959372
50424,0.004504417808916624
50430,0.001513849141858187
50431,0.020418181059136276
50432,0.03653433981781161
50433,0.0015282418709549694
50435,0.006413042947191002
50436,0.004265345332752115
50437,0.00816879171516021
50439,0.0055158771641364785
50443,0.02130144757811158
50446,0.10408184713302769
50449,0.10191088980080647
50454,0.004101141949539046
50459,0.09832784046358428
50463,0.041802856982772266
50465,0.0018488468944874098
50469,0.003900335192236576
50470,0.0838748929573599
50471,0.008117384717035249
50472,0.0039282581186682935
50473,0.13724184191217187
50475,0.007398803713233276
50476,0.027235756978053454
50478,4.5639244301044455e-06
50480,2.4644952166776075e-05
50483,0.0545875433955734
50486,0.007041592684721525
50487,1.2568369833275574e-08
50488,0.002127953753829176
50489,0.0045317441658016475
50491,0.03153457261651933
50494,0.004630034254893414
50498,0.006039604112377204
50500,0.06079317796071647
50502,5.3898599106466874e-05
50503,0.0056503109614841895
50504,0.002911625876902061
50505,0.08048057363211941
50507,0.016581538547027933
50509,0.025164057489280973
50512,0.008436856919703287
50515,0.003989350114125377
50516,0.003932508231125967
50518,0.0005340797688491888
50519,0.011893151148392657
50525,0.09636597868014278
50526,0.004935966518392756
50527,0.012132675022996144
50528,0.00374000828065453
50532,2.7649243437466842e-05
50535,0.016868917515440875
50536,0.03890138780440561
50537,0.14039593423088034
50538,0.03243540544902718
50539,0.018665415944924282
50540,0.013228645967306055
50541,0.002734112455686071
50542,0.003631736464260892
50544,0.021387638719228382
50546,0.04240290734828615
50549,0.048213762797688534
50551,0.004726702854068526
50553,0.013403238453589485
50554,0.007477036680800772
50555,0.0035149709334930416
50568,0.028778605869831726
50569,0.005877431414116543
50571,0.0012360075316047256
50575,0.0025638462644104595
50579,0.002645894378129369
50581,0.017440234395762227
50583,0.13508427356797273
50586,0.023252428303067903
50590,0.06790175446717765
50593,0.002157671930655644
50594,1.8459644639087442e-05
50596,0.0036110654289219423
50598,0.008081189950095123
50599,0.003409676557445486
50602,0.008521161886311758
50603,0.0017063178613304585
50607,0.0033424431002860903
50608,0.028918739938261537
50609,0.004757164508242095
50610,0.02067478031491129
50612,0.04226912129832977
50614,0.0030202368546144087
50615,0.04776823886968824
50617,0.03477556833339789
50621,0.005674152982032842
50622,0.004309982385909394
50623,0.0026185320694619273
50625,0.0012472791932326796
50626,0.035715979659964925
50628,0.018377592605484775
50634,0.005244917966096433
50636,0.003569057271953667
50637,0.037510840739191614
50638,0.0028656457928669193
50640,0.01803370495283405
50641,0.0035623827301941983
50642,0.007127812759256566
50644,0.002570366268015908
50645,0.003354511802225197
50647,0.018052224324887445
50649,0.00014437994117316586
50651,0.00824866544902972
50652,0.0037484215066508316
50655,0.0040613800443951385
50657,0.019657451267776505
50658,0.0066686495932310064
50662,0.01970557680203525
50663,0.018257622770391516
50665,0.003922252535791758
50666,0.018052224324887445
50668,0.0005769554728534333
50671,0.1433175370256389
50672,0.07881550096741523
50674,0.014097937003398576
50676,0.006941116422942023
50678,0.026332453891555998
50681,0.033276918725539166
50684,0.015465291738855762
50687,0.0029592221093499046
50689,0.062330346964432515
50692,0.0019177765998161123
50696,0.0027852446305337633
50697,0.022794311155494094
50699,0.029199406776037842
50700,0.011796791276556307
50702,0.07245799370143888
50705,0.010911432979567148
50706,0.00500305880954116
50708,0.09890735983784193
50709,0.008877695918507426
50710,0.002872692104395492
50711,0.007611562010416827
50712,0.03300126550916873
50713,0.018052224324887445
50717,0.13820173464631766
50718,0.003797826250312098
50725,0.054415999551777026
50726,0.021219573321751978
50727,0.01804014431300679
50728,0.004674350405867636
50729,0.04633780272137376
50730,0.00033376829667564414
50733,0.025455648110740223
50734,0.0037942702189702592
50739,0.002354908909818804
50743,0.00012624717823402643
50745,0.006985908428079139
50747,0.003279118126776878
50748,0.004142942709439015
50750,0.05039320091126316
50753,0.003824255262892681
50756,0.003205715446813958
50757,0.0031539061391210365
50758,0.12412682225643046
50760,0.050041774954809055
50763,0.05168436277174518
50765,0.046634917216453735
50769,0.020991547803138937
50774,0.013093202361772319
50776,0.024656199524363407
50778,0.02286935320671724
50782,0.023766722688978167
50785,0.005308953507676676
50787,0.004254413827756671
50788,6.603799238682847e-07
50789,0.003773621693765468
50790,0.01565891398626079
50791,0.0065863019444133055
50794,0.13337310878422604
50795,0.021887208406667094
50797,0.023428738008455584
50798,0.004137813626121087
50800,0.003204006276515888
50801,0.0034392302629835053
50802,0.06432880813594372
50803,0.12821470671923424
50804,0.00504654189826326
50809,0.010431945155293953
50810,0.0017682452336722685
50811,0.009295622976441344
50814,0.0028342198457994416
50817,0.04911728908023427
50819,0.00592087665617382
50822,0.03774527268525754
50826,0.033208069430157694
50828,0.004485025432250194
50831,0.009876458315148929
50834,0.003956755707968666
50835,0.0025638673872245446
50841,0.14672986346887332
50842,0.014565830247179643
50844,0.00368773614638291
50846,0.005794122785887665
50849,0.050627741140268606
50851,0.06560059114767937
50852,0.004612142842965942
50853,0.033023254916773465
50860,0.004500066244615793
50861,0.02246506889318184
50862,0.02570881428458885
50864,0.0049897187844355935
50865,0.0028765638301845517
50866,0.09010499714325021
50867,0.09684761398167037
50868,0.006713586642395442
50869,0.13004026498857463
50875,0.0029977236839357243
50876,0.031843373752152244
50877,0.00828989615581626
50878,0.04143612620426439
50880,0.002555286697552459
50887,0.07245792685615625
50888,0.11339997737976804
50894,0.012652228542413902
50896,0.01683635074413132
50898,0.034383717533536105
50900,0.025262351538394633
50901,0.005846759817357805
50902,0.007017050886551888
50904,0.06603927008818103
50908,0.027484241173437063
50909,0.028883714526318327
50912,0.11198630681792529
50913,0.02836261908120971
50914,0.010472289596569715
50915,0.0025624881059235307
50918,0.0009675179006905186
50919,0.004311592488405594
50920,0.04335269751820406
50921,0.0055640375889528
50922,0.031016012613761215
50923,0.007888031998953564
50924,0.006753328709773398
50925,0.005129368761517166
50926,0.003736820815189111
50929,0.08754215416471518
50930,0.024368652021465584
50932,0.06033863232513428
50933,0.014049488322560246
50934,0.033657481232082384
50936,0.006279213028936015
50938,0.13501909704927886
50940,0.03219974742359509
50941,0.00414281202840666
50942,0.0027560367061852083
50943,0.0031541341593803386
50944,0.004686056389751095
50949,0.01751730857364512
50950,0.0782075793866506
50952,0.0045001336259724
50953,0.03152778338064093
50955,0.00024280439238350145
50956,0.08888985321583392
50957,0.03417002231238889
50959,0.05446645667117969
50962,0.0029277728482520744
50963,0.027593073156782395
50964,0.003672329790211294
50965,0.0028166666139849434
50969,0.028551107078532548
50973,0.0025482062489416576
50975,0.015023550313889064
50980,0.04277897725459001
50981,0.00029439728678998955
50985,0.006570043955554588
50986,0.024482489988182067
50992,0.0021799507941184563
50993,0.024482489988182067
50994,0.011649783691999104
50996,0.004711406120529193
50997,0.08904342686202828
50998,0.02426439739184016
51002,0.01767986945281516
51003,0.030054961326399846
51005,0.006740426449290561
51006,0.031842364231747466
51007,0.00011747575144964832
51009,0.07402217316622203
51010,0.0034039033358030314
51011,6.1726470862080695e-09
51012,0.012504592184694439
51017,0.0044176261157172015
51025,0.029283271356974692
51027,0.0022609366476957185
51028,0.016061147014936408
51030,0.0029750246877964775
51033,0.007571950658547845
51034,0.03901743753971664
51037,0.004926574265270243
51040,0.0012432902018668533
51044,0.14409952615111285
51045,2.9867841653961764e-06
51047,0.0030436792694947153
51048,0.01861645783581453
51049,0.02651554410609279
51056,0.0025829883930012475
51060,0.00283985872311613
51061,0.08690152788394662
51066,0.009539678489021021
51067,0.01297526957342887
51069,7.002502710408136e-06
51070,0.011602979705503365
51078,0.0042566893528490505
51080,0.002988103884817175
51085,0.030132322704554244
51086,0.004989673010786524
51088,0.025689707307258183
51089,0.004232142490476566
51091,0.020607128085141698
51092,0.0034036973770103403
51096,0.011275966171542204
51098,0.0345309967905885
51099,0.005673667513148396
51100,0.03440527244408891
51101,0.03972079744123363
51102,0.007159446642814556
51103,0.018052224324887445
51107,0.0023615119320650893
51108,0.09727810516980806
51110,0.02057517584846569
51111,0.003965774505385499
51112,0.005887475587732042
51115,0.01407810977769193
51116,0.0039342352627851716
51117,0.013824296050842901
51118,0.007194740414122284
51119,0.01929054447721649
51120,0.012596574787569037
51121,0.0038682875968460966
51123,0.00479043793990526
51126,0.02371334996904163
51127,0.008367436177236492
51128,0.035070213607185076
51129,0.015095062185486851
51130,0.03665707088917515
51132,0.03645175062324221
51136,0.005918094938676903
51137,0.03454575985911708
51139,0.00019634366373349983
51140,0.029010775394887143
51141,0.008120501497212065
51142,1.515919233025612e-05
51146,0.005466781151509277
51147,0.020324634893914808
51148,0.00653185687006644
51149,0.02681573216186241
51150,0.039199266032329316
51151,0.004671387732709929
51155,0.0020994305209725977
51156,0.0034691703736068683
51157,0.006183261782084103
51158,0.005869119045380552
51160,0.00441821810144701
51161,0.010300061338708852
51162,0.01062518718882837
51165,0.021177219495233594
51168,0.0003216985409632263
51169,0.0033286930044806717
51170,0.0008779509933949558
51173,0.003820578543621357
51174,0.05861042639759906
51179,0.013210388816284512
51182,0.13843593668355006
51186,0.0015804294131627464
51188,0.028966023750984657
51189,0.013382020875024946
51191,0.05004847060724113
51193,0.021009718018854873
51194,0.0331925071422647
51197,0.07706565596494823
51205,0.008487644046323534
51206,0.004741245889072221
51207,0.08056277732519083
51210,0.029839773892563766
51212,0.004292319510473001
51215,0.0037955128457608984
51216,0.0466233442461679
51217,0.008832688966771488
51219,0.0007696293383069685
51221,0.08908911816214003
51226,0.13450727543268112
51227,0.0294655244115232
51228,0.12750528912157957
51229,0.05945394220805658
51231,0.03707278833773257
51232,1.9983837414311067e-06
51233,0.029738643802329157
51236,0.007537487284749055
51238,0.008379519932238023
51239,0.02722228070324854
51240,0.06327735594484482
51243,0.018052224324887445
51245,0.041648669339019506
51247,0.002622897640228814
51248,0.016671767443980492
51249,0.0003109070623220352
51252,0.004925902033627463
51254,0.0040650622891203496
51255,0.003751510463609426
51256,0.03824956965594652
51258,0.0005814788645575737
51259,0.004289288686022809
51260,0.07399926167583412
51261,0.013694049465812236
51264,0.018420601364146406
51265,0.00325921659854289
51267,0.11177984976746738
51268,0.1577720539801804
51270,0.0026317094334120618
51271,0.017140427697267188
51274,0.038703912725142314
51276,0.012318211497860722
51277,0.0065919690374931506
51279,0.13337013893535318
51280,0.02941376098689775
51281,0.1346413062734575
51282,0.009285313483360218
51283,0.0034455268864667945
51284,0.006779220858214978
51288,0.13430115291348116
51290,0.0267109137918066
51291,0.13546932553935392
51294,0.003069947461057341
51296,0.0015399073091238084
51297,0.011664701309087108
51298,0.029394471362714128
51300,0.040927030547394314
51301,0.03440527244408891
51302,0.003579972270465066
51304,0.011906921437143331
51306,0.000987756628672992
51310,0.014667923351722142
51311,0.002497951496787455
51312,0.003967147435551954
51313,0.05582360755198084
51316,0.003226364911453778
51321,0.10598593071866003
51325,0.004885144753253345
51328,0.00228862028432803
51329,0.003768940185213701
51331,1.2032205783191686e-10
51332,0.00502495616094233
51334,0.027482197539077633
51335,0.00943624569804765
51338,0.009001610118650884
51339,0.004816129694024256
51340,0.018300985706123953
51341,0.004095809812351077
51343,0.04532100394308233
51348,0.004594863842762415
51349,0.006308685609634215
51351,0.0013788322109911178
51352,0.00774498117677215
51353,0.000497789204735437
51354,0.00389667198520979
51356,0.006298089201248153
51357,0.0014733390103570966
51362,0.023513808716035433
51364,0.005377586026173574
51367,0.03326841667511813
51369,0.0059305745765044025
51370,0.09413089569708397
51372,0.004731936696537249
51375,0.006277642025094726
51376,0.018052224324887445
51377,0.012891438529598209
51379,0.004934927255382777
51381,0.004889317001369553
51382,0.12512711353097128
51383,0.0036004555641681573
51384,0.004765166062086232
51386,0.0279502930451436
51387,0.001163674050734052
51389,0.006551727137599726
51391,0.03770269836817639
51392,0.0091101034981944
51394,0.04937199774703667
51395,0.0020007626134499403
51397,0.004239713993300009
51402,0.019884544554033348
51403,0.004148371008498948
51404,0.007839867872131812
51405,0.04711996048318565
51410,0.004886780674460741
51413,0.06681956520781338
51419,0.00656987803164769
51422,0.013474827567359064
51426,0.009008887081091032
51427,0.004656688729780217
51430,0.0758953963965423
51434,0.002086987497120195
51436,0.038146361425720185
51438,0.08073239026019574
51443,0.11354942929676731
51445,0.004277791304372521
51446,0.018052224324887445
51447,0.002948917551429254
51448,0.1612292989326708
51449,0.0038829683351461956
51451,0.024566459859525325
51452,0.004313807052960204
51455,0.011049991284714645
51457,0.033618796033974434
51462,0.005854016138965005
51466,0.00011017656393975776
51469,0.04888677290077685
51471,4.087972280718031e-07
51477,3.6946915910468016e-06
51478,0.06327735594484482
51479,0.003427984148704322
51481,0.003979404637870257
51482,0.0057284493708432025
51483,0.012873617318768241
51484,0.005584020252883326
51486,0.006940030402101327
51487,0.02609229903398774
51488,0.013251832641013123
51489,0.01856093610184184
51490,0.01150481085897122
51491,0.0024070387900763505
51495,0.026614230858953373
51497,0.003549063229359804
51498,0.022940184855871504
51500,0.018696448505796232
51501,0.00503296553432007
51502,0.0031999871236801486
51503,0.0033202154755108864
51508,0.0031484291235962447
51511,0.01995557811861255
51512,0.011240035320794256
51513,0.002660507708452887
51514,0.011892499273437262
51515,0.020690354620475873
51516,0.04720934448974913
51517,0.0029039953381683973
51519,0.0023277852625327336
51521,0.008793950829754258
51523,0.015395582707788867
51527,0.08432616040367617
51530,0.01101727199004567
51534,0.02266342696984282
51537,0.005846482583620399
51539,0.013207752680438672
51542,0.00029445697491829525
51544,0.024482489988182067
51548,0.011455160415705993
51550,0.015185818647072817
51551,0.0033609305555598276
51552,0.018052224324887445
51553,0.008108563196259857
51556,0.011946981357118271
51557,0.02744949482554119
51559,0.0066996833321809396
51561,0.19077491176924158
51564,0.005035524755548557
51565,0.011035086679139395
51567,0.03326675500805044
51568,0.035043246894640674
51569,0.0353885797978913
51570,0.024357127582335502
51573,0.02621460108285267
51575,0.014980145824425552
51577,0.04469815156082067
51578,0.019969431501817344
51579,0.030949665625358717
51580,0.19875013322190982
51581,0.003596935261110483
51583,0.031365964122814304
51584,0.00011598792695200768
51588,0.04785339611261343
51591,0.0028161964062455025
51594,0.004868579849051508
51595,0.0035072539799699655
51597,9.688978092131915e-05
51600,0.07766229446155666
51601,0.005692799349743962
51602,0.012973871955410747
51607,0.0061414865907056205
51609,0.003811265044664365
51610,0.014612231299172624
51612,0.01954736367806339
51613,0.02149304860285038
51614,0.026533500625395723
51615,0.006446467816567505
51616,0.007127706668892926
51619,0.001717077198172057
51621,0.0037017103637351882
51625,0.11467347093440727
51628,0.0010392403402213221
51630,0.037332323196921494
51633,0.03424380882996859
51634,0.006165298689179148
51638,0.09692616014376418
51639,0.13457636819304972
51643,0.003405420471070725
51645,0.004390209630189165
51646,0.012345852596385315
51647,0.0035521332788072224
51648,0.00711654050882323
51649,0.015008403166697342
51650,0.011796897087647966
51651,0.15092264389601165
51652,0.014409222410926145
51653,0.10358610882828614
51655,0.001648133932395068
51657,0.0012627096640609075
51658,0.0047005682162093955
51661,0.010195738483263028
51663,0.006808607686336896
51666,0.023284836803017746
51670,0.005339068915170249
51671,0.14901283096102116
51672,0.009211561006983946
51673,0.05198454199795829
51674,0.08175690257726247
51677,0.0009373590478801058
51680,0.003496757011048873
51681,0.03658887154043813
51683,0.00012928109364572095
51690,0.027809534084209147
51691,0.022487953412128395
51696,0.003864030830011717
51698,0.007811599335546683
51699,0.0022109158935200222
51701,0.021122931259877905
51704,0.011012124994596171
51705,0.34158982709675895
51706,0.027979631117043907
51709,0.010757636438296615
51710,0.009233722824180083
51711,0.034365547100058194
51715,0.007102093956884066
51716,0.0038957628314720614
51720,0.01935554710728676
51722,0.013234243570769492
51723,0.008250258633545777
51724,4.6838741457756096e-14
51725,0.003919505990845271
51728,0.0067348121622133016
51729,0.02211011897058446
51731,0.04495351281061493
51733,0.0016447348440812419
51737,0.005396142377751117
51741,0.017464199651071603
51743,0.012462767721096724
51744,2.5460389322421903e-05
51746,0.0029310375017524014
51751,0.011968275527638777
51753,0.02077230400729533
51754,0.005426775078830625
51755,0.02343365664981322
51756,0.014560080454118631
51757,0.006356038265292268
51758,0.07626372473883228
51759,2.0719895127490916e-07
51760,0.007908939592638414
51762,0.009755157653588966
51763,3.5427592536118e-05
51764,0.004463275237128151
51765,0.003036496949510424
51767,0.019148089635419224
51772,0.07004616368260039
51773,0.021205219585201752
51774,0.09818301543297406
51777,0.015402867067944324
51778,0.1394088606050092
51781,0.09671597798635724
51783,0.08036810275034807
51784,0.053458343905097724
51786,0.14827181182468982
51788,0.1330502405827012
51790,0.0033842420396868237
51791,0.003036465898266548
51793,2.5558354483215772e-05
51795,0.006663785302600249
51800,0.00322325305306665
51801,0.0349885090474914
51804,0.00930549820343667
51806,0.04321060996448025
51808,0.03615340286786294
51809,0.12588148903768848
51811,0.0033111079549316153
51813,0.10323397815349193
51814,0.004092734891596682
51816,0.01800229450933157
51817,0.0029858781346887324
51818,0.012726998767717856
51819,0.003952572697117415
51823,4.3925628091657776e-05
51827,0.02327886997830161
51829,0.15434274726932606
51832,0.021612465761222728
51836,0.04667406273727314
51837,0.024121472043643705
51840,0.11420959727117469
51844,0.0036314019595734557
51847,0.03307048896442313
51848,2.2307468854439138e-05
51849,0.0006847979023399835
51850,0.12837564331482684
51851,0.00021538773110916064
51852,0.008495460534211635
51853,0.003987746691185653
51866,0.00011667746725601945
51869,0.0513542170430989
51870,0.0025439405589547264
51875,0.009279059289198286
51876,0.021583883994510705
51877,0.12482877088040716
51881,0.011585059710234945
51882,0.024204847518819038
51883,4.780473419549484e-15
51885,0.005566719900489585
51886,0.0028085829043548415
51887,0.11301027112308792
51888,0.008346351465049672
51889,0.00920783523626905
51890,0.0030604167940506163
51894,0.003429871873009618
51897,0.006576221781942712
51899,0.003456846714612278
51900,0.060856490122102556
51901,0.04241309511666878
51902,0.0035116727737648464
51905,0.006060377324592528
51906,0.03833361412173413
51907,0.005876353982406457
51908,0.0008491300445585619
51909,0.007443487988451242
51910,0.039818830850036444
51911,0.011868445016459669
51913,0.020879946965748818
51915,0.016172902730492135
51917,0.0044998438577946364
51922,0.023337306263717567
51926,0.018872910287830003
51928,0.0041240071345046555
51930,0.011604389372183627
51931,0.00330382092217102
51934,1.2086551540838543e-07
51935,0.14669434900708167
51936,0.12288656329753803
51937,0.061717694324142876
51940,0.002960372813311335
51941,0.0006434683589137954
51946,0.006773147920158586
51947,0.007808648207470386
51948,0.014983778438096755
51949,0.04905133054902229
51950,0.003947522680570219
51952,0.008588164904047695
51953,0.0009612994817786123
51956,0.015948630183972565
51957,0.0018919386136034382
51958,0.005261199252061567
51961,0.004458184575532004
51966,0.004189561419491268
51967,0.0202248282186172
51968,0.0509518972667703
51970,0.049507406489706106
51973,0.016447387749809087
51975,0.009950140367715183
51976,0.009984022179720196
51978,0.025573920122716517
51979,0.004972391204528234
51980,0.00462687174961305
51982,0.035793215530152384
51984,0.11667238620983728
51987,0.022268300811321057
51991,0.007956713519446431
51992,0.004155117347840715
51994,0.004793378710846658
51998,0.0061764747127945226
51999,0.020862971374665897
52000,0.10849590572850172
52005,0.037006505611543825
52006,0.04233246380615439
52007,0.00665328376385354
52008,0.02139383073917134
52009,0.006624672905590371
52013,0.007105396030311709
52018,0.07196206754337206
52021,0.08657323968494729
52025,0.005216255435686422
52026,0.003036480564707132
52027,0.0029335132879461175
52028,0.053704516523009914
52035,0.006408520423782393
52036,0.003999778264896146
52037,0.017803507392632655
52039,0.02754471498747254
52040,0.029116256534047504
52041,0.06884333074813784
52044,0.008029727227290291
52045,0.013241152237370482
52048,0.05287345105868817
52049,0.029142009022900695
52050,9.455704073377377e-05
52051,0.12573595472567814
52052,0.004289574109124805
52054,0.0033733514103614355
52055,0.002292308030768479
52058,0.01804508884343443
52060,0.03081450677830107
52061,0.006816876812283759
52067,0.00014805832348639762
52069,0.004062797074377818
52070,0.0023006045711055946
52071,0.00236785930916021
52074,0.0021496489572927686
52075,0.14191621113574426
52077,0.0008532528617053802
52081,0.005045411081792259
52083,0.00546176144395502
52084,0.021423760829728692
52087,0.0024560138494282725
52089,0.011661334225292929
52090,0.007640240069945668
52091,0.026094795874301364
52092,0.003101308392973627
52094,0.003782304122409582
52100,0.02230842604381714
52101,0.056113892319181055
52103,0.0003141743884940836
52106,0.02094846577161005
52109,0.0016957246345857832
52112,0.028652776815912422
52114,0.00219739583592061
52117,0.0022781042502885017
52120,0.04717589597691988
52121,0.009561041782899876
52123,0.045020590173312613
52124,0.006727232672790257
52127,0.0030364068341830557
52130,0.004771346954676766
52132,0.004787151192814233
52134,0.02391698035322871
52140,0.004620550838597372
52143,0.008936095120108185
52146,0.06727357576565376
52148,0.039794248443230394
52149,0.08246779490772507
52150,0.05972990241258145
52151,0.0035284845756692446
52152,0.005139696851840244
52155,0.14030989735980068
52156,0.035535652340492545
52158,0.0026986134984260325
52161,0.02351971630668391
52163,0.0032810835587278203
52165,1.785828806677665e-05
52173,0.0340197274354541
52177,0.04352508216534921
52179,0.009709198348943666
52185,0.07635380699377477
52187,0.0052653750737246255
52192,0.06746540789503057
52193,0.0028236581515640497
52194,0.0036509579453977543
52195,0.0038877055849966826
52197,0.00396726595887964
52200,0.0035574102128884204
52201,0.029310277478520504
52203,0.018528601000821855
52204,0.0066123577759957895
52205,0.03565423121527304
52209,0.003755292932534706
52210,0.024942579570795195
52211,0.01715983336842028
52212,0.0023916385173334367
52215,0.02123387788761733
52216,0.0023057924538602585
52217,0.0029215565945298243
52219,4.094068561149409e-15
52220,0.034443533859691476
52224,0.052361504582456
52227,0.007702611629682544
52228,0.004760200006052504
52229,0.021347046809292183
52232,0.014635736720524133
52233,0.005633069897862217
52234,0.005627329822622272
52235,0.026027489399909114
52236,0.02057189738888537
52238,0.02721940627585646
52241,0.008282643738385975
52242,0.012362453542838964
52244,0.005495064637818533
52247,0.04077034700697998
52248,0.002890327483975765
52251,0.020837576250522818
52253,0.038927670100947664
52255,0.0019268545296378947
52257,0.0034623910599918643
52258,0.014053502760546701
52259,0.003986624696685776
52263,0.06756226867023621
52264,0.008528520943125048
52267,0.0036423136059738253
52268,0.0009637523024008493
52269,0.0038827369665494593
52273,0.00875008735932718
52274,0.022714269801246925
52275,0.2150180304408688
52276,0.0001782568496713658
52279,0.05123125966985664
52280,0.00045225388517166693
52282,0.004176958561452091
52283,0.008681448102082512
52284,0.0005780833222079527
52287,0.0029558024736296893
52288,0.00304463634611819
52289,0.019261664344532154
52290,0.0016871780843242521
52293,0.0031214050709232094
52295,0.0009723590346811735
52296,2.468691371458186e-05
52298,0.010107172619256765
52299,0.009068777237156777
52301,0.0020940951160424034
52302,0.0003397832273155351
52304,0.005129687909665272
52306,0.024653276061579837
52307,0.02162973326987052
52308,0.022694493892561368
52309,0.00018328283274587873
52310,0.011080108504924307
52311,0.030033130856395505
52312,0.02865506973824479
52313,0.037247365861794834
52314,0.023856231576637358
52315,4.010407938243292e-05
52318,0.007313007557645405
52321,0.00525085438532011
52323,0.0006386452796072717
52325,0.04163054167812274
52328,0.028576855411433653
52329,0.005185319479149973
52333,0.006720176478316085
52335,0.09968990061259198
52336,0.03650757060974462
52338,0.00036012786614424483
52339,0.12588642101251118
52341,0.003171002796546221
52342,0.002153860925655515
52343,0.0033243231157289253
52344,0.08262177859893852
52345,0.004875338003021606
52347,0.05255587115381846
52350,0.04114573258476636
52352,0.018052224324887445
52353,0.0034301582122480832
52354,0.00430754519542056
52356,1.3915310183822692e-06
52357,0.025238829652490788
52358,0.044280958439567406
52359,0.040360971246930964
52360,0.031565376770302654
52362,0.08461526164846597
52363,0.015592220340318564
52364,0.004079875865863643
52365,0.006620076710424236
52368,0.13615413630471584
52369,0.0022460126905932175
52370,0.002237803251628754
52374,0.01982112597452966
52375,0.006460650095385765
52378,0.008374618269690015
52380,0.003044197587523756
52383,0.002255895305263545
52385,0.04429087916181169
52386,0.01586706819748488
52391,0.022874797985169813
52393,0.02450926254789965
52403,0.022172856866916783
52404,0.002892601261696074
52406,0.017014751038435114
52413,0.003724059160174563
52414,0.003857152375576038
52416,0.04740438504727809
52418,0.09401035663220912
52419,0.0024432011717531806
52422,0.015590356405622645
52423,0.004001561494918964
52424,0.10483983966635302
52427,0.018052224324887445
52434,0.0009144109089832446
52435,0.009835558574445917
52436,0.11743700202367396
52441,0.3154962958374983
52442,0.005600499735763345
52443,4.0253576828533386e-05
52445,0.001789716359493495
52448,0.003571850448926025
52452,0.020813172897664878
52455,0.11611431651363216
52456,0.003925815160886031
52457,0.01473506292065627
52458,0.12358954238062553
52460,0.007746793534197499
52464,0.007301604223639749
52465,0.006412498455267953
52466,0.04102615187932227
52467,0.00012897582214149307
52470,0.034631900454415
52471,0.03188561031056833
52472,0.0020065301026856866
52473,0.005152050260569714
52475,0.027974725211244833
52476,0.04530217182131623
52483,0.04536856143602626
52484,0.0030632008257219733
52485,0.22327202216952294
52490,0.04749705113451972
52497,0.002188732792045203
52499,0.003898020673957348
52500,0.030235516426372008
52502,0.028148303003230016
52505,0.03667073935524879
52507,0.11410013134832843
52508,0.03639456818081909
52509,0.004523971927107546
52510,0.005789852996652513
52511,0.05384524285396876
52514,0.003573444738019658
52515,0.0032159278107868183
52517,0.007301535675826277
52519,0.003479868864005325
52520,0.14264066642478243
52522,0.022241494836211285
52523,0.007005457983196404
52527,0.0036100477439021633
52528,0.009918653184456047
52532,0.0055939794717195
52533,0.003469168121389462
52538,0.0042744759089284575
52539,0.04435155341604186
52541,0.12487283104669748
52543,0.008487890682235424
52544,0.0463776766079567
52546,0.0173531220052447
52547,0.02452452911165942
52549,0.11405741418370198
52552,0.18771799026657834
52553,0.004646333213415656
52554,0.020173265796729328
52559,0.0023312727508741295
52560,0.003947376543270627
52563,0.0049263550126709505
52564,0.07048427710230144
52566,0.0023005714873626268
52569,0.0038738718545159715
52570,0.001732644171257837
52573,0.005113140794300113
52574,0.026019405392180155
52576,0.15190466422335935
52580,0.0030864061497414418
52581,0.05212983784346367
52582,0.06112055513440686
52585,0.03203442715802394
52587,0.0538353108327153
52588,0.1309561075249084
52589,0.015865961182229178
52590,0.012397290204029366
52591,0.027762930967844754
52594,0.002495120473663025
52595,0.03302163183247555
52596,0.09323092168367868
52597,0.029025457958225545
52600,0.039788821180417905
52602,0.07868358644348522
52606,0.009522243629452946
52609,5.373327407725549e-05
52610,0.0197193200735896
52612,0.02846532290941279
52613,0.006960845647056212
52614,0.08985678297981968
52615,0.0034624284101489006
52616,0.005413152770263869
52619,0.009072086609823182
52621,0.14197037520774017
52623,0.00470872232025983
52625,0.030330831852829723
52627,0.022709282876543814
52633,0.007971708788529224
52634,0.0030206004786907177
52636,0.0006996353875223815
52637,0.0030363938863314658
52639,0.1212095789921603
52640,0.006169280318799608
52643,0.005130282446503229
52647,0.017800939278060552
52648,0.04960145233078055
52650,0.0031534363177044803
52653,0.029605196660736414
52659,0.0004692614970288634
52660,0.004746704980899316
52661,0.04780219176407769
52663,0.023317336578766473
52664,0.0581374265770695
52665,0.01763813724416864
52666,0.08911640145552881
52669,0.028953811900362784
52674,0.11566781174912366
52677,0.024516060889004383
52679,4.619540949153485e-05
52684,0.04166612541899517
52685,0.006624165423530325
52686,0.015278353109440436
52687,0.023192478021246375
52691,0.11774564756178231
52692,0.10667072295202115
52693,0.004450165721752456
52694,0.0028678792989584433
52696,0.044957648101281215
52697,0.011368321851655464
52698,0.05513184040658513
52699,0.0005748252818582727
52700,0.004386599474978451
52701,0.08656234139426919
52704,0.004148644149476253
52705,0.005131329889230869
52710,0.004295349337385869
52711,0.005595015466509084
52712,0.0026132625484944637
52717,0.024054022996186666
52718,0.010253534988900106
52720,0.004965776153130223
52721,0.020607128085141698
52722,0.0054052551300689845
52723,0.0035363892424069327
52724,0.0039478986997888935
52730,0.02847058303661461
52733,0.0026998438908073462
52737,0.022003221465257124
52739,0.037131574785259545
52743,0.0038453756413466982
52744,0.02642397599130487
52745,0.002793430181025639
52746,0.0033360138165131276
52747,0.008402870961799477
52753,0.030908632051187497
52755,3.814424597720046e-05
52756,0.002728757921015893
52759,0.005243030244102057
52761,0.023344976501071795
52764,0.0010304245413435905
52768,0.12028239618541313
52769,0.004923559221299743
52771,0.00012050676979980328
52776,0.0030143507003381805
52777,0.0072788493391368276
52778,0.004093079241247874
52780,0.07478330294908304
52785,0.000655909652179906
52787,0.005755028987556744
52791,0.01668137342890213
52794,0.007455101225116601
52799,0.0038212110480021293
52801,0.01820961184488843
52802,0.007019035745819234
52804,0.052049632120340306
52806,0.11752773221319998
52809,0.09328629698338771
52811,0.12767110819030938
52813,0.0030015272822494637
52814,0.028959899217174435
52815,0.03474953779737663
52820,0.004076907658270337
52821,8.923373139618982e-05
52823,0.0014133482949731523
52824,0.022452605315743734
52825,0.00211244095126814
52826,0.008485674698891818
52827,0.10667562240111113
52830,0.004100602179656992
52831,0.01414188961065832
52833,0.12969996548016377
52837,0.004310386161061475
52841,0.0035392994933269987
52842,0.11976378462773371
52843,0.014126781477552957
52844,0.02336616872703119
52845,0.020161029701723822
52846,0.07196206754337206
52847,0.005521749984410214
52848,0.0034746985966600977
52849,0.0007120042691590845
52850,0.019467932060683084
52852,0.004029073367267431
52853,0.1082286543273786
52855,0.11212283367514816
52856,0.018342341623686736
52857,0.12004428386285368
52860,0.0017544532923546125
52861,0.007095659181729105
52862,0.015035642344362233
52863,0.0007886249969860451
52864,0.0009626452722318973
52865,0.011242763468331796
52866,0.03440527244408891
52867,0.0017390785070697812
52869,0.013355812337031358
52871,0.010147811975026058
52875,0.027489623595253195
52877,0.004068087108886958
52880,0.007937478673856618
52881,2.033845879797309e-09
52883,0.021756028151326712
52884,0.0012359446681031064
52885,0.02888605911145271
52886,0.005452216235747734
52888,0.0030255328101394083
52889,0.0030753676048017138
52890,0.030289784857354753
52892,0.003910608264994762
52893,0.004299614545080623
52894,0.006310142597732528
52898,0.0030724324325876176
52902,0.024194715612746887
52905,0.010979591405221445
52906,0.002411521279166846
52907,0.0050845952004023465
52909,0.0054742947871037305
52911,0.019274881091646705
52912,0.0018597374186167398
52913,0.009541859588322906
52914,0.11622742698787433
52916,0.0042751323807626125
52918,0.004964293054875183
52922,0.018146194427112225
52926,0.003188376383045026
52927,0.003944521856304955
52928,0.029596042446055463
52936,0.0015684867611997074
52939,0.0017059797527049314
52941,0.00031037679439399195
52942,0.021496693887262514
52944,0.0028407943028170195
52947,0.08833533446656243
52949,0.0026514399470002467
52950,0.01615436565418441
52951,0.0002634462929459277
52952,0.004174874101271655
52953,0.040226883566207315
52957,0.01963282425043759
52958,0.004482424817924973
52959,0.012134973552322357
52965,0.0051091977481292124
52966,0.00727322778606377
52967,0.0686581984376422
52969,0.0002163767882551939
52970,0.07493376170587002
52971,0.02626136159749947
52972,0.0023006045711055946
52973,0.01237135833262222
52977,0.004124082565989125
52978,0.0011736436606034632
52979,0.003933700525102337
52980,0.022350056599423077
52981,0.00588095693851899
52985,0.00035737016568685413
52986,0.05728628161429012
52987,0.009331181469394838
52990,0.045129963510293074
52994,2.1576211067850577e-05
52995,0.03595629649171566
52997,0.003608301290925145
52998,0.02209039581546266
52999,0.0018534714848376496
53001,0.039922485413075574
53004,0.012011285264412773
53006,0.008136558517994918
53007,1.3091681661973658e-05
53008,0.0388410010163864
53013,0.0029532626951725726
53015,0.007943304447014875
53016,0.014261700046988415
53017,0.10569591506521968
53019,0.12361312760889544
53020,0.006493458830612193
53023,0.0029862560289283502
53026,0.0032352926089779044
53029,0.028139991322591717
53032,0.009836317623544658
53033,0.010116755765588811
53042,0.071590446778728
53044,0.10020470494611569
53045,0.0005668134568681184
53047,0.046580232813761585
53048,0.0041335105562821965
53050,0.00335024291473975
53053,0.2894526327948589
53054,0.0026827912744556213
53055,0.026893043712075588
53056,0.0047461656573699815
53057,0.14371795377180124
53058,0.11588880712389468
53061,0.2846294722041832
53063,0.0041985922304935185
53069,0.037697898212574965
53071,0.020593396100520307
53072,0.011668745037460578
53074,0.0032615584491136984
53075,0.005453759590240482
53080,0.01776940110025887
53081,0.0034309385640683946
53082,0.006835711478531438
53084,0.005731642245629107
53087,0.09126077378124176
53088,0.07761006740424738
53089,0.0024711904537821653
53090,0.0023957766204769073
53091,0.003947372100134069
53092,0.021390219509087535
53094,0.010084531437518869
53096,0.04575692692877093
53101,0.030415560114411565
53102,0.04324884837673821
53103,0.020980746155283725
53104,0.0019355376934680345
53105,0.02856534215277589
53108,0.12339277275199609
53109,0.02475060240900934
53110,0.008179662779089759
53111,0.03520713942997479
53113,0.004652207107231693
53115,0.10813368908839742
53121,0.004247288406823838
53125,6.68144180042615e-05
53126,0.11558465803767104
53127,0.02398178086919408
53128,0.019716137335106628
53131,0.002995111114266341
53133,0.003017148039589365
53134,0.01531770277230809
53135,0.035908755949855424
53136,0.025574341730462115
53138,0.028367878229534575
53140,0.0038891486580640887
53143,0.0008002774825337015
53144,0.013964323448741892
53145,0.0025158649618537104
53146,0.00339616402567837
53151,0.0036770671534149544
53152,0.00015825977182351241
53156,0.016437978018522474
53157,0.003289333443947875
53159,0.020607128085141698
53160,0.0030302998483714727
53161,0.03719435449393369
53164,0.01917636449947066
53165,0.00036751958438337764
53166,0.005022954611597117
53167,0.00398173384878982
53168,0.009180807573012465
53170,0.01085819643690911
53173,0.009052306600611069
53174,0.030781785606178638
53176,0.006998547262268475
53181,0.006629741855957263
53182,0.029657418085919512
53183,1.966324707575028e-09
53187,0.15279887427472716
53190,0.0030137286953258445
53191,1.4997935249096956e-06
53195,0.03017626983123049
53197,0.004947188845819343
53198,0.006120986858679745
53199,0.004099118326328154
53201,0.004681097486782868
53202,0.002993250121359828
53204,0.003225740297612458
53206,0.057357948229926035
53207,0.0023006167792609337
53208,0.0029520250394868648
53213,0.003718141316362057
53215,0.023309654877796387
53217,0.02041894932958028
53223,0.10104136696154703
53226,0.0019440970276871472
53227,0.0034040836431942357
53228,0.13498132984491515
53229,0.1346132644224808
53233,0.1315909198045887
53234,0.13107991895852042
53235,0.003961793087211402
53236,0.006698285946734777
53240,0.04488269363623236
53242,0.04051604799877331
53246,0.013487557745265078
53247,0.052647254641595385
53248,0.020541507097463836
53251,0.003864753982168107
53256,0.02165760631997979
53260,0.00038102234032565824
53261,0.02239885263321544
53262,0.007899375605476081
53264,0.1028159102166608
53266,0.027817603558219658
53268,0.004620633392516383
53270,0.006537236683519938
53272,0.0027967299328247605
53273,0.02531484257351265
53279,3.616015030588934e-05
53280,0.0983427933866112
53283,0.028727393305846897
53285,0.014188622629159448
53287,9.246455467758066e-06
53290,0.003533302324427544
53291,0.1632461304371854
53292,0.007866607044890284
53294,0.005979911010720262
53298,0.011448328719832349
53299,0.00925360002741683
53300,0.013813269104265313
53301,0.0009045839671201755
53302,0.026035745430946024
53303,0.03108394554777264
53304,0.02970687023132514
53305,0.004470708767493399
53307,0.18230098935802258
53309,0.0009848618735660262
53311,0.018580143985218317
53313,0.08551739113846796
53314,0.0343183447791708
53315,0.01702257274820651
53316,0.008631910175200545
53319,0.002732608267894572
53320,0.0024552196377337276
53322,0.23997682697322772
53324,0.00023598966528542116
53325,0.02007124599397373
53326,0.00021958864202350126
53328,0.0004233733233075702
53330,0.003257085872157301
53333,0.018407445187228734
53336,0.13237066554351984
53337,0.00252746475075846
53338,0.006340924868820244
53340,0.0026827298785427663
53341,0.13393293818710564
53343,0.0016582810697447924
53344,0.006651216221644956
53346,0.029240525589506423
53347,0.008724332553226495
53348,0.007595647979539422
53351,0.004796126660858784
53352,0.14081969232962593
53353,0.004032492814296656
53355,0.010201235738430401
53356,0.009861039723718995
53361,0.002856687494626001
53366,0.0019493117536310068
53370,0.12456769882691611
53371,0.046914219072111546
53375,0.01164778803897843
53376,0.012315752056727592
53383,0.00600523951267609
53385,0.1348608084687236
53386,0.03223623491874314
53387,0.020941658678175767
53389,0.026432376828091814
53393,0.05400721545754766
53398,0.005007655345547148
53400,0.01220955516218244
53405,0.002865559314164404
53415,0.1363294087214409
53419,0.010027740009119851
53421,0.0037124122602889107
53425,0.007632859356082859
53428,0.00991824979964582
53429,0.002836021047728256
53432,0.0005145303159221547
53433,0.005718105159644186
53437,0.013778622833300846
53443,0.005191184296133816
53444,0.005856309965523506
53445,0.00861077852812735
53450,0.008558166900248956
53454,0.013126728968296406
53455,0.023479773259783905
53456,0.11733142104808351
53457,0.12859985177148212
53458,0.20640058943150516
53459,0.021357077210569148
53460,0.07948301906440973
53461,0.004426863035584069
53462,0.3234809204081634
53463,0.0037018503157414426
53464,0.026163276122072525
53465,0.15432754725866918
53467,0.05079739439449598
53468,0.006433228471437344
53470,0.006677113977050388
53471,0.00947805901423984
53476,0.03506067917996569
53479,0.021888443843089318
53481,0.006602604714088141
53486,0.01758696458771331
53487,0.02336840987055242
53488,0.00029288739261159653
53490,0.06659633874778838
53493,0.008682534214182728
53494,2.3961982119620985e-07
53495,0.032938439511522095
53498,0.006324889886022645
53499,0.023499256102714534
53505,0.06152950272808345
53509,0.003167815810780963
53513,0.07654250283085032
53516,0.0030363856941960123
53517,0.006020360280233189
53519,0.008748587687388286
53521,0.003694979885277038
53522,0.018349331053741445
53523,0.07869285066771965
53524,0.042254116902636155
53528,8.340975629490646e-06
53530,0.01370302174068129
53532,0.07703431164990662
53533,0.004622574629943885
53534,0.0030304864396147858
53535,0.01012189632725468
53537,0.01732058047954118
53540,8.593364239568082e-08
53541,0.04617733901169731
53542,0.007439689250825259
53544,2.0170474707108716e-08
53547,0.012257382821725392
53548,0.06827700869776776
53552,0.11739672109678642
53554,0.007055128595256811
53555,0.003462377805607087
53556,0.018071077208453388
53558,0.07622965438215841
53562,0.0033004049619110376
53571,0.001908131029812572
53573,0.01908958201895765
53574,0.059408233751103254
53575,0.005052208797510769
53576,0.021549727672557317
53579,0.09965154302604567
53582,0.0593047887645024
53583,0.007608874394976467
53584,0.019878732363412
53586,0.01662233533425562
53589,0.003979630081938919
53591,0.03423401441635545
53593,0.056152383911837
53601,0.12167044388135526
53602,0.033215865451285194
53604,0.004115572469010856
53608,0.005698687355395628
53616,0.02683313318164603
53623,0.03998404259870901
53624,0.0058345356953274155
53625,0.04787509705925591
53627,0.015468538687915985
53628,0.0011171943237185318
53631,0.004341017413238418
53632,0.023673307414841867
53633,0.006550216504554793
53634,0.09429519946827761
53636,0.016794536151091787
53638,0.061415548884258146
53642,0.15041452329050864
53643,0.001057694455613116
53644,0.05413763621780905
53645,0.025619131332732477
53646,0.0020452169777385675
53647,0.0879134971632662
53649,0.04502686698302283
53650,0.03682311527397652
53653,0.0030838077919885395
53657,0.003695021201054761
53658,0.04044554718044498
53660,0.014876835393711754
53664,0.003145983006553145
53665,0.038890380833947934
53670,0.0390851719554967
53677,0.003960858153969517
53678,0.0012653520998730866
53679,0.003947276729561885
53680,0.033025043733911054
53681,0.0019917853486141573
53682,1.154890131575038e-05
53684,0.015161905391120823
53688,0.03143170460167425
53689,0.018052224324887445
53690,0.0334665052201136
53691,0.010270802469684533
53693,0.06027237119915838
53694,0.018119767560994416
53695,0.012579792484564015
53698,0.019657451267776505
53699,0.1857056669926922
53701,0.0009905361853760114
53702,0.0034622284095638823
53703,0.004021778229608726
53705,0.06174643947613578
53708,0.03436918113897911
53709,0.003573102677145178
53713,0.016581624628739217
53714,0.004436022862350328
53715,0.007885091578168994
53716,0.04637999556806284
53717,0.0001645567384034731
53719,0.006087520774270581
53720,0.10789662141694831
53721,0.02843888096081227
53727,0.0364234278661463
53728,9.44633690578265e-05
53731,0.004896104763450287
53732,0.0035108666675974106
53735,0.03354611726281073
53736,0.00712878119202864
53739,0.023693246659310174
53742,0.040675806708448226
53744,0.0016939408093702274
53745,0.055088412541948246
53746,0.04602975443555013
53747,0.00775581703207902
53749,0.006408756377601159
53751,0.000512481542198425
53752,0.09109444228340002
53753,0.03614019114323181
53757,0.0007065480289717215
53761,0.00723995618040077
53763,0.042309021794859965
53764,0.0486965925680005
53765,0.00351448697987627
53766,0.0019843958373334685
53767,0.00276626460577634
53769,0.018532795711867684
53774,0.004088950809912118
53775,0.0057861623974331654
53778,0.026746053590006116
53780,0.02178372006184978
53784,0.005490184727870074
53787,0.03736125257284464
53788,0.00874977247721025
53790,0.03793952142007793
53791,0.004163269998390873
53793,0.015154155735040756
53794,0.02714406748295622
53795,0.0652520664146123
53800,0.005178531919165984
53801,0.002146817692777064
53802,0.0030364723723385373
53804,0.010236524590266348
53805,0.1473917579609561
53806,0.03478665197332398
53808,0.030289784857354753
53809,0.07493048274240618
53810,0.012198926916076205
53812,0.01532997737153197
53814,0.004753022099017207
53815,0.0014452106803819437
53818,0.005854588597212134
53819,0.002467317860912442
53825,0.003036467616542098
53829,0.059818265949563965
53831,0.003681964567360311
53832,0.004171184686220096
53834,0.1347775065831552
53835,0.007100229512757179
53837,0.029776704130864123
53838,0.006548854152367915
53841,0.028949741937224677
53843,0.044728802624588795
53844,0.026198043311814963
53845,0.005591810671149415
53846,0.07587513371708636
53847,0.003264841608788467
53850,0.005090375170077668
53855,0.0059095833652634275
53858,0.0001401895081802901
53864,0.00016538636420042202
53866,0.013136956808565834
53869,0.003552159186289414
53871,0.03218993587529369
53873,0.03396478508674327
53874,0.002331115599829186
53875,0.024186742490186208
53876,0.005914510441361907
53881,0.013639314605960838
53882,0.010149533902006114
53884,0.003565287510778231
53886,0.006143993326808254
53889,0.004599581922305265
53892,0.02883465635189731
53895,0.06864849610035316
53896,0.031712345228623866
53897,0.004301117183212439
53898,0.005747211548333096
53900,0.021664240164590596
53902,0.08922152893812385
53904,0.003953858454977827
53905,0.025605324991496443
53906,0.05456362455119957
53909,0.0056354183442954104
53910,0.006692251575867392
53913,0.1255858061818725
53915,0.04259307907671161
53916,0.002464788917531439
53917,0.0010581889647649709
53918,9.404311467258633e-06
53920,0.003791739376055854
53921,0.039406889390113956
53923,0.12926160923598737
53926,0.0015626761297968276
53935,0.002020912751558462
53936,0.0031679600239817043
53939,0.0003446817692163021
53940,0.016676223983876227
53942,0.006059769906383391
53943,0.004137525981936913
53945,0.06678525361125476
53946,0.07035523020239037
53947,0.04429013920931117
53948,0.014288993560611678
53949,0.013619349990439122
53952,0.0037635930766820183
53957,0.02133657432724921
53962,0.08035305599416585
53963,0.0013071324827141873
53964,0.03387902884868501
53965,0.12674620720204646
53966,0.007143702793857586
53967,0.0032324002301400427
53969,0.020428244330338154
53971,0.01543709610781453
53979,0.007375335802325525
53981,0.007948706655149457
53984,0.005813549269271509
53985,0.047435661261517874
53986,0.07191886350834285
53987,0.007731305675459172
53988,0.1387914386868842
53989,0.003169858293277406
53990,0.0013848044410881327
53991,0.018933825422609095
53992,0.002986232319508815
53994,0.008603796833728984
53997,0.004640613947390362
53998,0.00513269213813235
53999,0.028779501807428113
54001,0.0029355548323322903
54002,0.001660163249697206
54003,0.024011522788489722
54008,0.003036465898266548
54011,0.004500061182186564
54013,0.0032460015497789946
54014,0.05952990502438976
54015,0.00589888374752303
54019,0.001501884345039776
54020,0.0045886535918589905
54023,0.0003938461886815361
54024,0.0011908045688845189
54025,0.08073453983203138
54026,0.00529417937014502
54027,0.026068796606406458
54030,0.021228800331535853
54032,0.018908973649396477
54033,0.0029962666189095803
54034,0.12766864242570716
54035,0.005587030601125376
54036,0.005861541313317577
54038,0.0116308693414174
54041,0.010254882401712715
54045,0.004048843874053663
54047,0.0028601019006106857
54051,0.0038455346388957578
54053,0.03323989426130818
54058,0.13449404885604677
54059,3.383233187841754e-11
54060,0.003916481000402004
54061,0.020607128085141698
54067,0.004570738531834608
54068,0.042147700573707106
54070,0.0273447617387548
54071,0.002292046364910431
54072,0.0038969641230668654
54073,0.0001323137506845531
54075,0.004920668661287525
54079,0.02535943165338776
54081,0.004055214590832138
54082,0.0002496808123280691
54085,0.01853483331041165
54087,0.020894645403895913
54088,0.010927453093410883
54089,0.09800991790074444
54090,0.005827107742816177
54092,0.005674008966118428
54093,0.08911946385370831
54094,0.022866162603586367
54095,0.01471080716243291
54096,0.03167456930188207
54097,0.006580143082829107
54099,0.08179509405790626
54102,0.08587806742034398
54103,0.00567335548746233
54104,0.005987481584781267
54107,0.0481870618728122
54109,0.0598678956388424
54110,0.003550462498160441
54111,0.004687155151216234
54112,0.12342479366390863
54113,0.029288966174568318
54115,0.061875354298273136
54118,0.01952756078443768
54120,0.004665106327995937
54122,0.013797319116792257
54124,0.08772629147792374
54125,0.007651415839032502
54126,0.043240264339722216
54128,0.09357785935141173
54130,0.036766768561830754
54132,0.02718190618235682
54133,0.05580791900788814
54134,0.001127479813526207
54135,0.0044392556545381915
54137,0.003615954248349201
54139,0.008738573357164938
54143,0.0008543660797024767
54144,0.0012710591260162011
54145,0.0012560881650379673
54146,0.025873794969685688
54147,0.02240091031616242
54148,0.0042046132896760525
54149,0.010201603466208034
54151,0.001878290752597827
54152,0.0034626972512446664
54153,0.0019729524108349286
54154,0.0066672063704300705
54155,0.13961001484587637
54157,0.015483508363779899
54158,0.0032459087471418797
54159,0.013614083092423231
54162,0.005721981285549381
54164,8.795115810411142e-06
54166,0.0034182879702743833
54167,0.01919308051389125
54170,0.022226684181914015
54171,0.004391571894658859
54175,0.004926664113323877
54176,0.02518405525662259
54178,0.016162267485584816
54182,0.0037257471153231605
54184,0.0593232832714617
54188,0.009502889489139231
54189,0.12519749534300267
54190,0.004203547031526936
54192,0.037034378663377165
54194,0.049273165487106974
54196,0.06879010059337912
54197,0.232036364584675
54198,0.0012359446875794629
54202,0.0022742026608364024
54204,3.440553087192776e-05
54206,0.0030726838680481105
54208,0.02835515589700871
54211,0.0030307049093844713
54212,0.00819194665847966
54213,0.003462335035509134
54217,0.029184568793656288
54218,0.0002340052941962975
54219,0.05287345105868817
54220,0.1765185913383201
54221,0.004070364326153679
54223,0.004442977880685123
54225,0.0045205788187451185
54229,0.021166509063158992
54232,0.010470072520796299
54233,0.10110921902262501
54234,0.05324870972973722
54236,0.02452325581969023
54237,0.006252453312885286
54239,0.03270319521998917
54240,0.022118244000046354
54241,0.004695713586315325
54243,0.01304814555771742
54244,0.003033725952548043
54245,0.014322835941061282
54249,0.00934202445410493
54252,0.006811938570560946
54254,0.018052224324887445
54255,0.045292637018961114
54258,0.07768402324879915
54259,0.003711132389937455
54261,0.002840353878023962
54262,0.0022097563508299166
54265,0.02274167232120632
54266,0.05381447956017584
54267,0.03053145475087409
54268,0.01891471848140954
54269,0.13292239332934733
54270,0.04912394260105782
54271,0.027964840382230433
54272,0.015433999391275141
54274,0.0008581960985635927
54278,0.019323421513344714
54280,0.0015580989334409003
54281,0.02518784737461216
54282,0.006164785073543893
54283,0.013888066213191868
54284,0.12620085542236997
54288,0.0034256494933694167
54290,0.006021996557870111
54293,0.02948939848748715
54294,0.0058370810885130546
54297,0.0039000035681265427
54298,0.013271457221577973
54300,0.0020848917040467044
54302,0.11465534491109713
54305,0.015545646888850613
54306,0.0619054834591041
54309,0.1459391690460239
54310,0.003859591576172308
54311,0.04437763785302755
54312,0.007880578013712461
54314,0.02468751726639816
54319,0.18885680070079439
54320,0.12773149243210363
54321,0.02093304509076965
54322,0.009521436295505184
54325,0.007724934864213937
54327,0.0031143063151650055
54330,0.01754030504346508
54331,0.0040716266626446024
54332,0.007449467154922393
54336,0.03991868474088202
54337,0.0297210308683732
54339,0.06584867353384816
54340,0.004165130285767562
54341,0.015943952492066402
54343,0.12820702153056862
54345,0.01613397774275765
54346,0.013775428973230404
54349,0.024228842182676586
54351,0.012299050304648708
54352,0.007523792087311952
54353,0.026562037114747326
54354,0.09108812099579182
54355,0.02494364040454898
54356,0.01411532508293421
54358,0.003426110958482266
54360,0.028328082269050116
54361,0.009273785774100351
54363,0.02872201729275452
54364,0.02714406748295622
54367,0.016949910934163
54368,0.002617470659226211
54371,5.878637907834088e-08
54373,0.07110961165972993
54375,0.03628736667068271
54378,0.013281893250294283
54379,0.0030365495410917174
54381,0.004513110411773078
54382,0.009052752375685971
54383,0.06507440050983229
54384,0.006381061957562924
54388,0.019580344806435553
54390,0.14166021431029546
54393,0.004421175410685664
54394,0.0002928805362832166
54397,0.04994797695118679
54398,0.00394732355927666
54399,0.002621000519971172
54400,0.15087006499697572
54405,0.11204655293679557
54406,0.017497152558488088
54407,0.02018712036946548
54408,0.00490363133345707
54410,0.0037035440950283034
54414,0.024104785465667748
54416,0.02865329549140615
54417,0.003353389968082492
54423,0.018052224324887445
54424,6.742056884846277e-08
54426,0.001841091068171322
54429,0.014367693153272949
54433,0.13174976109592218
54435,0.010071546820743214
54437,0.002854617933252333
54439,0.0022355102752440142
54446,0.005016962095103291
54447,0.0046063401235017344
54448,0.013096351082506664
54449,0.005655224847262037
54450,0.02176354833362717
54451,0.05631103928179259
54453,0.0051067316384207015
54455,0.0018867371160130146
54456,0.1410431905809396
54462,0.03794897105196944
54463,1.9672062417495798e-05
54465,0.00606729336668731
54468,0.12462471986077268
54470,0.0018039042146161693
54471,0.004360435220435433
54475,0.10010338038301272
54477,0.004038719965413104
54478,0.0025886701045725906
54480,0.0048990036124158245
54484,0.15666122842525926
54486,0.003462323739760075
54488,0.06585684163328627
54491,0.012365161533163227
54493,0.05405877624314143
54496,0.06626517807573512
54498,0.04310672502290083
54500,0.0037908951266109833
54502,0.0015573082728961751
54504,1.5079623928665022e-05
54506,0.002995999532959665
54509,0.008280605823544668
54510,0.0005594523094349239
54511,0.03298081795580715
54514,0.0008735361775960916
54515,0.0038910566406740823
54518,0.05543742770394998
54519,0.01202627728370021
54521,0.0038665777150462127
54525,0.1348608084687236
54526,0.09963994287539538
54528,0.002253254432543424
54529,0.0029937476879767972
54533,0.017079765869150377
54534,0.008878804143299182
54535,2.799561558397606e-07
54536,0.03774341729827335
54537,0.009244891834096948
54538,0.024165787015009627
54539,0.11496951633618427
54540,0.06842307582772744
54542,0.023174853661324882
54543,0.0034928679422750017
54544,0.005129368761517166
54546,0.00444481027970584
54547,0.13775083347676192
54549,0.004869038137993551
54551,0.011047952623751724
54552,0.005516096398150651
54555,0.01603320739927671
54561,0.004084636937260485
54562,0.029699238860646196
54563,0.0272457627226487
54565,0.009881680231741736
54569,0.020491771009653204
54574,0.1277247503612829
54580,0.03257412892387056
54582,0.030056826367493187
54584,0.005763994538216169
54588,0.0029609488321441437
54591,0.011277307593418596
54592,0.0036352498404076746
54595,0.003164532036797758
54596,0.012438769569145117
54601,0.01964783202489292
54602,0.14900023070260382
54603,0.0041078429508459085
54604,0.024141597172969848
54605,0.006326288788198576
54613,0.018052224324887445
54615,0.011221516705167297
54616,0.011852483358042258
54617,0.044107385976942415
54618,0.024403679146567877
54625,9.117526647411852e-06
54626,0.008858129829899907
54627,0.007080570248116135
54628,0.019107358126881097
54629,0.07989293593473941
54630,0.003140542138587035
54632,0.0029959486402295547
54635,0.007858292339894364
54636,0.0013343712167689955
54639,0.017829074217016908
54640,0.004111801182474137
54643,0.01026957983349869
54646,0.004559579998191503
54648,0.05609497646570505
54654,0.012614573040513596
54656,0.00458867446324138
54660,0.0162451819235901
54664,0.004487625127012408
54665,0.0351946433181706
54667,0.1167356217214591
54668,0.006877816328010125
54669,0.0021061870392387527
54671,0.03286164847401552
54673,0.05695122074601957
54674,0.00017480912165495935
54675,0.0028310738131677045
54678,0.012128013147770534
54681,0.004434219286332761
54683,1.2809428652986564e-05
54684,0.07985812425895847
54686,0.018385231200932967
54687,0.06791493931763146
54690,0.023965633901221004
54691,0.001124264186602431
54693,0.02663608782526632
54694,0.0032996512452204843
54695,0.0023991995760707257
54697,0.020471097141255393
54698,0.016456659390692723
54699,0.0023915476582763726
54700,0.02894550573794879
54702,0.014517878307387568
54706,0.038195808343455255
54707,0.009475091899125095
54708,0.034647972980685414
54709,0.006004994924917311
54710,0.008409443761656445
54712,0.006877439662116599
54716,0.0030100066758310413
54717,0.0028398770959865947
54722,0.06059216332035978
54723,0.013193722564292323
54724,0.021919968407973302
54726,0.058623279407855576
54727,0.014407469059247138
54729,0.023462498627104547
54730,0.013841620506192233
54732,2.5636294838824613e-05
54733,0.002697276541443978
54734,0.011838451005974223
54735,0.03255486299007615
54736,0.13359326773313854
54737,0.0049053412504701565
54738,0.006572330595151782
54740,0.004500148231310803
54742,0.023401756586919682
54744,0.0015694466935742854
54745,0.011793970804074811
54746,0.001977089463733461
54747,0.00260899118192196
54748,0.004255793385672923
54750,0.0029495771804353872
54753,0.1136723963456468
54757,0.00220932476518962
54761,0.051135994563202995
54762,3.549568410190299e-05
54764,0.001749491015868498
54768,0.0025705673622714188
54772,0.13176694819943652
54774,0.03159608826397632
54775,0.02931393155208996
54778,0.0025374256328313323
54781,0.09854047700055037
54782,0.0879134971632662
54786,0.03685390683275236
54787,0.023361082257052572
54788,0.0027074223017676804
54792,0.0664262233099327
54793,0.006623100509538411
54795,0.00281490601800046
54796,0.004701811216300878
54797,0.019568484459323805
54800,0.007218528772927885
54801,0.017179906932733687
54805,0.006676965637503027
54807,0.005222820993088231
54808,0.002210082977644745
54809,0.016397514745947552
54810,0.004417067058104481
54814,0.002922162808020058
54816,0.08613307855414074
54819,0.0006747648921552146
54820,0.04572604261291355
54821,0.0044999766659037325
54823,0.002965122795594837
54824,0.01318053476594912
54826,0.03272341559934795
54827,0.03852037653624449
54829,0.1093463801133828
54830,0.006165536960386277
54833,0.0042023069585488335
54834,0.004580618872767136
54835,0.003928009372404516
54836,0.1441047814816363
54837,0.003196268123556225
54838,0.001991826141159703
54839,0.022393315256785635
54848,0.006192685628459856
54849,2.4975897765640742e-09
54850,0.023376160088197512
54851,0.045834239862787056
54852,0.025877109899445746
54853,7.758529397977845e-05
54854,0.018052224324887445
54855,0.023462498627104547
54856,0.02348231576524815
54857,0.012596062428087647
54859,0.060305689607605316
54860,0.0006047134908542349
54862,0.0065217388461796975
54864,0.0316341294969311
54865,0.10834696710908502
54867,0.013380977570834339
54868,0.011196423053109581
54872,0.0036373554858972566
54873,0.0014330535106275122
54876,0.10247588010314404
54877,0.0059115180931501345
54879,0.0282464994093466
54881,0.11851175291354622
54883,0.05892778735336323
54885,0.01760101058008061
54887,0.06389594636480135
54890,0.024945761872420424
54891,0.018052224324887445
54892,0.014192267869526983
54894,0.04223151492666725
54897,3.485646838221997e-05
54898,0.002482623541854157
54903,0.12578061989340328
54904,0.03013008146420969
54905,0.05091830306202158
54906,0.005411606003744315
54907,0.00014357676479125723
54909,0.009195080672609657
54912,0.008728259384402845
54913,0.018052224324887445
54916,0.00794121938961439
54917,0.007569455418688832
54918,0.0032586924903943194
54920,0.006147380897980953
54922,0.004360757202951426
54924,0.011173188688312168
54925,0.0356946387731496
54926,0.1847095757141076
54927,0.03577666177778346
54928,0.024917664056630557
54931,0.10156849337844708
54932,0.010476517572429216
54936,0.015128163134457242
54941,0.013425878043499784
54943,0.002272168230860554
54944,0.0029863791586879395
54947,0.05548624543338561
54948,0.007934508384251547
54949,0.0024868750167854337
54951,0.004130919022053992
54953,0.10160785919580355
54955,0.006984075843778968
54956,0.022319734599144405
54959,0.005630736265049959
54961,0.026732296221040293
54962,0.10103933943159606
54964,7.329351926809997e-06
54970,0.022447692382346163
54972,0.021280301350910195
54973,0.13950828562108317
54974,0.01464771957260138
54977,0.004290011298440097
54978,0.007196148834929587
54982,0.04083294463941554
54985,0.044264248842407476
54986,0.017169431565635853
54988,0.00533070551914545
54991,0.0736344860336913
54993,0.022790806905905854
54995,0.005213261353082676
54999,0.022196965795814694
55000,0.00810997538531564
55002,0.02763421908240228
55004,0.003956392469129507
55009,0.03909301963347288
55018,0.12646407239670374
55020,0.025422336682879684
55022,0.024609618684584066
55024,0.02898212117790719
55025,0.024880170085271363
55026,0.012693385996346297
55027,0.003339112641810184
55028,0.026605894985366252
55030,0.004924538311203617
55035,0.005985166759230392
55036,0.0052683200175029695
55040,0.06731654024238522
55041,0.06616012934006293
55048,0.0037760720118606363
55049,0.0006119169756438224
55050,0.07236300442696009
55051,0.004855766830719774
55054,0.014067364039223818
55055,0.0028571414578322323
55057,0.14469594956659657
55060,0.0037020946951856443
55061,0.0025879101974298105
55062,0.005517619818465606
55064,0.08882509202560189
55066,0.05396330277100383
55070,0.037214715978558265
55071,0.006088096177379178
55072,0.005699776394547243
55080,0.11827857731654491
55082,0.04057515518736852
55084,0.0022247499342996978
55085,0.07752039741148273
55087,0.025602108660797568
55088,0.017187002477445854
55090,6.175461947735546e-06
55091,0.018885060415722642
55092,5.390186301885454e-12
55094,0.023743546248450906
55096,0.06703126797401898
55097,0.07196206754337206
55100,0.00015710495761283685
55101,0.011909125699110935
55102,0.027581346787838443
55103,0.00502495616094233
55104,0.08904412421553827
55109,0.003527912543925529
55110,0.025401603278079995
55111,0.0037837745350862537
55114,0.030289784857354753
55115,0.1542808982274424
55116,0.00822693976039514
55117,0.014415575337965867
55119,0.08085468664446484
55124,0.04467985846214073
55126,0.10814336221435246
55129,0.06053972766025071
55132,0.00016546253059851143
55133,0.00018162956454752802
55138,0.013694049465812236
55143,0.013738174197553897
55145,1.7359372741916496e-05
55146,0.020645715586581383
55149,0.008021307220057452
55150,0.001290824464487503
55151,0.004429394368752039
55153,0.10650677982952056
55160,0.11653576821291349
55161,0.0034655475757063474
55163,0.019170684493814684
55166,0.0028991523377387154
55168,0.001904759621753203
55169,0.0047424240550006085
55172,0.0536752844768949
55174,0.08980763720233538
55175,0.00013901347247548582
55176,0.053626813961997956
55178,0.038548935206068245
55179,5.9202053929826105e-06
55182,0.02109273920064462
55186,0.09912157123628945
55187,0.012316387965449675
55188,0.003947255536413082
55192,0.1464495095825157
55193,0.04683500836773847
55194,0.005147756967350445
55195,0.030096514342069697
55196,0.01562480207413469
55197,0.003947395515485766
55198,0.004711350602306459
55199,0.0034624190725720014
55201,0.019469856729954264
55203,0.007066371239422478
55204,0.007567374116174994
55205,0.019663757820476465
55206,0.007466834516436672
55207,0.004071537921842792
55208,0.15110441218018114
55209,0.1251609671794236
55210,3.454591339975073e-05
55213,0.0969416255905971
55214,0.05286470303148519
55218,7.325634684120366e-05
55219,0.01202465350008486
55222,0.009118655860944186
55223,0.018253042260856486
55225,0.010702143475044322
55228,0.006569774333384532
55229,0.004919724167668523
55231,0.003988011686421141
55232,0.0026381884236810517
55233,0.12599441110420656
55235,0.030358468627839807
55238,0.022093045843940378
55242,0.04473954064710959
55246,0.07833236076379388
55252,0.01204057513334262
55253,0.03453473246597651
55256,0.003314384582007217
55258,0.011116742759040588
55260,0.0011394599995724938
55261,0.0038343962134879785
55262,0.003963933471687871
55267,0.006302149292195968
55269,0.017252251065129346
55270,0.028234281199420688
55271,0.006213391833041719
55272,0.003943188978616866
55274,0.049248120805451656
55275,0.007868545217247513
55276,0.050428072341937594
55279,0.021262972826669963
55280,0.003438737598262798
55283,0.003340492226636302
55288,0.13466815183809777
55289,0.003091040983505218
55291,0.004925078425238359
55294,0.027669342200088723
55296,0.004794696202539285
55297,0.010186344636512405
55299,0.003947276729561885
55303,0.00020902446149120363
55304,0.010041586839462343
55307,0.023165410792609028
55315,0.00983099205069656
55316,0.014359225197704615
55318,0.12218173353025243
55321,0.005092102550632849
55323,0.007503978104178025
55325,0.11259856478562916
55326,0.004398698986536144
55327,0.029245610250793527
55329,0.0004538921042015538
55330,0.0031148734850108693
55334,0.0036837677175037085
55335,0.006495883241866662
55339,0.026627050915636462
55341,0.02083928564156701
55343,0.002996731221301184
55348,0.005537415412306842
55350,0.00413176887221867
55352,0.002180103374927964
55353,0.0005832798208058868
55354,0.004110632962668806
55358,0.0038389865243121774
55361,0.08939995978209128
55363,0.10632495286837952
55365,0.014724846304782909
55366,0.04923018029883716
55368,0.0032764581996963
55373,0.0022067203065803277
55377,0.04791144936625283
55379,0.003130080940746816
55380,0.0030765021699815254
55383,0.024725339864210404
55384,0.030822431762361057
55385,3.0892039026534728e-06
55387,0.0029906697313377877
55391,0.0007122961546710208
55393,0.008681329177909354
55394,0.05455965197249809
55395,0.0017008425890339839
55396,0.004077690316430388
55399,0.008905805399351676
55401,0.05273062504574117
55402,0.002617078790256598
55403,0.003771439476597828
55406,0.08199724054511505
55409,0.0012481149419110772
55411,0.04047635568922489
55412,0.10648194627879298
55413,0.01552456469727853
55414,0.0039957844159230795
55416,0.005099598423020438
55418,0.014380956647632807
55420,0.003453710745578806
55421,0.008813505452659439
55422,0.013603497821223581
55423,0.005674194116025449
55424,0.0029090427359932092
55425,0.021216966808933452
55428,0.014916466382171253
55429,0.04033096558913656
55430,0.003921707572808684
55431,0.006840940021731375
55433,9.224459358297208e-08
55434,0.0042443269312555385
55439,0.1460534124054728
55440,0.07607510919566865
55441,0.0024079848453640207
55443,0.0013604936818009774
55445,0.005129525780558314
55446,0.020607128085141698
55447,0.0025790346323293412
55448,0.0058909922922852995
55449,0.046965930089504726
55450,0.002836121883639925
55452,0.026775421749259207
55455,0.04221680886346761
55457,0.051570036298189965
55458,0.024865412369449877
55460,0.009573723950257053
55461,0.0027820231264819055
55465,0.07333075215210015
55466,0.03138742491636412
55470,0.0026350545218838456
55473,0.10300357017998815
55474,0.1160887090061014
55477,0.0022879174590111962
55479,0.07405424501545507
55480,0.08073453983203138
55484,0.018722760016765642
55485,0.01509810722491024
55487,0.10406412050405807
55489,0.002728512537227578
55490,0.12275445653781597
55491,2.9344839179828843e-05
55494,0.006630722473597406
55499,0.004180488268744431
55503,0.03788901479372528
55505,0.0059284683153546895
55506,0.059554092074223144
55508,0.050145582710139365
55509,0.0042528495300071835
55511,0.000834564964539078
55513,0.013987769810052083
55514,0.0031943462199257875
55517,0.018374166208815285
55522,0.0034784617447439193
55524,0.03358359467605014
55526,0.0035973488836989753
55528,0.00027756628651363566
55533,0.0065301379909196095
55537,0.05633455888973429
55538,0.009571816303362062
55539,0.0024035680398832946
55540,4.659499048873952e-05
55541,0.007782943024180481
55543,0.009305462005824817
55544,0.0046508751727005965
55545,0.005587052336480371
55546,0.005110848510022625
55547,0.028432435006083435
55548,0.011344500850000192
55551,0.008212811330335978
55552,4.999772719812796e-05
55553,2.4456981919445604e-06
55554,0.014107631056629337
55556,0.028456947710784268
55557,0.005077411783974664
55558,0.05738797605508511
55561,0.0033085744884570733
55563,1.2118732858520276e-10
55565,0.02991278219535764
55567,0.06659633874778838
55571,0.03582792952040851
55576,0.035134340582443725
55577,0.0025926556681677352
55581,0.005132632698306597
55582,0.009854849422597652
55586,0.003100383141033347
55587,0.0037781555641703017
55591,0.153174667456543
55593,0.0030537586570985676
55594,0.004904264449034593
55596,0.11794503940641496
55598,0.006844987893303686
55599,0.02702076544741524
55604,0.00371254073856306
55605,0.008790595647496765
55607,0.08688977648076458
55608,0.0034331528322329896
55609,0.005063222298361008
55611,0.021270645951214456
55613,0.009884158597422598
55618,0.04180958789662486
55620,0.03465913512415868
55623,0.0896411736381703
55625,0.0031352400130042726
55626,0.004084627921674056
55627,0.0010030163546150635
55628,0.03249855052353718
55630,0.014272945663362077
55632,0.008360665476583328
55634,0.0033908172955236992
55638,0.0024353384969272563
55643,0.002867413634264956
55644,0.00660055198709031
55646,0.004976916161907118
55648,0.028192903168660854
55649,0.01763177736451779
55651,0.00841276397837101
55653,0.002112782558194576
55654,0.07973517746748217
55655,0.006334167940802252
55657,0.007197955002578459
55660,0.0049263550126709505
55664,0.004812925010692733
55665,0.0040999275143368714
55666,0.0024111343713444588
55667,0.10208624569663058
55668,0.014847461428096448
55672,0.05258598720967992
55673,0.014863347904428942
55674,0.016807790313668403
55675,0.004232788668079452
55677,0.010031099892573022
55678,0.0008403672189250066
55681,0.12417980392263123
55683,0.01357738165456782
55684,0.106779517320529
55685,0.0034088149781350907
55693,0.0045671127306585796
55695,0.08092675117663252
55696,0.006494990974823058
55697,0.0129248869799182
55698,0.04092889739986857
55699,0.008727302334317974
55701,0.004021794582836233
55702,8.931764347872462e-07
55705,0.03146518149004733
55706,0.14599596670383813
55709,0.021630921988897038
55710,0.026155921626323072
55714,0.10981048003705526
55716,0.000805406334338723
55717,0.004468592984652835
55721,0.11019308663155536
55722,0.01283645443965473
55725,0.016161476395872627
55728,0.0017104564642180856
55730,6.993037766867559e-05
55731,0.030895474108869992
55734,0.008930814877242836
55735,0.009051259491678433
55742,0.023750962519315764
55745,0.007572109377947838
55746,0.1250548439407311
55749,0.0025250407228868976
55752,0.025352322928324268
55753,0.00508910600844748
55758,0.0027375366489413105
55759,0.0071435511963554715
55764,0.0044802012763061165
55765,8.676772638716066e-05
55767,0.0005053819419940116
55770,0.014010325142302478
55771,0.005033562916094814
55772,0.07196206754337206
55773,0.024211989586921955
55775,0.0019287983006842332
55777,5.1723200034746606e-05
55781,0.005634155598355709
55784,0.09123589073943525
55786,0.1253095488496393
55789,9.313850665526889e-05
55790,0.012175522515386035
55791,0.00460466969539987
55792,0.0346349986633214
55794,0.01868977546598632
55795,0.005149005780596695
55797,0.015356294055651917
55800,0.0009204500808625871
55801,0.030983489136118873
55802,0.0034807081330530884
55806,0.00412855720584341
55808,0.046882798090070114
55810,0.0029736571816319553
55814,0.012911335303426991
55818,0.11210272084935828
55820,0.00158368060972281
55821,0.00416767773847876
55822,0.021355887450343544
55823,0.007428561321264752
55825,0.07713882685466528
55832,1.1702354289462086e-05
55834,0.06221929288383298
55836,0.01913167703976065
55840,0.005155377588727022
55843,0.004419313763953007
55844,0.02133543095616601
55847,0.001800413415379368
55848,0.0027677227165440804
55854,0.027918591575542648
55855,0.0172063627172536
55856,0.018515700455126273
55859,0.13364622982635274
55861,0.02131988830202588
55862,0.012343783834046869
55866,0.04772607443552679
55869,0.0011018895619431743
55872,0.021564231650143553
55873,0.020607128085141698
55874,9.787429943910137e-05
55877,0.019628103838118596
55884,0.0038167156530812796
55888,0.1451989123918982
55889,0.0057866282130952
55890,0.010340475923822177
55891,0.02835248685198101
55893,0.0020859807389369805
55897,0.005550371263446185
55898,0.006573111182253286
55900,0.007780032386053759
55901,0.002527210745671451
55902,0.003717857088299027
55903,0.13347606697014944
55904,0.003426548052727581
55905,0.004002102416601918
55907,2.3584369795632382e-35
55908,0.012834951697401413
55909,0.004989815433325121
55912,0.007887269447135295
55914,0.07322066719513758
55915,0.0024252350195083172
55917,0.029177137312443813
55919,9.264185423668491e-06
55925,0.10310510524585188
55926,0.03441951327216903
55931,0.13113249858293335
55932,0.004001699982162974
55936,0.004527522498479019
55938,0.006375159592184782
55939,0.03984056060958691
55940,0.016072117494169046
55941,0.00015255858097454314
55944,0.012027651748801013
55945,0.1028311044538337
55948,0.003462452506037705
55950,0.03474451295989282
55951,0.002867811602894301
55954,0.0011158833374454215
55955,0.00340538443643256
55956,0.003036598696879222
55958,0.007414347282179496
55960,0.00806550512440333
55962,0.010848000166937202
55964,0.018125742264286024
55967,0.0031304364873574655
55968,0.05445730866441187
55969,0.002402220699507596
55970,0.002369812191591675
55971,0.0038308839219273402
55973,0.028052262079592594
55976,0.005791500567496587
55978,0.0038625031201628317
55980,0.007303290907239115
55982,0.006283584420680007
55983,0.010104243373311289
55984,0.011525898652400977
55985,5.1502183635446865e-05
55988,0.02714406748295622
55989,0.00539285299371193
55990,0.01057668850264153
55991,0.019128185788466888
55993,0.007765113543205798
55994,0.13961232338282986
55996,0.0022385181257675254
55997,0.0024081333984489425
56000,0.02629054051292727
56001,0.004162022389434947
56007,0.03312733840793357
56011,0.0029594940355269573
56013,0.027240490742731542
56014,0.021849030269366507
56015,0.003294958921976572
56016,0.002682428824380548
56018,0.1261908721461469
56019,0.038637591363579346
56022,0.006075628288341805
56025,0.006524231157720668
56027,0.00724599649732058
56029,0.0046476923407583375
56031,0.06315904218479947
56032,0.03507005535707559
56033,0.00995803749868638
56034,0.0036567192281714168
56036,0.004056673344070994
56037,0.0002846489877884518
56038,0.000153097143882802
56039,0.009186628521885471
56044,0.15276335762343948
56046,0.0015638437123622828
56050,0.01539714949335203
56052,0.03021966956308807
56055,0.0037973272358440596
56056,0.007931772435381478
56059,0.01741596712523494
56060,0.016999960279078335
56063,0.030687050024430586
56066,0.13886119474946407
56070,0.002086364186151203
56071,5.082774854230671e-08
56074,0.0008486450404824205
56075,0.029399725948702077
56076,0.04920647265328329
56077,0.018600959786804705
56079,0.017507901010528598
56081,0.006574392308905099
56082,0.11604117312222025
56088,0.007822182083170218
56092,0.07686391405519054
56094,0.0005508257051685014
56096,0.019104050276818482
56097,0.015226909281022655
56100,0.0033507328595917215
56102,0.0021472827488573927
56106,0.08062902921818994
56107,0.009160997234800954
56109,0.02409159069431957
56110,0.08355804323044774
56113,0.005289180629956475
56116,0.09313493067243021
56118,0.012017731280631376
56120,0.003908310005726767
56122,0.0027739650511130636
56124,0.004267604047341603
56125,0.05437907950871184
56126,0.004481494434235216
56128,0.007953040171874315
56129,0.006304266377464859
56130,0.040385458943824296
56131,0.03392662298960982
56132,0.003028730093256175
56133,0.01176608803199614
56134,0.020880455865528672
56137,0.0024828269468365545
56138,0.001876263294093229
56139,0.0025189662039412594
56140,0.013395214994397466
56141,0.08294105847734141
56142,0.010420460631284267
56146,0.0005306838584765298
56147,0.029235628820191754
56149,0.0037102327094395184
56150,0.004652509185884334
56152,0.00032465354016095123
56153,0.06964086697249287
56154,0.006072119261807937
56155,0.002955395928090414
56156,0.0032548435559126244
56157,2.5043209250945825e-05
56158,0.001373340989151169
56160,0.09565730142035023
56162,0.009212715943337129
56163,0.011758592384342634
56166,0.09965154302604567
56170,0.02317469371058333
56171,0.006673640020611518
56172,0.040520184595736614
56173,3.8734022024357955e-07
56174,0.06311317790511078
56177,0.0771351880942361
56181,0.020247481906304418
56185,0.00014950021924254586
56187,0.003036359399706412
56189,0.02348341942296086
56190,0.011515604029566555
56194,0.04506590697964448
56196,0.02127189230768903
56197,0.02379373697969094
56205,0.029569540393916616
56208,0.00653658225441564
56211,0.005163774766206513
56212,0.026026601664863896
56218,0.04435155341604186
56220,0.018052224324887445
56224,0.0407894623680037
56225,0.035746270373943685
56227,0.024482489988182067
56229,0.007355869663846546
56230,0.007582957632769745
56231,0.003897195741586793
56236,0.08790760731825609
56237,0.030289784857354753
56240,0.04173434467658477
56243,0.0030897641619584146
56245,0.059723836404808196
56249,0.016309076959701626
56253,0.05737506101162858
56256,0.0029863949657216783
56259,4.650083602211511e-05
56260,0.10876888167161983
56261,0.002587976679137546
56262,2.149538153696743e-06
56263,0.03536413395174525
56265,0.426332720278064
56266,0.13439696054482547
56267,0.004498687873988317
56270,0.003095423981575599
56272,0.0034326803081786146
56274,0.020562525329187276
56275,0.024482489988182067
56277,0.10390066095989708
56284,0.002190967060648777
56287,0.02897687454995215
56288,0.0027876296710423755
56289,0.0036671852464685963
56290,0.02068478574790043
56293,0.0035266848642239237
56294,0.027939334743289145
56295,0.0016577597275077025
56296,0.0036104433348436945
56297,0.056390402274396775
56298,0.055749363683425444
56301,0.0003851092085169015
56304,0.09278949260245546
56306,0.0026413525970638745
56307,0.09412772467089467
56310,0.0019019725952373562
56311,0.025549549107115325
56312,0.003462314402464476
56313,0.04379023507674783
56315,0.0030363986420127863
56317,0.045401420162441815
56319,0.003036521526880638
56320,0.0048402469827864125
56321,0.005129660407471118
56322,0.00010792988859141336
56325,0.006660228174466505
56332,0.053821771829321206
56335,0.005851888890396266
56336,0.007544143655084823
56337,0.005266221498923661
56338,0.07440215573993915
56340,0.009200465640528517
56343,0.005107831441953334
56346,0.04789885835815292
56349,0.0041638050660978
56350,0.012481856733987726
56354,1.2970139602914525e-07
56357,0.04291367322021489
56361,0.008399224721083015
56363,0.00311815607438708
56364,4.0463805867561655e-05
56368,0.036022877749427674
56369,0.002487501169154241
56370,0.008720971651645294
56371,0.02283492789505826
56372,0.0037843969709082984
56373,0.0067691867227670545
56376,0.10073999723234493
56378,0.0036395789672380666
56379,0.05456996039574127
56381,0.0031447147975874738
56383,0.003703238546947661
56384,0.0016716483857243981
56386,0.00504545018583788
56390,0.11598016289445882
56391,0.002426859436182522
56392,0.03019683311725684
56396,0.004611895685270816
56399,0.04188552787301048
56401,0.005848865541045289
56402,0.0014887574173928627
56405,0.00045994424305541634
56406,0.004057475131157025
56407,0.006728192653843544
56408,0.023673174161137667
56410,0.004015324601219221
56420,0.01422115791140996
56421,0.006338639746260399
56422,0.0050206791252083525
56424,1.662340702358665e-05
56426,0.0035333600535835917
56429,0.007752766864188626
56430,0.0031835736922461834
56432,0.003224204150375368
56433,0.018594767793182587
56434,4.1228882199694645e-06
56436,0.021031624087692106
56438,0.0024381151318754613
56439,0.018052224324887445
56441,0.015059689833815724
56442,0.019937683949701798
56443,0.002653178774125734
56447,0.03277954756588633
56448,0.001840019918863051
56450,0.022383032614522097
56453,0.00018196845596353848
56454,0.10490313470161726
56455,0.007736984196698805
56456,0.11184978902382924
56460,0.132254849858674
56461,0.19996820496652717
56465,0.00837593312203671
56466,0.011182576121182154
56468,0.0031893839379261322
56469,0.02766435143466074
56470,0.0035931377728753333
56473,0.005422271680566984
56477,0.01948396498711006
56479,0.00523625382626397
56480,0.023711034889133738
56481,0.014347297900886156
56484,0.005390025252459416
56486,0.004231138227667642
56487,0.006950229342407387
56489,0.02246575689222643
56491,0.006436888717015448
56492,0.015688095838814944
56493,0.004113538750501689
56495,0.004265787582817388
56496,0.0024350432785218814
56498,0.023191884817109196
56499,0.0033321400519759434
56501,0.0038576515529970307
56503,0.003462482477624716
56504,0.0008397978006899021
56506,0.013421829124709003
56509,0.016840634744704652
56512,0.03370419152212998
56513,0.006183626838296871
56514,0.02304107445153788
56518,0.009632612226558385
56520,0.0047961057768729385
56525,0.0030363986420127863
56527,0.010098692837377223
56529,0.0038774796535176684
56531,0.0029770651746466883
56532,0.026138650135950493
56536,0.003223120990920838
56538,0.0061177288464561285
56540,0.0260473053782168
56542,0.027664934343009342
56551,0.06860716981613686
56553,0.004824337149097507
56554,1.0657314492023368e-07
56556,0.005295367459464995
56557,0.0894462011751295
56563,0.019664323763295653
56564,0.038867276468697004
56565,0.007110695105575172
56568,0.032626485682144636
56572,0.008072971729223867
56574,0.11425764231504588
56575,0.003959734412849318
56576,0.018757802989196517
56577,0.11287543345713974
56579,0.02920888231638265
56582,0.020207230326973653
56583,0.019005796496834204
56584,0.012028841387718633
56587,0.02507026168973991
56588,0.023462498627104547
56589,0.03471288322230154
56591,0.015764914952779832
56592,0.009827970961671586
56593,0.0036016923563264957
56595,0.007289436312232512
56597,0.026665274292483634
56603,0.023315173044223623
56604,0.06497631892561508
56607,0.020030243894313272
56611,0.0030363856941960123
56612,0.0023006045711055946
56613,0.02279806069856516
56614,0.013780551293078397
56615,0.01145816731826646
56617,0.003330173466593594
56618,0.14393023706424546
56619,0.02340824993133356
56622,0.00842017920029457
56623,0.0021519749635759886
56624,0.004499916298097696
56625,0.004733988697158463
56630,0.12406764517087157
56631,0.0042054006664848775
56632,0.003478734669915669
56636,0.02665996397133408
56637,0.036956785733251715
56638,0.017722386007202936
56639,0.03400611229645507
56640,0.0033146917247818186
56641,0.06009922264127137
56644,0.0038835970269675644
56646,0.021302233161356897
56647,0.004427017280069926
56648,0.004699227763514174
56651,0.0026142298133752903
56652,0.012114194980106508
56653,0.002842872587567277
56654,0.02729978177833213
56657,0.05379693143755747
56658,0.007111121901103074
56660,0.050293799413124715
56662,5.647198050991841e-05
56663,0.01889789943502742
56665,0.006130819788552828
56668,0.1497233905815446
56671,0.030715716271570204
56672,0.02322023238474305
56673,0.03177748369323383
56674,0.014402562535331015
56682,0.0030525292929809308
56683,0.0056742999609074
56687,0.005320571773200019
56688,0.004225824068505978
56690,0.06615224702944604
56691,0.0036449943893410407
56692,0.0038828966063930606
56693,0.028284782298917115
56695,0.002457541765733685
56696,0.0038563176794329554
56697,0.002395142788358722
56700,0.00819924196320015
56701,0.023505019753424117
56704,0.03569123886242279
56705,0.012503263914905622
56706,0.005084113247915967
56708,0.0050276060927529655
56711,0.03660150805850056
56712,0.0018929268571445642
56716,3.04509088685578e-05
56717,0.09435326915024318
56718,0.003672799976958047
56719,0.07608271353553621
56720,0.002669115784776614
56721,0.004861307390310501
56722,0.007300584878617004
56723,0.008010040058589102
56727,0.018997386343713916
56728,0.10949608753751548
56730,0.011600268701594274
56731,0.003695761124200595
56732,0.011195273405686384
56733,0.06954120100648634
56737,0.024214223671301043
56738,0.0031612682602387703
56739,0.13236662859717277
56741,0.02054619557571896
56742,0.007601235402942638
56745,0.004155052610629112
56751,0.09802982837182288
56752,0.015222186047101363
56754,0.025383569132598278
56755,0.020945946761656824
56756,0.10226682555264051
56757,0.0329044040673273
56761,0.0677257022947261
56762,0.025988259784203698
56766,0.08575246696729427
56767,0.14746448019087127
56769,0.008243966791352267
56770,0.003986211386102142
56773,0.032796136294623184
56774,0.006381187643180133
56775,0.0031474503210922903
56777,0.025145388399497624
56778,0.036226730229401066
56779,0.003412351222388978
56782,0.10186841621946774
56783,0.006015019039129255
56784,0.0032619445297682914
56785,0.15294121962407461
56786,0.01841494345914102
56793,0.006872224873993667
56794,0.003205715446813958
56796,0.003182932155898108
56799,0.014881766421493383
56800,0.00415475748821448
56801,0.032892670944757244
56803,0.0031007090591383684
56804,0.11502497864265519
56805,0.022257952684252076
56806,0.011765962830803993
56807,0.04881210919069639
56808,0.02414131040790001
56809,0.03175779144544286
56810,0.005303366722029362
56812,0.036972457440402715
56814,0.008871661594840326
56816,0.022322832708761273
56818,0.0035358549786894595
56821,0.06451843636322849
56824,0.02375470899868034
56825,0.00319564073134259
56829,0.007593591255014962
56830,0.01525980270510707
56832,0.010459894529403171
56833,0.03152707113899062
56835,0.025098136461422303
56837,0.007387775007834128
56839,0.00791145078318998
56843,0.002796024828861432
56844,0.014532125531159623
56850,0.004236445389944816
56851,0.038295947924017255
56853,0.0016994560624671714
56854,0.10286584899706103
56856,0.005864127628144432
56861,0.0036373132338159216
56862,0.1011237977044642
56863,0.011629268749467493
56865,0.07568306100681685
56866,0.0654748392148832
56868,0.03064015436108353
56869,0.007730637526330947
56871,0.006260529367321236
56872,0.006453807212845457
56873,0.0010614778845153528
56879,0.021238112707819022
56886,0.03909301963347288
56887,0.004515002327529968
56889,0.004270493255733629
56890,0.002913014491496902
56898,0.02366332822250226
56900,0.004142890065533421
56901,0.0816246949328035
56902,0.02346528743096085
56903,0.003956815554924951
56904,0.010170920968163891
56906,0.003982045998744595
56907,0.15229996274383267
56908,0.008762153703100926
56909,0.00400536922303214
56910,0.009771325842730723
56911,0.004855567022477313
56913,0.004974622893239007
56914,0.0010156012239825216
56915,0.0781924055432347
56917,0.015864461329997626
56918,0.010623111639325835
56920,0.004745132445381656
56922,0.00010957132509126341
56923,0.022386579453562233
56925,0.07172053406353059
56927,0.01090083027442789
56928,0.014663436701508256
56929,0.004781757317466533
56930,0.035267187973622216
56932,0.0035656920734190704
56933,0.0023433824046937206
56934,0.005703318824932324
56935,0.04178842210440346
56937,0.004500145700049574
56939,0.012337953708710549
56940,0.003254826778003601
56943,0.005159745776920655
56944,0.018815763961937494
56945,0.005170557835041039
56947,0.0001479900862432526
56949,0.0098064488318667
56953,0.009402762580278423
56954,0.0024380499973264075
56958,0.00912453803610124
56961,0.13877777068878824
56964,0.04533704955084528
56965,0.14736513285628022
56968,0.10390066095989708
56969,0.028924256782632617
56972,0.005037306182433249
56974,0.0028302878180663264
56977,0.0011913907227949615
56978,0.0029863238347267594
56979,0.03635928153730039
56980,1.6791150597238278e-06
56981,0.025506411110091092
56983,0.05424677135535872
56984,0.00275544236888221
56989,0.006683473877146651
56992,0.08051386005788676
56995,0.03132426137700289
56996,0.023830277208520708
56998,0.004292542433299255
57003,0.0037076642649887027
57004,0.014950157769334758
57006,0.019092202199148374
57007,0.004827030179584078
57008,0.004657546869589524
57009,0.007511326755896682
57010,0.04921166271355477
57011,0.007237540601739906
57012,0.004829815567980015
57015,0.04552189172320237
57018,0.011795156211467029
57022,0.005563766585263783
57024,0.0017466855019756546
57026,0.034069231774909094
57029,0.02852178889623408
57030,0.005656451906909769
57031,0.025785967372149367
57032,0.0029512631555431187
57033,0.01388703580386679
57035,0.011285500521661563
57036,0.0005382721030972623
57037,0.12878087584898668
57038,0.12436221196257406
57039,0.003167892158130866
57040,0.01513625539778047
57042,0.00974396463853853
57044,0.004130361165928133
57045,0.0195514403604689
57048,0.00014667153412813565
57049,0.12818710321430288
57051,0.0008026691877694431
57052,0.10417774758121702
57055,0.011357050682973808
57057,0.0038827531528463385
57058,0.07330025883283386
57059,0.018052224324887445
57061,0.008650028205556954
57066,0.1446206812463303
57067,0.11346372754283367
57071,0.040145678628320865
57073,0.0005528413915076953
57074,0.0010717473601280102
57076,0.011368193514011362
57077,0.06873206237368122
57079,4.184635899646699e-06
57082,0.004495748292862166
57083,0.0006573114078440463
57088,0.013266418450870319
57093,0.022457562992031544
57094,0.009266734253149255
57095,3.056556678571088e-09
57097,0.003380458409736612
57100,0.018052224324887445
57101,0.007365761128740069
57105,0.03521633116828601
57107,0.002122441157107736
57108,0.02165263318109247
57109,0.017056175322793368
57110,0.0018271782590405011
57111,6.753147943453405e-05
57113,0.019979543777761177
57116,0.003462323739760075
57120,0.04455291979569209
57123,0.005593566578212461
57125,0.011112669165996814
57126,0.01121404297435803
57130,0.002547869354473281
57133,0.036075679958673786
57134,0.0024762381657487237
57135,0.006164747318019934
57139,0.003557172268751167
57140,0.0031841862000804616
57146,0.09235106919869095
57148,0.004381572103981691
57152,0.015394828371036272
57153,0.022249366875065426
57154,4.4371667157311986e-05
57156,0.027901077230349604
57161,0.003950349559529486
57163,0.02273987777913935
57164,0.03576551241205757
57165,0.09808729300932566
57166,0.0007855370496807307
57167,0.010813404115351867
57171,0.027304593449932694
57176,0.022125507753029978
57178,0.010481655441803257
57180,0.07031487139544641
57182,0.007551270595044656
57183,0.02377213278588134
57184,0.1345232355664813
57185,0.20103567516456364
57186,0.036075679958673786
57192,0.0029403463236441383
57194,0.0017992380443481628
57195,0.0038484242257970057
57196,0.0005777216897230574
57200,0.008015808159221758
57203,0.004259106118019167
57205,0.019543702596971618
57206,0.006937674921519765
57209,0.0031423842274018727
57210,0.24245526057129363
57211,0.0034691190555773397
57212,0.0052957163882128904
57216,0.0036350700572308904
57217,0.011923198097862511
57218,0.0248875617537469
57222,0.10027275838318918
57223,0.003403140694267141
57225,0.005390218970309707
57226,0.015361445954462913
57229,0.0028606006267923303
57230,0.0008533389070699165
57235,0.003036598696879222
57237,0.01341042543733281
57239,9.54791165474418e-05
57240,0.010457245871314465
57242,0.00291638077313034
57243,0.021535849893758473
57245,0.010802209036715613
57246,0.01806895887217915
57247,0.009535883814085027
57248,0.04435155341604186
57250,0.005679964540542082
57253,0.04981134511521514
57255,0.02096212721580284
57256,0.0022442240787072503
57259,0.009430860595638076
57261,0.0641500571074311
57267,0.002178807829962843
57269,0.003279169784073503
57270,0.00483977645519077
57271,0.006418629925079552
57275,0.04937199774703667
57278,0.0160321380364939
57281,0.04744174362670215
57288,0.005604420526481849
57289,0.009996201689741862
57290,0.005731801365990711
57291,0.021854008086712267
57295,0.0033850158220892616
57296,0.13586971748919388
57300,0.009895408661955839
57304,0.02019075283383639
57307,0.01811628832932928
57311,0.0024482146661496044
57313,0.002779708846734195
57314,0.01414535919928725
57316,0.008010212486049089
57319,0.021593665862865603
57320,0.0024541706785942185
57321,0.003935324107564124
57322,0.03791513190783005
57323,0.06332748150023926
57324,0.010428972003750541
57325,0.002287155716441531
57326,0.01576624409185793
57327,0.0015666036714994344
57330,0.002434837802075557
57331,0.012734035696203929
57332,0.003778272532514354
57334,0.001606940292059081
57335,0.10046320112322736
57342,0.045305309389587
57343,0.017124182077534182
57344,0.028308780314470205
57345,0.015377222305200947
57351,0.04873576609599979
57354,0.031166624555254097
57358,0.006188221102339632
57359,0.019157721244524955
57360,0.012067792146095515
57361,0.0064087366850071326
57363,0.0041093679411361005
57365,0.006135407392189176
57366,0.008215543503235063
57367,0.003906473492018566
57369,0.02951926379449688
57370,0.10033969514568576
57371,0.013694049465812236
57372,0.10008103907234875
57375,0.07225607241201375
57378,0.0028864071482787293
57379,0.0059318817137571905
57380,0.004842332002694612
57381,0.0037145469128610667
57382,0.001962210339698026
57385,6.572149440527537e-07
57386,0.10499670655304867
57388,0.0044934464458024565
57390,0.0031817473090185837
57391,0.0017691256212344663
57394,0.0018517347618827815
57402,0.004736871785059707
57404,0.014790593274965961
57407,0.0043991626708604
57409,0.045094795668187075
57412,0.005942428975208858
57413,2.185292477512817e-06
57414,0.004932902652212521
57415,0.0037661781773754
57417,0.004319837849727421
57419,0.003979564941328584
57421,0.004500039565716332
57424,0.02140034024239924
57426,0.14242398236978732
57434,0.003882796292386619
57435,0.01113971914198329
57437,0.006463636042736797
57438,0.003405240301679851
57441,0.008698288859501123
57442,0.0018573759761349585
57449,0.003391030260617622
57450,0.00027203553358598205
57451,0.023253976345449394
57454,0.001421771713707256
57456,0.004499981728238305
57457,0.06012775397537976
57459,0.027655415618551615
57462,0.0002565187469757341
57468,0.0032235120822663287
57470,0.0229148546503077
57471,0.007624263878262357
57474,0.010477190054808523
57480,0.0065611684938568495
57481,0.0271812612080374
57482,0.07734868108361603
57489,0.0035006082751923673
57495,0.028574460024124403
57498,0.031285239425300725
57499,0.020269424578607184
57501,0.00015302172543577085
57505,0.011451206779041259
57510,0.01981501015197213
57511,0.0003496940632119533
57512,0.006424896654389015
57514,0.0038558930568121322
57516,0.00525412112381694
57519,0.03926725909604155
57526,0.024119087093049982
57529,0.009473862068538102
57530,0.023462498627104547
57531,0.0031679939574505976
57532,0.03194956692584723
57533,0.005446809570120499
57536,0.004117913935692734
57538,0.033758380583726
57540,0.1351948743325497
57541,0.0035973722555517253
57542,0.002119815664009175
57545,0.040796943117668356
57548,0.1456264721630795
57549,0.11668077744660026
57551,0.009214968468828178
57552,0.034367106873021386
57555,0.048224835317269885
57558,0.004292546139101647
57563,0.005623870227676757
57569,0.00016079013902930284
57573,0.0117986774850592
57574,0.07708783615994
57578,0.0035973142920304704
57579,0.04771199179161028
57581,0.24093644298319947
57583,0.009063240426341412
57584,0.02894443819143547
57587,0.015316307342721991
57591,0.04555264105961471
57592,0.045332709275403386
57594,0.009057412251641533
57595,0.008469839234026284
57598,0.006138265418990384
57599,0.004925902033627463
57604,0.00611408389490103
57607,0.10490313470161726
57608,0.005349891004562047
57609,0.006175775102587344
57610,0.044646623292234656
57612,0.003947524902222287
57615,0.016498182913595807
57618,0.020681690593858774
57619,0.005661670217755437
57621,0.011231378603055502
57622,0.02343234853405875
57624,0.07544033292638185
57627,0.02869631181420732
57629,0.03100759059360383
57631,0.09829047876673613
57633,0.06040178731557954
57636,0.024902645212907713
57638,0.00811772612237603
57639,0.004093415114440164
57640,0.024482489988182067
57642,0.018052224324887445
57643,0.005064821732534852
57644,0.0030364822829909515
57645,0.0038417240638408535
57646,0.007655609572977325
57648,0.0020201818894471815
57649,0.15410357522852522
57650,0.06617906837295473
57651,0.005846759817357805
57655,0.004180264594835497
57656,0.05359860397056622
57657,0.013341521375119163
57659,0.010888777037787825
57660,0.02240777601420387
57662,0.01918394391016438
57663,0.001749491015868498
57667,0.041470193168338165
57670,0.0118816040586438
57672,0.051747609246153486
57674,0.002175704270918967
57675,0.0037635886276911864
57676,1.0700682952007051e-05
57677,0.004033654537649566
57679,0.033206217926095384
57681,0.0031679600239817043
57682,0.003947393293906234
57683,0.03702101706978806
57684,0.005849046353307408
57686,0.025883099063325324
57688,0.02199972426705296
57691,0.006651687795093562
57693,0.0174006114466497
57694,0.021905517075917567
57695,0.026310678598450734
57696,0.032796517254186364
57698,0.028156236403476243
57701,0.03027097065497249
57702,0.008328748197454957
57703,0.0744303725266754
57704,0.051454484780822526
57708,0.060482546902770794
57709,0.008955925676761293
57710,0.02286055170589731
57713,0.010568515545434755
57715,0.01917037148295367
57717,0.02312858801686323
57718,0.0027681580355287164
57719,0.00847073048827311
57720,0.0035986015945787533
57722,0.027109499183345365
57723,0.06363762902556941
57725,0.0033126447515574916
57728,0.0035154188267931766
57729,0.008886801251050331
57730,0.007810928049601438
57732,0.04978848839971089
57733,0.006155643667835445
57737,0.0029863238347267594
57739,0.003479171648324501
57744,0.01753470166371716
57745,0.012578364548086566
57747,0.0021707556665216993
57748,0.009896567070577967
57749,0.0007206174861672837
57752,0.019314395069577224
57753,0.0020010254460647316
57754,0.07167786960398388
57755,0.00928678855565888
57756,0.0033640349514603702
57758,0.12343362318361345
57759,0.13349978694729572
57760,0.032706233372540944
57764,2.487295183607887e-15
57766,0.0042720489376466605
57767,0.0278762441286295
57768,0.11109746774840504
57771,0.02305694782197929
57772,0.09302993382190193
57774,0.007047487233343408
57777,0.02209416699757798
57781,0.008758509849498154
57782,0.10291369602769797
57783,0.002593064643962893
57785,0.023517568141575927
57789,0.026312960881970625
57790,0.0016304432794587073
57792,0.0001903559886652577
57796,0.01962475266823961
57799,0.01973535767932886
57800,0.004443467636631952
57801,1.0027175343136409e-06
57802,0.02988405696095302
57803,0.13237066554351984
57804,0.0029645575013069535
57807,0.004499880077801061
57809,0.004522262837853325
57810,0.003985966610330128
57813,0.002993532134529629
57814,0.01406518365924699
57815,0.0023393078258125413
57817,0.005559791845754553
57818,0.007034287553055332
57819,0.00802797618866128
57822,0.011776680052596411
57823,0.15405972742034874
57824,0.013557038701962683
57825,0.011980881340786878
57826,5.976612664420208e-05
57827,0.004440066845854426
57828,0.003903447675098123
57830,0.0020659385364535415
57833,0.007475991830553274
57834,0.024377438266749322
57836,0.006737841263817962
57837,0.00013980990364778612
57838,0.01805813000146037
57842,1.8114629986331185e-05
57845,0.0037355481480188645
57849,0.007237077543109891
57850,1.5891093780014916e-05
57851,0.0052470447517308895
57852,0.0004550813952489962
57853,0.0019175014880193834
57856,0.0027349126144137668
57860,0.028954969412704454
57861,0.010144851325098242
57862,0.001993563249618445
57864,0.007737375299361202
57865,0.0362923857091202
57867,0.0387791004958499
57872,0.006506115051677117
57873,0.020607128085141698
57874,0.005757168156329188
57875,0.02285508205935196
57877,0.004333241472892595
57880,0.031180422618800364
57881,0.031028486782751826
57883,0.015419853805553581
57884,0.00021312597003923344
57885,0.017126828851054498
57891,0.004092434945392345
57892,0.020607128085141698
57894,0.007409784964618899
57896,0.021008239684328786
57900,0.0028449174643433695
57901,0.0031990502265879478
57903,0.002726311273419691
57906,0.037501843094065686
57909,0.05287345105868817
57910,0.019128964988380258
57911,0.017756724018440452
57912,0.003675420782447604
57913,0.006494981448313367
57915,0.02941342859081065
57916,0.0010078611647981297
57917,0.0034051720247245043
57921,0.004104587573450083
57922,0.0003886475773568447
57926,9.729400295129898e-08
57927,0.1343433293684856
57928,0.025200884922147733
57930,0.03289636353763345
57932,0.12546004031368752
57933,0.0021404740211269893
57938,0.0005971611301342513
57939,0.031958753962857675
57942,0.008190376399398609
57945,0.09645785909699431
57947,0.007341054117561396
57948,0.0025848147407625884
57949,0.0231535429602147
57950,0.2758738368426969
57951,0.0022093503627353493
57952,0.14411135545673875
57953,0.004480181671258726
57955,0.0380912548939128
57956,0.003747036422834944
57961,0.003412700439423614
57963,0.0037558202908540804
57964,0.0034624151556216427
57965,0.006493748823549659
57967,0.08474820559754422
57971,1.1699874668425027e-05
57972,0.003993164924830773
57975,0.052918015391571586
57976,0.002639931439733486
57978,0.0029824568847811733
57979,0.11675902030186099
57981,0.5861724229567953
57984,0.002856334832456308
57986,0.017378067480568957
57990,0.0023966927190713035
57992,0.0017530039628768424
57993,0.0038785071617982707
57997,0.005475356140705051
57999,0.024659228778788782
58001,0.024238694426410398
58002,0.6257787501729769
58005,0.005015214696258758
58007,0.003954780041728499
58008,0.0031590840116812093
58009,0.005891685074446109
58010,0.00011015078896757224
58011,0.05920951240604259
58012,0.011954100425976593
58014,0.025178564989510155
58016,0.03533290421822725
58020,0.02939946583978021
58023,1.2501664615073641e-05
58024,0.006165015113737746
58025,0.04672094452258252
58027,0.004069864828941808
58032,0.10490313470161726
58033,0.019531734313891193
58035,0.041353870388891455
58036,0.05555596490585837
58038,0.003813062998290428
58040,0.009559019799824207
58043,0.0031138864449322258
58044,0.003574092628054007
58046,0.14063114717233793
58050,0.0038574904472301443
58051,0.024976529318693395
58053,0.1348608084687236
58054,0.00596872792655697
58055,0.001404198125847486
58056,0.0051366002902107286
58058,0.0063590832805704624
58059,0.011206175439529202
58062,0.010908305295573144
58067,0.010095020677327059
58068,0.0029756919880555097
58069,0.010951734902852001
58070,0.011225556849879217
58071,0.0031051369709509742
58075,0.005846716827460441
58076,0.005092971552902407
58077,0.028591222819003625
58078,0.008716549239336248
58080,0.002241050925661194
58081,0.0175995922323935
58082,0.015975194787170938
58083,0.01533726202310756
58084,0.003947406112420302
58086,0.01857004089413739
58087,0.01998828206468246
58092,0.0057006117606748065
58093,0.01779172135066235
58095,0.06766182818956935
58096,0.007747289225626588
58097,0.0217369787668464
58098,0.004891176477206682
58104,0.03510810887889378
58105,0.05908724223256529
58110,0.0025598815713133824
58111,0.012698973547060325
58114,0.015278822452845902
58117,0.006743198903385859
58124,0.025969015255734848
58126,0.0017027127019937772
58130,0.003973383853853192
58131,0.013725080480651509
58132,0.016204375231020262
58135,0.012088831577336295
58136,0.022462111090361406
58138,0.019660455262067375
58140,0.004636469930277558
58141,0.016296953876299456
58142,0.004040322782053158
58143,0.005277462085878292
58144,0.012235280521185842
58145,0.0019685105002337617
58146,0.011436643047127193
58147,0.007847000571415907
58149,0.004539189088771963
58153,0.006074220749389651
58155,0.1906672665235198
58166,0.0016776478873362325
58168,0.029031578327973748
58171,0.05543638461195836
58172,0.018052224324887445
58173,0.0016530282063632422
58177,0.007928278249376574
58178,0.01686959847143429
58179,0.08297077979963373
58181,0.02377699654597086
58182,0.10489236005516438
58185,0.0017348421391578926
58187,0.030638318724915885
58189,0.001486320990185378
58190,0.008096607219753645
58193,0.0009154039877465079
58194,0.0034708377881255493
58196,0.09554634877084442
58197,4.134334617776498e-06
58198,0.011102513257272247
58199,0.0023660486165596184
58202,0.16789925243719137
58205,0.026668125774693362
58207,0.07980629078158677
58209,0.04611945838408176
58211,0.0034098514095983745
58212,0.014223952149680771
58213,0.1449375502392588
58214,0.02293704106794484
58215,0.04659142999102003
58221,0.0051950020716335765
58222,0.006943750535218514
58224,0.012350138787023375
58225,0.009868053157119763
58226,0.00011827597497475759
58227,0.07998460081924914
58228,0.01039194055076902
58229,0.013619155500995433
58231,0.11171075279821317
58232,0.00976462600355027
58234,0.005301253548695028
58235,0.003316802579635811
58237,0.005090013393203212
58238,0.0765080696205579
58240,0.1273145771563339
58241,0.012129225110710214
58242,0.1302713690041326
58244,0.0005529401202893332
58247,0.0019048838058953604
58248,0.0037207826155118747
58252,0.005358106634428185
58254,0.005397524440402074
58256,0.0030304421288508384
58259,0.07746575413972587
58261,0.02602485207422209
58266,0.04624546438741173
58268,0.0038687510608339318
58271,0.053365040813236626
58273,0.015980426528900506
58274,0.012881476081382192
58275,0.006300239291319597
58276,0.01535479095582265
58277,0.10382054746941174
58278,0.008408025948828335
58279,0.005594699948325701
58280,0.004283487307798746
58281,0.000326941051655378
58283,0.007033330940127122
58287,0.01472522294640464
58288,0.005184783474327056
58289,0.003405249309923773
58290,0.004389776480569646
58291,0.035118233878770146
58292,0.04443333844429881
58293,0.006272833310025443
58297,0.018052224324887445
58300,0.0020788933081636067
58302,0.004528642130748318
58303,0.11525689984304154
58304,0.02781875540934616
58305,0.019940856744176772
58306,0.016635917811778683
58307,0.005884209592512246
58311,0.0044104799622129605
58313,0.0026240590562775458
58315,0.004677834450467389
58316,0.03143797257073284
58319,0.1387176908834165
58324,0.005784068673843141
58325,0.0034317930967020785
58326,0.003056969408927207
58327,0.022307232619337
58329,0.005261350586959592
58332,0.0043598644691115185
58333,0.07642156887764912
58334,0.006613419678662026
58336,0.020607128085141698
58339,0.005112337135439376
58340,0.0008792730855001538
58341,0.005412370019670004
58344,0.019579518818416148
58349,0.006892492017981481
58351,0.027955287875767402
58352,0.005436739464292817
58353,0.007920018253756283
58355,0.02712622920328181
58356,0.008651095500836469
58358,0.003531389575241182
58360,0.019613648193153487
58361,0.14672142288652745
58362,0.004231104007526139
58363,0.0034563174735735436
58364,0.004191459720075532
58367,0.0035501300516990056
58370,0.006157052161617974
58371,0.04042536248272395
58375,0.020583992160350145
58376,0.010494662483522293
58377,0.02176201839414781
58379,0.046154811586957105
58381,0.03440348238466606
58383,0.09108288662540799
58386,0.034497363364448974
58388,0.020186352583314107
58389,0.021388823785065444
58390,0.004499836846695984
58391,0.0025083385363721244
58393,0.0022662260732486225
58396,0.009022971993492815
58397,0.0013798001854151139
58402,0.018631814381730408
58406,0.10309792350647976
58408,0.01260358685814249
58411,0.007557933046298262
58419,0.0035821855268083035
58421,0.002213403890280067
58425,0.027554816603597418
58426,0.002482822995427588
58429,0.010947513781106076
58432,0.057028617031067076
58435,0.003857835205442073
58437,0.003036598696879222
58441,0.0023113385541407047
58445,0.0012163503913971345
58446,0.019203901135766505
58448,0.0012547025066609735
58451,0.046719853892865204
58452,0.002450103393860205
58454,0.008563738144409559
58455,0.01703667310937566
58457,0.006854765427192442
58458,0.0014275711669103595
58465,0.04240694144645064
58466,0.021883552602219112
58467,0.03613584892479441
58470,0.0036389366338820486
58473,0.003972847995381456
58475,0.025775299367002222
58478,0.13912653535537522
58479,0.0030138739634749732
58482,0.021555866200622876
58485,0.03888811217770072
58486,0.013951677387067155
58487,0.001007236877901784
58488,0.016670137757344175
58489,0.0011114596901193143
58490,0.0036108224823650343
58491,0.003677520373795821
58492,0.005431134357559386
58493,6.209822550937415e-24
58494,0.0026514227988139764
58495,0.0014204906596814492
58497,0.0013445537270045955
58498,0.14823409270373064
58500,0.005678360864983679
58503,0.009148713079634873
58504,0.008890593652186345
58506,0.02839472975277554
58509,0.1072005884809664
58510,0.011245287640819104
58512,0.005520117745897985
58513,0.050707288606505904
58515,0.003415983248258177
58516,0.019011226360347744
58517,0.02275092473512586
58518,0.00294471219842654
58522,0.00372648790185783
58526,0.00630009028045415
58527,0.018052224324887445
58528,0.008296239568929067
58529,0.019482865889892845
58531,0.005340644285031371
58536,0.011203260026137777
58537,0.01681499732983617
58538,0.006503361192416206
58544,0.050486500983092916
58548,0.019851822864100078
58550,0.0056617022805989054
58552,0.04435155341604186
58553,0.026182990923010362
58555,0.02573815329937142
58557,0.01973390366863634
58558,0.035439784451279766
58559,0.01843642323429085
58560,0.006119609468565551
58563,0.004329535869916144
58564,0.02278467430654811
58565,0.02081808897462554
58566,0.0028792358507132086
58567,0.004013798834952939
58568,0.020033289840063147
58570,0.0033656472372259895
58571,0.004916522259742569
58572,2.442424544478155e-07
58575,0.0028157406136785678
58576,9.23967076747588e-07
58577,8.00181108497132e-05
58580,0.09671597798635724
58584,0.0038170728680297977
58585,0.06296075426364442
58586,0.0039059463256330405
58587,0.007186980103938289
58589,2.3808668094494777e-07
58593,0.031928461847529004
58594,0.018052224324887445
58596,0.018052224324887445
58597,1.7098285607571008e-05
58600,0.022123837828535713
58601,0.036007210685478484
58603,0.004919081819938404
58605,0.008014842986546856
58606,0.011133923576105965
58607,0.008668983627565971
58609,0.04716237503688338
58610,0.017005992968913277
58611,0.015089473194608639
58617,3.0014542525011793e-06
58620,0.14848619243153952
58621,0.006661062886862817
58622,0.009823641191553347
58624,0.1456215726088186
58625,0.003383245626022256
58628,0.0018090080634619724
58629,0.028341838575715424
58631,0.018174677338158477
58632,0.005254703370989045
58639,0.12968909286095218
58645,0.02659556414864023
58646,0.12191469004503605
58647,0.00339185796711131
58648,0.0019210828853178702
58649,0.006874689844530567
58651,0.021905660642305067
58652,0.004338004342484325
58653,0.004623046107076302
58654,0.0027067124205538804
58656,0.0036205835813182775
58662,0.11029419981465118
58666,0.0048350286646027495
58668,0.017664293278948515
58672,5.2503862499643e-05
58677,0.0014207532879263944
58684,0.001813271552772743
58685,0.028189459911746293
58687,0.03206091660823262
58688,0.00332695501424476
58689,0.01967186125516165
58690,0.03583870984786307
58693,0.0073668049592638535
58694,0.0029203570767907866
58695,0.0021384302606686084
58697,0.033186740699324924
58698,0.0035318715466009097
58699,0.023090057341059626
58700,0.005861803635995178
58702,0.004476181757429362
58703,0.08730261901705483
58707,0.004609750448713921
58713,0.005427392976883852
58715,0.00025716857607051974
58716,0.008679736210757705
58717,0.010356418237483445
58719,0.018052224324887445
58722,0.008566327043718939
58723,0.02190521615561781
58724,0.03852466430715527
58727,0.004232031240148637
58728,0.0005417640988161887
58734,0.007863341818546548
58737,0.023179075680926465
58739,0.0009354743876387166
58740,0.017292399682099037
58742,0.018052224324887445
58747,0.02018866011602199
58748,0.0016535037333019005
58749,0.014099868812629847
58750,0.0030718841214283973
58751,0.05104916039846038
58753,0.01997320277935557
58754,0.009269580624554996
58755,0.0032345898019716713
58757,0.005674223511709413
58759,0.003036449513630299
58760,0.00036433753067744167
58761,0.0019322527794341827
58764,0.003462239705003003
58765,0.004139948062234834
58767,0.02255346855452108
58771,0.1027517061570145
58774,0.12562201099973802
58776,0.12473696607310637
58777,0.0032971371588529927
58778,0.033825320994173944
58783,0.0027216671944062343
58784,0.0028457379604760876
58785,0.026298625697772745
58786,0.006669851428559743
58787,0.002972394595794482
58788,0.004444637474615503
58789,0.004701610130466937
58791,0.004296126468514291
58792,0.002037210507905216
58793,0.02154367971164358
58794,0.017387672208407482
58796,0.002986406192943805
58799,0.005400262207722454
58800,0.007184049968630748
58802,0.012257297758256172
58804,0.025205633806923547
58806,0.04382639385359649
58809,0.006680070619728576
58811,0.03968523009597173
58812,0.007754593027297474
58813,0.041575718420317716
58818,0.004452570535220953
58826,0.005529534960553483
58827,0.01782495753731852
58828,0.023118597995373667
58829,0.08314033311121269
58833,0.014166376192065731
58834,0.08990026156095673
58835,0.04068096880245394
58837,0.013119117402269717
58839,0.0784589048067994
58846,0.0029863791586879395
58848,0.0029964348371365433
58849,0.1338122466373768
58851,0.04100288780884961
58852,5.213953488873326e-05
58856,0.05967592481463215
58857,0.004163269636088548
58858,0.04348716064654764
58860,0.023058801053290456
58861,0.12357982427450276
58862,0.048682169517189816
58864,0.0035989789466148434
58867,0.008363947259758116
58868,0.009500900705931235
58871,0.025971965429529214
58875,0.025416242926196608
58880,0.15577630377153293
58885,0.017643310648298608
58886,0.006220126931273333
58888,0.00772091650179417
58889,0.03367808938872598
58890,0.0038204350515492072
58891,0.004333564740343892
58894,0.04301933024669474
58895,6.485624445661614e-06
58896,0.004901170546181583
58897,0.007769189337230844
58898,0.014580604228518895
58899,0.14529892067900124
58900,0.08786632907887343
58901,0.032212166385528346
58904,4.476022572012e-05
58913,0.1123560349116693
58914,0.012570025936432062
58915,0.010578360421401681
58924,0.00303045373476389
58925,0.004535164848404536
58926,0.008708085834543926
58930,0.12385619768235315
58931,0.05677517005017748
58932,0.0027617162607290213
58934,0.05122459072112544
58935,0.004354013354300974
58936,7.004930062137485e-05
58938,0.003360058314348991
58943,0.0023056310721865534
58947,0.0032335108148774418
58948,0.010054893704645525
58949,0.26661927210541025
58950,0.15430344675577007
58951,0.004341023148846378
58952,0.0407992995662447
58953,0.03374476849755074
58958,0.005938345518442265
58964,0.17677323155420435
58966,0.13161893914614659
58969,0.002291939176313268
58971,0.004231981587577393
58972,0.02351646667078743
58974,0.07001352843782074
58976,0.0005948205650212536
58979,0.04112635419211058
58980,0.011721363826481365
58981,1.6773540711910383e-06
58982,0.0087182675509279
58985,0.0010846120852215197
58989,0.03250769857643249
58990,0.002743914114671494
58991,2.4477388845876664e-05
58992,0.0040449888904336255
58995,0.004473950811059812
58997,0.008213420354880688
58999,0.03927660864632406
59000,0.12208861255959698
59002,0.002938772384094702
59004,0.010590408842857398
59005,0.017704836391933574
59008,0.005663785966842536
59010,0.009296099031338257
59011,0.0187010884870088
59012,0.0031394583852841877
59013,0.058712591945667615
59014,0.07721025416698755
59015,0.03878784483074908
59018,0.0031197300851402753
59022,0.0061846840022919325
59023,0.034174694128712095
59024,0.020360570771308043
59025,0.06303839493355655
59027,0.07598827053244789
59028,0.003165233190231452
59029,0.021097369273921734
59032,0.0009191600202752956
59034,0.004994744304935465
59036,0.004185482875364785
59037,0.0026683938452774824
59038,0.009259054374494792
59040,0.021598437742235597
59043,0.23289425504821779
59045,0.09072985902886394
59048,0.11715155643796696
59050,0.03483922067857692
59053,1.389593060620633e-08
59054,0.1006238001697923
59055,0.004616499013977432
59056,0.0683203818198742
59058,0.0034167501386511818
59060,0.007912185997470313
59065,0.014240737018040165
59068,0.0014467300733438202
59071,0.00592828492732885
59072,0.012738590605407454
59073,0.06726455878438095
59075,0.003947372100134069
59078,0.0035395806709997636
59079,0.025203469310609777
59081,0.005864337748187947
59085,6.009215416913544e-06
59087,0.0033654734701382733
59088,0.04737463812717871
59090,0.005727626104169329
59091,0.03483861429740686
59092,0.046602449286143384
59101,2.2151875708839784e-06
59102,0.008290791238417824
59105,0.0013439076095227763
59107,0.037471105549041615
59112,0.0055195945103055175
59114,0.022060449418505202
59115,0.006884823453934616
59116,0.003939502819502418
59117,0.0004704362898847051
59118,0.02888951806603994
59119,0.005857572872834488
59120,0.02814790428919979
59123,0.027030131968090478
59128,0.006096707772149734
59131,0.0049775697759762245
59139,0.04658361197589416
59141,0.003405240301679851
59143,0.010079927762767641
59144,0.2188611550881082
59145,0.0038788030482289773
59146,0.027482713175652013
59150,0.03797645459232853
59153,0.017602037378493623
59154,0.003247322628032924
59155,0.0024814832973847605
59158,0.002420288069652522
59159,0.004966221122167608
59167,0.0038826754883294016
59170,0.022758130601646165
59172,0.00338222194367706
59175,0.004925682314785002
59177,0.003947319116199511
59179,0.0038829419009527777
59181,0.0031545102237052858
59183,0.016865207040251087
59185,0.03456940563308677
59186,0.2529674996410559
59187,0.003373572413115114
59189,0.014318970680448467
59191,0.004634498708877922
59192,0.0013841524623246606
59193,0.0057595834768200075
59194,0.004745061850878004
59195,0.02311378900482156
59198,0.0027468097951111
59201,0.0035370701304448617
59202,0.02714406748295622
59207,0.026103799073740375
59210,5.185318798008842e-05
59217,0.0023935448329676927
59219,0.0027336956286489744
59220,4.588657571289177e-06
59221,0.12356737283485518
59223,9.766226174412223e-07
59225,0.004890415347983449
59227,0.010906118734914403
59230,0.041124577537794575
59231,0.13347606697014944
59233,0.04358556864734213
59236,0.03817478783000439
59237,0.15683018166006804
59239,0.01565789958000264
59240,0.0040593179307142156
59241,0.0030364068341830557
59243,0.0034351959444309955
59244,0.0001838686647772091
59246,0.012664997286865407
59248,0.0040116755385140625
59249,0.007239906185710879
59250,0.00572604128275392
59252,0.0036745835696782502
59256,0.0024189445037722567
59258,0.11045554698965959
59260,0.07576747052658638
59261,0.0002147851900996807
59262,0.0036976002350340665
59264,0.0005650532091204383
59265,1.3237416521792433e-05
59271,0.0024795064229157686
59273,0.023049858930000885
59282,0.0027589054024439405
59284,0.0004658079658917896
59287,0.010571239759162116
59288,0.04101561135202721
59289,0.004242531312473259
59291,0.0007071084869125029
59292,0.008100915792088263
59293,0.004098335301633328
59295,0.011167993671114535
59296,0.005112364749031406
59297,0.08326109695656424
59300,0.10358610882828614
59301,0.020002558593614102
59302,0.003071517289806073
59304,0.06447794476027818
59306,0.01506250046399265
59311,0.0015784985486717949
59312,0.004381446158199883
59314,0.004437217848466807
59318,0.08633124815434008
59320,0.00020479166790968528
59324,8.298043939808117e-05
59327,0.0027372554907473647
59329,0.010905745832418273
59330,0.007040660813712746
59332,0.002272361160146995
59333,0.0045001336259724
59334,0.02301072852694191
59336,9.375300369679906e-06
59338,0.003036383975966692
59341,0.008734619587197574
59342,0.004479714222797458
59343,0.08658961910315272
59344,0.01651202012896885
59345,0.047834589822180015
59349,0.009130366539380267
59353,0.0012908008946957553
59355,0.05253782796757742
59356,0.01543492485468649
59357,0.033221375710569385
59364,0.018765912769069307
59365,0.023311444873774945
59367,0.021945894869011908
59369,0.05106314866840913
59370,0.01167354275881613
59373,0.0365155721782871
59374,1.2092713337321858e-05
59375,0.10927631751365048
59376,0.004882151656770843
59380,0.007120139652160934
59381,0.004055017398560327
59382,0.13813698805019464
59383,0.023895221125828717
59385,0.0020404610298967074
59388,0.12146309431082074
59389,0.0447242429971762
59390,0.04339613837738289
59391,0.02665397442345742
59392,0.0008457493920627171
59394,0.0345697926596778
59395,0.04290001482206619
59396,0.0037845834918315713
59398,0.004957959606519757
59399,0.005568885777633172
59401,0.004454236063394239
59402,0.004220402702678494
59405,0.009015605549639474
59409,0.004335496558183974
59412,0.11821513566665429
59415,0.05352283449578292
59416,0.008382982771520664
59420,0.020571323141880916
59421,0.035639082843606264
59422,0.006860583482705928
59423,0.003537641890099393
59424,0.01323015814549451
59425,0.030059646132613846
59427,0.0043835813486003605
59430,0.008513472095854197
59431,0.009871411413061167
59433,0.0030471691078583427
59435,0.0020709737804121774
59439,0.010077928269883343
59440,0.004233198853310786
59442,0.0009922233553538086
59443,0.0034022250308040573
59444,0.010117570302106972
59446,0.0021441630602170164
59448,0.0053876609194793215
59449,0.008961583142815022
59450,0.0164572126569687
59452,0.02062494381452647
59453,0.013494877841481127
59454,0.030289784857354753
59455,0.1160887090061014
59456,0.004608979033337098
59457,0.001983255780827467
59459,0.0011330733631766381
59461,0.004113171832620894
59462,0.003149092039900852
59463,0.018052224324887445
59464,0.0054653844219139484
59468,0.020043780983135848
59469,0.0532732404301665
59472,0.034734262311597035
59475,0.08868805261653667
59477,0.018437340794024155
59478,0.0013112951884980603
59479,9.696174021495873e-05
59480,0.017040886703110592
59481,0.003106588173083563
59482,0.017052885680195647
59484,0.06999983018954153
59485,0.020648146137267266
59487,0.004723498249806158
59489,0.14422321767839724
59492,0.005030747610352898
59493,0.004493328483680853
59494,0.009495183066722396
59495,0.003524190881572185
59500,0.014076312102739285
59501,0.007386137521536186
59502,0.006223765339683012
59504,0.07136075210768872
59505,0.0047201764338206725
59508,0.005674061837321398
59511,0.11033283981831409
59512,0.038870597532936244
59514,0.005413626625062853
59516,0.011515157931537305
59519,0.0029964843279809755
59520,0.0010100701846499998
59523,0.01989628276727722
59529,0.01757509601793227
59531,0.006996558592193233
59533,0.0038700488244609726
59536,0.004426795433810942
59537,0.022400844381392827
59538,0.03488265971955684
59540,0.0033908800127705353
59541,0.05965576510856358
59542,0.003988252221167863
59544,0.007116148043575775
59549,0.019323260043855244
59551,0.002263918851787159
59553,0.024482489988182067
59554,0.005547384600606928
59555,0.023734383052704842
59556,0.010704677222204504
59557,0.018052224324887445
59558,0.1870507023297949
59560,0.025674762094745094
59563,0.004462968003038863
59566,0.02541018413710186
59568,0.06762740076277045
59570,0.009180746071742102
59571,0.0003155688295701194
59576,0.0007460913337598208
59581,0.012531735321624595
59582,0.02094592809186054
59589,0.02015259979733886
59591,0.02478089345892567
59594,0.018052224324887445
59596,0.0026474043515499045
59597,0.021737466813872276
59599,0.008690373693071372
59603,0.015380448003593958
59605,0.05177803524177256
59606,0.06526569150598927
59607,0.059454233812652704
59608,0.038043646424805004
59609,0.007336965035942663
59611,0.015159410060316316
59613,0.0012766557828528542
59614,0.12087751867871228
59617,0.02192831214281342
59618,0.0038674886364880156
59620,0.011165349679781346
59621,0.0008822611213452743
59622,0.0002896808774145659
59623,0.007101042358503504
59624,0.012754958343865341
59628,0.04589363272306435
59629,0.003947361503290483
59632,0.001357399854351538
59634,0.12552719781004976
59638,0.032418329393425045
59641,0.07505934647659047
59642,0.02495384557536925
59644,0.0016416590107484373
59646,0.004265431935163401
59649,0.006140442832024047
59650,0.004146056274343772
59655,1.871968249078406e-05
59658,0.02910466658550083
59660,0.011276805033509443
59664,0.0049274260998944264
59667,0.028764895524901617
59669,0.009604548380773965
59671,0.12648132730279357
59676,0.031153345808517027
59677,0.025691654602755343
59680,0.1392021065600981
59681,0.026472961578277006
59683,0.02029222097746245
59684,0.06813064288574786
59686,0.003462209157796183
59689,0.006340807139066999
59691,0.009718786036172197
59692,0.03269259439165917
59693,0.02411194635810674
59694,0.00382976947779293
59696,0.0009592928265932765
59697,0.01955055867389081
59698,0.01625573379611474
59699,0.0190847932085421
59700,0.012059923901074542
59703,0.032553155961841364
59704,0.018052224324887445
59707,0.00344330901790296
59708,0.031424445957005075
59713,0.04922106282408558
59715,0.013443878619257357
59723,0.06368545716370616
59724,0.009737862084179746
59729,0.004751232473875846
59731,0.009898250808204997
59736,0.00565295064940828
59738,0.007260672628238578
59740,0.022401421684727803
59741,0.0037417252720593876
59745,0.10881746994538288
59746,0.07960667991098876
59748,0.021360430305919383
59749,0.001128412143216106
59750,0.058159140231643945
59751,0.002920726807663449
59755,0.0037742113879010754
59758,0.036096231722402276
59763,0.00411078301804383
59764,0.005349757784351646
59767,0.004517723804051732
59768,3.788423265651627e-05
59769,0.027898706232801253
59773,0.0039122813825736135
59775,0.004500085329986183
59776,0.12183553500380837
59778,3.6568674677838455e-06
59780,0.0014915545280745118
59781,0.004807666389232631
59782,0.04221285075019242
59785,0.019003363921226493
59787,0.014935851042688224
59788,0.0053228809517531514
59790,0.014706433815150122
59793,0.0035199300391894578
59795,0.0029079188479838695
59797,0.003605474720480288
59798,0.020695476473452115
59800,0.17918098585740894
59802,0.018052224324887445
59805,0.04352814366395506
59807,0.008501098061827295
59809,0.0037574467974815715
59810,0.004095999640742819
59811,0.015509581198705479
59813,0.03583522811110995
59814,0.014244771706975126
59815,0.029717993892018596
59817,0.060900682189242286
59818,0.0003151101350866883
59821,0.0905566905192889
59823,0.014704249569058228
59826,0.1008142036759123
59827,0.01884431230915409
59833,0.0262716194656719
59841,0.017863250512683514
59843,0.0042689901962076615
59844,0.004254551902633099
59846,0.027620031978578517
59849,0.0002846212882635877
59851,0.002355015351129756
59853,0.005174088326213787
59854,0.007244202533566294
59855,0.004024799079583608
59858,0.006572415849886493
59859,0.0036409841643656824
59860,0.0034624284101489006
59862,0.03159232492665472
59863,0.07745741069265052
59864,0.01883538337601382
59865,0.0006971524048032816
59866,0.00010866214559466925
59867,0.010976310247616744
59873,0.00581660909708178
59874,0.0008094070258776922
59876,0.010412042972749867
59877,0.003221076402806167
59879,0.012982508737955905
59882,0.02996225578530259
59883,0.007244862912205941
59884,0.0022773640201867932
59885,0.0059114004702423015
59887,0.002997966813047411
59889,0.011055728610374299
59891,0.00536339357291047
59893,0.0023006045711055946
59894,0.007765917491883469
59895,0.0018462290108510195
59898,0.0037905845895534695
59900,0.0036966419794007845
59902,0.0985146175027642
59903,0.015512638962648363
59904,0.018052224324887445
59905,0.021324831105945033
59907,0.0470577837753988
59908,0.004358268720701853
59909,0.052509185323583084
59910,0.0045917645599792755
59911,0.04428909363920152
59912,0.0070759246235048276
59914,0.039479361793908554
59917,0.03271107065879141
59918,0.003665137384685669
59919,0.14128912371811572
59920,0.004031795303994252
59921,0.0051807261928968895
59923,0.023569026788612665
59924,0.03989686492583973
59925,0.01478314016763176
59927,0.00015269238303295486
59928,0.031521282956738936
59936,0.13853955043651753
59939,0.011517567302438072
59940,0.0033882898954251547
59943,0.038348432809697276
59945,0.002945445803701935
59946,0.12310796712144226
59948,0.0031006808932344636
59950,0.00291401532970125
59951,0.09365543405363996
59952,0.02221848669800939
59953,0.0039615942574794906
59955,0.14213385256743793
59956,0.04226007958710938
59958,3.0014835325386735e-06
59959,0.06841262576661439
59960,3.7748181070148485e-06
59961,0.05618609717118143
59962,0.028305374000916542
59968,0.004243062526641369
59969,0.0032408326598938044
59974,0.003662364392822858
59976,0.000636339945438876
59979,0.002425774716690409
59981,0.009067842505094013
59982,0.007125253806490905
59985,0.0029862764150018974
59986,0.006271711773999964
59990,0.0369964989114867
59991,0.0028415315867330823
59993,0.0004075881219294143
59995,0.004770538828287004
59996,0.005610588641764209
59997,0.003915171985223633
59999,0.00480187332350859
60000,0.012115624625036164
60002,0.08221031112015441
60003,0.0065919208449146845
60004,0.04375350909184821
60007,0.031045189038989767
60008,0.022943400693805696
60010,0.022963944356390868
60011,0.0030363904498645466
60013,0.001255515078975859
60017,0.00417199714209393
60018,0.12070865877865374
60020,0.004174396756613027
60021,0.005895547548536098
60022,0.15403866504834293
60023,0.008183103317741866
60030,0.0009713811036262375
60032,0.05367347472060181
60033,0.014931538936008683
60034,0.3248280082019871
60035,0.0005624573512879486
60037,0.003635271303601497
60038,0.031421687496584826
60039,0.00607448937653935
60042,0.02016175622279339
60043,0.11116284948071811
60048,0.01773444017553136
60049,0.014087476574755077
60052,0.02322448267074805
60053,0.006321916617631049
60054,0.006688726080402697
60059,0.010432428307358816
60062,0.003910812746406081
60064,0.0029863238347267594
60066,0.021552690908179874
60069,0.12646407239670374
60070,0.06391860077202569
60073,0.004500017949349457
60074,0.0023145507430666857
60075,1.4012355050972339e-08
60087,0.01634685398774328
60089,0.004863493436575408
60092,0.0030365379119042875
60093,0.004082331884169575
60094,0.0879134971632662
60095,0.0031604075473447447
60097,0.0003784353854531013
60098,0.0029951903265344063
60099,0.005152045146314857
60100,0.08069784600236307
60101,0.00132675793596668
60104,0.03381055508243998
60109,0.020075661610042744
60110,0.0024946267915181104
60111,0.03216231321865922
60113,0.003142898481118669
60114,0.014181834193769642
60115,0.005093200855703231
60117,0.003585848832954117
60120,0.004961543411062337
60121,0.003601534567310485
60125,0.018505354357172956
60127,0.0036647757040003505
60130,0.003132042101701641
60134,0.08063799059894153
60136,0.03391163500062221
60138,0.007407844019078077
60141,0.008730527778742558
60144,0.005770986898294868
60146,0.008946553722062187
60147,0.0026729459689268952
60149,0.006050507551914674
60150,0.010932171128697238
60153,0.0029575223089291737
60154,0.02670707005923611
60158,0.0053562697605939276
60159,0.005800177415157823
60160,0.008253756061816475
60162,0.020234855810022254
60163,0.016776922117224084
60164,0.021976681982675283
60170,0.022439431207159674
60171,0.009802652423200362
60172,0.009127808001804068
60177,0.051828424268217994
60185,0.027318573966578247
60186,0.003611859966111612
60195,0.00768578078342604
60198,0.0782075793866506
60203,0.0022571490749671496
60204,0.0029466673356299826
60205,0.0016411880363367988
60207,0.004987713866403205
60209,0.004144158131846668
60211,0.009118734684968868
60212,0.004645313317042173
60218,0.0015566688304732654
60219,0.006977320067455892
60220,0.008586682573078529
60222,0.0025660186733408035
60223,0.0265869742355425
60224,0.0092920387767595
60228,0.005853836547026212
60231,0.0032965768102268707
60232,0.005023545606482939
60234,0.0006809649628468827
60239,0.01963863883917346
60242,0.0038059310146201317
60243,0.026272883683775863
60244,5.661781369804e-06
60245,0.004068555014971415
60246,0.004384158806196399
60247,0.08658506340677181
60251,0.021455184623314204
60252,0.11942810132720053
60253,0.0029645347633393566
60258,0.016770241344817204
60260,0.005846667404659945
60261,0.007897485473432117
60262,0.08365737935228969
60263,0.0029484164554641106
60264,0.09650391532841644
60265,0.005600958771629747
60267,0.002506343884870041
60268,0.036336475267342225
60270,0.034947472955240186
60275,0.021045519482662336
60276,0.0030501961571949058
60277,0.003208189309475335
60278,0.007612897365308967
60281,0.00234111298486998
60283,0.0026462584422535253
60286,0.003615982095060651
60288,0.025555987587528136
60292,0.11364980897796716
60296,0.025944958035118364
60297,0.013722003564163266
60300,0.012810954468332542
60301,2.2440444735245825e-05
60303,0.037542655349274714
60305,4.570364811218051e-05
60306,0.04426371671752575
60307,0.07366874539434269
60308,0.06922912642831949
60310,0.021111128605550512
60314,0.0006987122649732027
60319,0.002997442157428221
60320,0.07196206754337206
60322,0.09947448150743632
60325,0.23121271135890314
60326,0.10630763888865734
60329,0.0005653851261643007
60332,0.005393053446656821
60333,0.018052224324887445
60335,0.030384063713039925
60337,0.005176259062511257
60338,0.0362188752047286
60339,0.010210567381690936
60341,0.0034624844361372926
60342,0.01325065730668334
60345,0.10833076726444484
60347,0.02226655790046324
60351,0.002986301786550017
60352,0.013335427676212892
60354,0.056535018814449264
60356,0.02599653208785345
60357,0.006445843631187948
60363,0.03944793230936874
60364,0.13984223369849386
60365,0.03175932641538036
60369,0.0029862560289283502
60370,0.041116381569292836
60371,3.990608369638435e-06
60372,0.003098006818821713
60374,0.016006441813593713
60377,0.0031948742289675683
60379,0.00018637065860070356
60380,0.02754169807685607
60383,0.03581394952869344
60385,0.00028757199955893484
60388,0.013016333033783944
60391,6.085935605548171e-07
60394,0.007917068823068649
60395,0.021819217844692488
60396,0.003431518377769678
60398,0.10795472408996527
60401,0.0012773206917350182
60402,0.01716941545940227
60409,0.002746874534555219
60414,0.003312201738418832
60416,0.018052224324887445
60418,0.0008394803223451091
60421,0.01335740456908971
60423,0.042507802356576155
60424,0.14252757006456182
60427,0.002745849509470178
60428,0.008773641774446412
60430,0.04295801219759632
60432,0.00020650946292732078
60434,0.01758943622579851
60435,0.027684601133394736
60441,0.0026302228491740455
60448,0.0036806533220235848
60449,0.0009791377157972372
60450,1.5042869353744055e-05
60452,0.00028747337176255667
60453,0.003751006870803599
60456,0.003948190483716297
60460,0.007875206712253483
60461,0.019879487362222215
60463,0.0011384213137489714
60464,0.0031953992015006662
60466,8.05571930360137e-05
60468,0.0016221556367521327
60469,0.002548502049943049
60471,0.1603889380870484
60474,0.04857953746705007
60475,0.003924397818252703
60480,0.037068770641984175
60481,0.026819699844433626
60484,0.004124291737504058
60486,0.11071944986228506
60487,0.0033171002186113195
60489,0.022860429011530885
60492,0.013694049465812236
60497,0.020015891346922127
60498,0.003255624171306435
60502,0.043348762687454724
60503,0.007190303309949576
60507,0.1219807957664236
60510,0.14334135317702437
60511,0.0034624844361372926
60512,0.004968673936893076
60515,0.13457636819304972
60516,0.006722151523532547
60518,0.01642939943998002
60520,0.03703276206091512
60521,0.004103499434607871
60523,0.0012870036350401306
60526,0.004984670731590576
60529,0.0037582643342355796
60533,0.004457475631890505
60534,0.10273145711694512
60535,0.003458450898309794
60537,0.0029205164949045073
60538,0.000504478865238799
60539,0.005954134434136664
60542,1.6632805206038358e-07
60547,0.012855514925824069
60552,0.08078345512117889
60554,0.016226702433505845
60555,0.014971419079506335
60558,0.009709416460541317
60559,0.03287693510331286
60562,0.26242024202826086
60564,0.008060795903091673
60566,0.07001352843782074
60567,0.00814481233958799
60570,0.017309251531300328
60574,0.016448031013321963
60582,0.005813183756721753
60583,0.0027205438926676015
60584,0.009657768363879047
60589,0.033190390307546905
60590,0.08909224303461268
60598,0.14339924711335642
60603,0.07579825358171643
60604,0.031174034105236153
60605,0.00962123649934924
60607,0.025613828302494313
60608,0.014894975265605221
60610,0.09195370373826263
60611,0.02155961000144899
60612,0.030082262927378835
60613,0.0021862345488513893
60614,9.346575297926789e-05
60619,0.12184885234129215
60620,0.0018059074888173963
60622,0.0442710177317989
60624,0.01621574277968213
60627,0.049070261796073635
60629,0.039505097143804235
60630,0.0004167367192276767
60631,1.8116509502135436e-07
60632,0.0024934188369095354
60633,0.004478496495764254
60634,0.0018742836434946818
60635,0.004272020491465677
60636,0.004490064387116742
60640,0.020269730802164508
60641,0.00014200290918400492
60642,0.011633745399922256
60643,0.03216679585550469
60644,0.0009458842535316497
60645,0.002662514845692977
60649,0.026665274292483634
60650,0.008164107643367127
60654,0.01990576429095255
60657,0.09237904642590865
60658,0.03458108258996317
60659,0.03391721436768041
60660,0.0024269429777168585
60662,0.027019009151645387
60663,0.08536510250716453
60664,0.013172878249138159
60668,0.043289766048129584
60672,0.06485264972442796
60673,0.00032610816092698504
60675,0.009276296558582324
60676,0.22870654416745748
60678,0.09066781076616223
60679,0.006524334914946858
60683,0.011225072691522864
60688,0.028013139997363466
60689,0.08173363691299432
60691,0.008069607696722167
60692,0.01868059149414186
60693,0.002593461158578962
60696,5.2404050343588244e-06
60697,0.023686999785796678
60702,0.0017826395652962082
60705,0.003056995048079463
60706,0.00808820325444993
60708,0.003468654187423186
60710,0.016749045770347637
60711,0.014794125719820436
60712,0.003166179006441075
60716,0.02088064361439852
60719,0.021345012937697888
60720,0.020228939961218946
60722,0.00421484305169829
60727,0.003754719350338999
60741,0.0033879689205027893
60743,0.011129332670609856
60744,0.04239258368810422
60745,0.0051583447961028135
60746,0.00877551919218258
60750,0.08637835518548108
60752,0.05814655498598446
60753,0.080598896341649
60754,0.004426863035584069
60756,0.02460710911879805
60757,0.018052224324887445
60759,0.028866591335707306
60766,0.0033655092741860554
60768,0.0034074168038356867
60770,0.0023414277377362494
60772,0.010907844502189111
60779,2.2691437045703223e-10
60780,0.004418411427698847
60782,0.034395413301586575
60788,0.007874353532312597
60789,0.001747060792573857
60794,0.004264206570190317
60795,0.009161071762755874
60797,0.005818529632162636
60798,0.006094037997143788
60799,0.0004426827732443039
60800,3.701436072086604e-05
60809,0.0036009964433535786
60810,0.04979205150890338
60812,0.10697591357712277
60813,0.00747589000331721
60814,0.014047461049356426
60815,0.0004476639256540239
60817,0.0024927622966551335
60818,0.007468785039665639
60819,0.003766232636708896
60821,0.015528268761599106
60825,7.057073723743871e-05
60827,0.0037377898490946744
60829,0.0030671819742469023
60831,0.0017328432684415034
60832,0.013383086870278758
60833,0.0033602441703394336
60834,0.01092074089463122
60836,0.004868509769930931
60837,0.024635669988355566
60838,0.01988786057636094
60839,0.04875034363717698
60842,0.050251888926462165
60848,0.05364807738760279
60851,0.0028131811341633997
60852,0.10348598529424016
60854,0.014101597154959226
60858,0.027162594983237927
60859,0.008682542622015033
60860,0.010056603736072547
60862,0.008998058843214512
60865,0.0029968089573499754
60866,0.018052224324887445
60868,0.17565540625563542
60869,0.05682418703981311
60871,0.011811491671928874
60872,0.005651385643720566
60874,0.003978330020781493
60875,0.0182142682911715
60876,5.609669464216288e-05
60878,0.006682517346562557
60880,0.0015160349135887703
60882,0.0017777352268444927
60883,0.2765611729863623
60884,0.1282415222802341
60886,0.0020653630983190727
60891,0.10097268580157372
60894,0.00030359385508306485
60895,0.018052224324887445
60898,0.005650152346811839
60899,0.011503286663247833
60900,0.027130644084218933
60901,0.01139364044415557
60902,0.10963893160380515
60905,0.02195708176807183
60909,0.01057944995997682
60918,0.002272361160146995
60922,0.008817657267225129
60923,0.004446292560147369
60924,0.005105882611687856
60925,0.037030445251980584
60927,0.003830215957940153
60928,0.017836124457117845
60929,0.0034605765848199754
60932,0.08143011868563936
60935,0.020467367192935876
60940,0.012820866810415834
60942,0.12831033640317716
60944,0.00560517032283618
60949,0.12280361374549638
60951,0.0023387396445922336
60957,0.008953416296317396
60959,0.02384785041744254
60961,0.0030364840012757285
60962,0.05006828894191687
60963,0.001280433122367777
60965,0.11785745171369398
60966,0.0004613229134229623
60967,0.003036383975966692
60969,0.013809579179893904
60970,0.009436763832831561
60973,0.004739383540874284
60974,0.06258755305870647
60975,0.015593789868506772
60977,0.04332077777039658
60978,0.004479809963106298
60979,0.02347810206266323
60980,0.003369361886114857
60981,0.005872744075924586
60983,0.022893916069817718
60984,0.08936417871959199
60985,0.0015585091163764632
60986,0.020250831466358102
60988,0.012822866476774598
60992,0.0057809479022833355
60994,0.0022995964959397984
60995,0.0001501560406664234
60997,0.1548746399966031
61004,0.0005073463257045974
61005,0.007915144005438222
61008,0.016132517849873275
61009,0.05944096610479784
61012,0.004559800885443066
61013,0.02116698687772804
61015,0.0016200558794797453
61016,0.007196397376276287
61018,0.00811284554193639
61019,0.004831243781311288
61022,0.01570119029582931
61023,0.003205715446813958
61024,0.13735790843504306
61026,0.00723749709076937
61027,0.01329417070207356
61028,0.00529137005145576
61029,0.024657583217484156
61034,0.01272959504711409
61035,0.05915630962623429
61036,0.009005061424023422
61037,0.029019381251901257
61038,0.003862437647633483
61039,0.0034993079666568385
61042,0.0039050141044227444
61043,0.005635635274667022
61045,0.004666359978895443
61047,0.07625015437956809
61048,0.009907643889038881
61049,0.13337310878422604
61051,0.0018232955337360703
61052,0.0036115857043057037
61053,0.039770735989085045
61055,0.008496618387295743
61056,0.13609830521272898
61059,0.018052224324887445
61062,0.0036132547949520636
61063,0.009016331970658844
61064,0.008570072755162243
61065,0.0030762746025064782
61068,0.008587574659815833
61069,0.002638801531642478
61070,0.0034052872372718956
61071,0.025480019340046976
61074,0.0044998730666462265
61078,0.02081903433763108
61079,0.003089354238630572
61080,0.014103337569805256
61081,0.08823363182956527
61082,0.0034181099714403135
61083,0.0280489851898277
61086,0.0021699900349942073
61092,0.04201070400521685
61093,0.05591658961561775
61094,0.0007598692998130092
61095,0.0054318807392904015
61101,0.00021406953300995673
61102,0.12514377331486293
61103,0.008064618975680862
61104,0.006744409085171535
61105,0.016340728491905036
61107,0.08381252017389904
61109,0.03440244635899878
61110,0.03484925222967788
61111,0.007441970055677154
61112,0.024096502955625005
61114,0.003967414312943669
61119,0.00793170178061117
61124,0.023151713014545203
61125,0.004430846852741359
61127,0.00975106083188464
61130,0.029217063319141225
61133,0.0013796278982816975
61136,0.016569065202535236
61138,0.012905495802946724
61140,0.0038684444313315893
61141,0.009655257354554792
61145,0.004579296352176033
61147,0.0034946377432281592
61149,0.00538124748556836
61150,0.0017900150330812117
61151,0.036591186189708094
61153,0.02666055396278794
61155,4.009662413031221e-05
61156,0.0022531284721277784
61159,0.018052224324887445
61163,0.019316604006219717
61164,0.02244667112988909
61165,0.005179227264778233
61166,0.025635971483826885
61167,0.07941370768426646
61171,0.004501987665464492
61175,0.07960667991098876
61177,0.00010522787366174817
61180,0.005824869665069172
61181,0.002698079856794362
61182,0.13257347110597936
61183,0.012034448983765387
61185,0.01715893109326498
61186,0.004070027712793012
61187,0.025787855444721345
61188,0.013621248625787749
61190,0.016191796057334274
61191,0.0038730166870981765
61192,7.865031004099302e-05
61194,2.4195661128274876e-05
61195,0.008917378443107058
61196,0.0034624284101489006
61198,0.003217136252148929
61199,0.00465417251234669
61200,0.0030294462001016717
61202,0.004528042282976152
61204,0.008534330586194343
61205,0.05119365145419828
61207,0.0034582003375354213
61208,0.006212941837670907
61210,0.0015562395931778528
61213,0.004039681529338008
61216,0.036747049852000266
61221,0.10550286199436018
61222,0.00867567679427513
61223,0.0035677269834567286
61224,0.008605516651763637
61225,8.619735559399359e-09
61228,0.10594748234918228
61229,0.0017565730700868903
61230,0.022456347535099595
61232,0.04901357176265301
61234,0.02566587753961255
61235,0.0384956738898922
61236,0.0027128913985932732
61237,0.0037787984407221145
61239,0.0040112193542925145
61241,0.015590982846917602
61242,0.004443042586257411
61244,0.003881661084095044
61245,0.005618819409768954
61247,0.005980145069561952
61248,0.019384242526493522
61251,0.0027555652601613597
61252,0.01964694555278273
61253,0.01252722696335416
61257,0.004073634340471494
61258,0.03514234548988431
61259,0.030887990242417427
61262,0.01088145262595638
61263,0.020258620980087082
61265,0.12402383238109026
61266,0.016747784306200775
61268,0.00011077205300164724
61270,0.05215800209473675
61271,0.056686846761998484
61272,0.003963999230635637
61274,0.0022223703772951994
61276,0.011524175015999675
61277,0.00016108732162155526
61278,8.673744134792797e-18
61282,8.714039154198578e-07
61287,0.005482114929337323
61289,0.003944278002900846
61290,0.009669094301339446
61291,0.006718000899150548
61293,0.08125609416290192
61294,0.008733118834536539
61296,3.159316216321139e-07
61297,0.007304978041468659
61298,0.008269444359696444
61299,0.19528723551232874
61300,0.015141966233161094
61301,0.012666381580715192
61304,0.006663725356236903
61305,0.003611574063456119
61306,0.00419153610239683
61309,0.008091637942269558
61310,0.04270331858455208
61311,0.006032437494831296
61313,0.007217028898899232
61314,0.001861312975768544
61315,0.06659633874778838
61316,0.03920700445581324
61317,0.006267009034398991
61326,0.008811520819582985
61327,0.06595225716266422
61332,0.0030847720162787947
61333,0.026034212574666253
61334,0.0005650558915174317
61335,0.013142173293806304
61338,0.017049168517027136
61339,0.026226127320853117
61341,0.037426243825507424
61344,0.005989298813216134
61345,0.0858276603091608
61347,0.0029140793855692163
61348,0.0006657371976116459
61352,0.12053260189524137
61355,0.0016809186681817508
61358,0.05523348540797644
61359,0.034140312555849726
61361,0.00381219057369066
61363,0.003484768926477344
61365,0.0008628061674951884
61368,0.07107333001537211
61370,0.00885510122226104
61371,0.007440299036056632
61373,0.00029285065970760966
61378,0.002677764462231324
61380,0.0005961503672203965
61389,0.3193888624952644
61391,0.06416515127378566
61394,0.06925170188424473
61395,0.013575633623803651
61396,0.023263850072972183
61398,0.007864053332944182
61399,0.03527589886344343
61400,0.028071378641905224
61401,0.005991615784734537
61402,0.030607417143676822
61403,0.004426511030357983
61408,0.022103393118756115
61409,0.010038169307225661
61412,0.0021841311127816
61415,0.10992270414419635
61416,0.00992690862551908
61421,0.11067648825480855
61422,0.04231563908401507
61427,0.005341158942606425
61431,0.0034348322938443226
61432,0.00566263741035006
61434,0.11307047091447961
61435,0.00014566243956775783
61436,0.013711015460635523
61437,0.004923200279736489
61438,0.004064457765204817
61439,0.0014280301986546245
61440,0.004676074907078084
61441,0.029030244543898864
61442,0.0021774015668043537
61443,0.004539712730860463
61444,0.0039237097661914124
61445,0.004404735227046748
61446,0.027375016583778288
61450,0.005377294967718252
61451,0.004536385366173256
61454,2.0655179601899864e-06
61455,0.0157935691054727
61456,0.011073749892580576
61461,0.04271233465420285
61462,0.007439777241952342
61464,0.00911244755650552
61465,0.021883149411309154
61466,0.08249250275838672
61468,0.04758917495232685
61469,0.004699510590424646
61470,0.0052402190275292046
61471,0.022060773144657188
61474,0.0013842241503328378
61477,0.00022065983586020484
61479,0.014227962995048044
61480,0.008525865930803076
61482,0.05016445831934897
61484,0.003940581991349677
61489,0.02433720870536419
61491,0.11812378412393974
61495,0.025503586594695087
61497,0.023739538047956154
61498,0.06927366289789616
61499,0.006450868639604799
61500,0.018052224324887445
61502,0.009573667626839122
61504,0.1348608084687236
61506,0.005605729157136237
61510,0.010902966637335634
61511,0.007825939441317336
61512,0.026000934946686923
61513,0.010738520227247061
61515,0.007205366623770635
61516,0.008254777050291406
61517,0.007670311433755379
61521,0.004059406288042405
61523,0.00017605476443655494
61524,0.10543775776245921
61526,0.045445867547957576
61529,0.006849980249458174
61530,0.005600966931858767
61531,0.0035531785910146744
61532,0.14965332266631368
61537,0.0004332721177697645
61539,0.0350025322772945
61542,0.003147168050958514
61543,0.04330514513390523
61544,0.024640854911304116
61547,0.003859232624227885
61549,0.00503078555319766
61554,0.0016133536940930511
61556,0.003916486967578483
61558,0.005637479304628054
61563,0.01073339198771172
61565,0.0029238821071380094
61567,0.002986406192943805
61569,0.12922034752202485
61573,0.005691678780966667
61576,0.003711132230097973
61577,0.004314657971546376
61580,0.01148343464945896
61581,0.022959859884807515
61584,0.011798346197980538
61586,0.011105945551193243
61588,0.00021159158963422528
61590,0.026067510576686746
61591,0.006837348238233251
61594,0.12276902124970918
61596,0.047256211186753334
61598,0.0025094656060299027
61600,0.038997789650898104
61601,0.14717077255985778
61602,0.02332203336999375
61606,0.13283677747258693
61607,0.010453617600449414
61608,0.0034005616609955693
61610,0.021962863024432955
61612,0.002553199538373313
61614,0.06257523176494441
61616,0.1472251510070139
61620,0.0027698212130026012
61622,0.15193255626042965
61623,0.00272797471320105
61624,0.0021925184471220135
61625,0.10497208342238157
61627,0.002401044636400049
61630,0.13258233651296225
61631,0.0037607417572053676
61632,0.0018859304911017748
61633,0.02708599975121216
61634,0.009264867671672141
61635,0.005129333274332838
61636,0.03948203848242831
61638,0.04164486102744049
61639,0.024419622937668937
61640,0.018052224324887445
61643,0.05511681525431971
61648,0.0090213792592687
61649,0.010298700476749002
61650,0.0034288356970217327
61651,0.0034904009721798412
61652,0.015183017374979046
61653,0.003679405430936381
61655,0.004511948972487217
61656,0.01950628587356018
61658,0.0003637241685754153
61660,0.0029052045303605764
61661,0.0045569316373927264
61662,0.005007108651928224
61665,0.00034655633242628646
61666,0.004970480296298625
61667,0.07219799286383234
61668,0.0029968089573499754
61670,0.0027393329802403534
61675,0.020687785401139757
61677,0.09571422786985859
61680,0.10761659865056672
61683,0.06859138407456174
61684,0.0026762396578989558
61687,0.022325635403626184
61688,0.008295479559478946
61689,0.05970034334227382
61692,0.013095678156636517
61693,0.10144982594057728
61694,0.006315480679175441
61698,0.018052224324887445
61699,0.0111902370802474
61705,0.0064613677137406325
61706,0.006296774312122189
61707,0.013639206204237983
61708,0.0065314806949337565
61710,0.013910000529850017
61714,0.0058889351069147415
61721,0.13687170255410405
61722,0.002750417311683206
61723,0.0020737382926899087
61725,0.048673469044832884
61726,0.008745086374120583
61727,0.08433888547803871
61728,0.004578125326377103
61729,0.002689662372686104
61730,0.004695905263513357
61731,0.005181635680438212
61735,0.023462498627104547
61736,0.03827189582641797
61738,0.0026159249944234107
61740,0.008300160447325207
61742,0.017168997747424752
61743,0.024873179201615348
61746,0.018209616851067957
61750,0.03672709611233492
61751,0.007562510339136427
61753,0.0021975945623868244
61754,8.51083627257264e-05
61758,0.00356648577619169
61760,0.0036018069355063763
61761,0.03723847642552835
61765,0.022772282560593386
61770,0.007753556574200712
61773,0.004937424318346789
61774,0.000139537794165421
61778,1.1551595837785637e-08
61779,0.0216028718003638
61780,0.0004712064852498326
61781,0.02072754467632748
61782,0.0026084536169689635
61784,0.005730671932912609
61785,0.044677986278961426
61786,0.017778772146888822
61789,0.004944599609586733
61790,0.017156632260491883
61793,0.0022237216980605197
61794,0.01386655473370215
61797,0.013267253423570676
61798,0.004717367629597049
61799,0.017108602947962327
61800,5.8699970749783975e-28
61804,0.022719347918655302
61806,0.018052224324887445
61808,0.07858116681680805
61809,0.006133001148768695
61811,1.5147688995937905e-28
61812,0.13601808354368025
61813,0.004548636207605182
61815,0.000703240920474686
61816,0.0072402971218866
61819,0.13411097639587352
61824,0.03171472827998064
61825,0.07704006095098336
61829,0.08350455200490227
61830,0.004928847991697697
61831,1.1421654783917665e-08
61833,0.0014373109714014625
61834,0.023462498627104547
61839,0.004104786125609087
61842,0.04360945683356654
61845,0.05026901562330564
61847,0.003172191380154901
61849,0.002949876037192011
61850,0.08136280008866772
61852,1.1723682450317785e-11
61853,0.00897160509659093
61854,0.02527922019594986
61856,0.004389055300242737
61857,0.02478539587344231
61858,0.0034629797327057864
61860,0.018052224324887445
61863,0.025203730359972247
61868,0.01461467981634041
61870,0.00044666017123765143
61872,0.009398919854379902
61876,0.01892501626409621
61878,0.004201234525788308
61879,0.005995374615061215
61882,0.005495020125923736
61883,5.6700307095360815e-05
61886,0.00435595721862615
61889,0.0006457948044814602
61890,0.004425227246970652
61891,0.003409676557445486
61894,0.045188519247439586
61897,0.04126654059870175
61898,0.004304007107858562
61899,0.0011202676749678992
61900,0.009318930350707069
61902,0.0012020892352596006
61903,0.003694302060510218
61904,0.0027690896946986807
61905,0.00023255700981444932
61906,0.13469217450103727
61909,0.00823299203873893
61912,0.018052224324887445
61913,0.005121768540432062
61916,0.03002307103958011
61917,0.016302966537564294
61920,0.039426258802662435
61921,0.00021749549533783073
61924,0.06264219949802319
61925,0.10100336654469341
61927,0.030574687493951917
61930,0.0022003124540827044
61931,0.008976425724891084
61932,0.004590589884436952
61935,0.007618564098784331
61936,4.1945668167016114e-07
61937,0.0006079467523220206
61938,0.011365937696230486
61939,0.03909554580940904
61940,0.00978941719608603
61942,0.02142399730286417
61944,5.382381798667755e-06
61945,0.06927598539752705
61947,0.002239794283305769
61948,0.009217317600977193
61949,0.003510321511718031
61950,0.010952797331197696
61957,0.05342255508997827
61959,0.001458210009555301
61966,0.005884120850852724
61969,0.014137112224161514
61970,0.047750739167487656
61971,0.022129117664134192
61972,0.004619469443609031
61975,0.0036669248724734635
61976,0.036290797038236317
61977,0.00362498974022259
61978,0.003403702953474019
61979,0.011354575053100805
61980,0.05650370586874374
61981,0.12321880549394199
61982,0.05423563301068741
61985,0.21654422666205306
61986,0.019313579182248665
61990,0.012665623403286577
61991,0.08962650448916892
61992,0.008543546195311516
61994,0.03215924033177669
61996,0.0526010016965058
61997,0.0033447706795769684
61998,0.00022087580875207867
61999,0.021846217585913374
62002,0.031746090372375475
62003,0.004391522062125866
62004,0.01140962295463032
62005,0.14452607431041464
62007,0.003495244058106598
62008,0.005846652002684813
62009,3.248747535146074e-05
62010,0.005674420506120757
62012,0.019346151611504613
62013,0.09671597798635724
62016,0.004086924641553513
62017,0.04251903469165251
62020,0.006611232314434483
62026,0.1419003984289854
62028,0.00020923104355362573
62035,0.00845655731612142
62037,0.0030943593715154548
62039,0.0022544090863786527
62042,0.0040859421491702816
62043,0.0024300501291666023
62047,0.03417557827663419
62048,0.0005569058916734531
62051,0.018052224324887445
62052,0.02436650903532983
62053,0.003180953167098063
62054,0.010578205386850264
62056,0.05028265578355734
62057,0.00010996232105889979
62059,0.015169489098664031
62060,0.014249423155091659
62061,0.1798826539933417
62062,0.016735311309160537
62063,0.00012938840249016847
62070,0.0010532374095148602
62071,0.0059692223373236574
62073,0.002920434644804933
62074,0.1160887090061014
62075,2.4379372486338196e-05
62076,0.019972780726727552
62085,0.009637804787816619
62087,0.018195376833197854
62088,0.00581507318726826
62089,0.15034072935872986
62090,0.0032912664521486884
62091,0.019577982400890565
62092,0.09671597798635724
62094,0.13986579768828628
62095,0.003135731022344613
62097,0.0025428935350727154
62099,0.000987941724305036
62100,0.02892770097620564
62101,0.02302767318085251
62103,1.1328925863392065e-18
62106,0.09574188989049394
62108,0.0038395703244490844
62113,0.017924282685876904
62114,0.02239943346525941
62115,0.017625107165811504
62116,0.052808131562271925
62118,0.0032529877505875784
62119,0.017640894764316083
62120,0.10205950756909463
62121,0.002534096277255869
62123,0.03690543523166916
62127,0.0018706060775226662
62130,0.02066180973036056
62133,0.030666842763961095
62136,0.012589000291537835
62138,0.03227427115740428
62140,0.002761815275441987
62141,0.018879790097087283
62142,0.0005706058374970687
62143,0.007209912609462244
62147,0.003908066176489199
62148,0.004705112630770162
62149,0.04241755428175073
62150,0.007275478994325786
62151,0.005304862807830643
62153,0.01814869444614715
62154,0.00046260698595417394
62157,0.07121439740365285
62158,0.034864282593502535
62159,0.002256260396266228
62160,0.08498841197696867
62164,0.006909248033270354
62165,0.0034623404559940302
62166,0.0031819465234009096
62167,0.11105795126998774
62168,0.06821861971473488
62170,0.03413704601112657
62175,0.008883314159269498
62177,0.00020176705413562583
62185,0.0033037167524169824
62186,0.004676036422857431
62188,0.0032232457235433303
62189,0.0005752480867171574
62190,0.004356666249404525
62191,0.010595005241789444
62195,0.0008326561673279666
62196,0.010889180496606914
62197,0.006048159934808107
62199,0.0021877155024070706
62202,0.0023294643657933685
62203,0.0043093309697645925
62204,0.004520800135326478
62207,5.467901997878201e-05
62210,0.034245932618492805
62211,0.0015092564835351692
62212,0.12894904474029523
62213,0.0030386873679900074
62216,0.02558085389874124
62217,0.0028034819139211445
62218,0.1312508883973718
62220,0.0022095288618225275
62221,0.0038325574692483788
62222,0.1396025280870965
62223,0.009754139752178708
62225,0.007132092075373198
62226,0.15556469252219765
62228,0.02121044110192224
62229,0.00020925297593046808
62232,0.0029694691810427925
62234,0.06475742938849925
62244,0.026286454165401558
62246,0.03344849140062903
62248,0.00012476793145848176
62249,0.0042913308712158645
62253,0.10805004268943785
62254,8.228198613185604e-05
62255,0.02387585791070311
62259,0.0066114800039671
62263,0.015909032349758937
62264,0.0034366947564895486
62265,0.027875768090494177
62266,0.005300329961860775
62267,0.0011461538226121152
62268,0.018052224324887445
62269,0.02319425176489924
62273,5.109756209415045e-05
62274,0.01590799487350924
62277,0.018052224324887445
62278,0.10323397815349193
62282,0.004928266583169958
62284,3.237684413055337e-05
62285,0.004884702933682477
62286,0.039888297567095804
62289,0.06073187353513996
62290,0.02149366198136591
62293,0.0030574233354447224
62294,0.07958609652280148
62295,0.004058053587754116
62297,0.041410947232530464
62300,0.004888693344861407
62302,0.024661615025826453
62303,0.022203457284810418
62304,0.04032232485918183
62305,4.370607613488033e-16
62307,0.024904601056733196
62308,0.003454582939021493
62309,0.08209942191178132
62310,0.1594319369919198
62311,0.003947446278832521
62313,0.014792613919731494
62315,0.029245773437259804
62316,0.022319734599144405
62319,4.593918595358938e-05
62323,0.0066741930024073704
62324,0.012015796703199197
62329,0.07578069556224643
62332,0.027022898503133448
62333,0.022107630763585108
62334,0.023887540366963635
62335,0.025387106417393397
62337,0.003865152405341426
62339,0.018983865358348704
62340,0.004143503903019337
62341,0.0037812035107625736
62342,0.003882958088100654
62343,0.006663102994797385
62344,0.08248510206730164
62345,0.03248025168924259
62347,0.07560425153745622
62349,0.05052542150352701
62350,0.10509879135880372
62354,0.047328334651872694
62357,0.002980480798203204
62360,0.008147640988968311
62364,0.04044720578178927
62365,0.008202216217068806
62366,0.003334667695194728
62369,0.19174689033551914
62370,0.006687166622192358
62375,0.00436134440589088
62376,0.004919714223443939
62377,0.0058842941260072645
62378,0.002958292494165236
62379,0.020554250003407236
62381,0.01454714297795458
62382,0.11275302346942623
62383,0.14196617359565467
62384,0.0029248435845948507
62386,0.024788070955174272
62387,0.018365479013240392
62390,0.0105791912159818
62395,0.006210838567139542
62396,0.006862544409478113
62398,0.007253579646609582
62401,0.09987254771053665
62402,0.08189420829747146
62404,0.0013399347927574956
62405,0.003701561093481157
62415,0.0028465877922180926
62417,0.004666464458841785
62418,0.0036487858902974676
62419,0.004275253660882236
62420,0.09386092322905373
62422,0.030718535408415668
62423,0.010902410501327132
62424,0.13237066554351984
62426,0.14814551311369992
62427,0.0047412518210666315
62429,0.00825145493193625
62430,0.13574548754238921
62431,0.020476756991122263
62433,0.0042664817609369965
62435,0.003877352031364942
62438,0.022262758608594484
62442,0.10436947060924259
62446,0.07214753386237749
62448,0.002915726276896417
62449,0.07320400389746265
62450,0.007166285044358959
62451,0.005311608732657087
62453,0.0274136217477692
62456,0.14469466039029916
62457,0.00476546818005659
62458,0.036063727750864936
62459,0.03120933629454616
62461,3.2892593723000754e-06
62463,0.015597672081871674
62464,0.005204839375673179
62465,0.003029770752292562
62469,0.12353257330052084
62470,0.04640893281649149
62472,0.0009018053899321808
62479,0.023061170826226673
62481,0.03295497405492808
62483,3.0295573396720903e-05
62484,0.0013185049385942736
62485,0.017893210353740398
62488,0.02831538395729797
62490,0.10283341352423223
62491,0.022515188240722017
62494,0.0032628758648331558
62495,0.005357319853140364
62498,0.007010274068284684
62500,0.0037797749083077338
62501,0.009379208416177317
62504,0.0190205994800045
62505,0.0266594950564704
62506,0.0007121506965080727
62507,0.006591239167559911
62509,6.645038531329855e-05
62511,0.001980709880389273
62512,0.0034624151556216427
62515,0.010424575089802464
62518,0.004034303526472719
62519,0.00334937706532952
62523,0.007167555158654511
62526,0.0027951626507273877
62529,0.0822659312370894
62531,0.019825523166345515
62532,0.0001942805950565864
62533,0.13009377487706283
62535,0.0008647910174254769
62537,0.005161891581168562
62538,0.10185676871107141
62540,0.0032739910962682446
62541,0.07081780545566857
62542,0.0106876474468324
62544,0.005045697851795948
62547,0.0038484540599526026
62553,0.09147129354778101
62555,0.012972534471661721
62556,0.07205822126556137
62557,0.0281921328671649
62561,0.01198246441724539
62563,0.021903902879597297
62565,9.406250885976103e-06
62568,0.007913385811914432
62569,0.1279225925728625
62570,0.013059627008735763
62578,7.853785067633797e-14
62581,0.005926468980396518
62582,0.02943213448611366
62583,0.004659132198251382
62584,0.004948513043935271
62585,0.007369723580761818
62586,0.007890562916529984
62587,0.012947541921464722
62588,0.004044246622022416
62589,0.13624011129672917
62590,0.002315140841427625
62591,0.023884676747172998
62593,0.13973852661221767
62594,0.0026218614112757427
62596,0.008442682947292134
62597,0.003947418930975821
62598,0.0035757457558675356
62600,0.024482489988182067
62601,0.0008299973097885468
62604,0.015795268177743564
62605,0.003851571982294464
62606,0.05326824693135874
62607,0.005013902501053565
62609,0.04725333434106545
62610,0.019272985327755607
62611,0.005044931184402271
62612,0.02192321558089394
62617,0.015375766782075372
62618,0.0013098552491188366
62621,0.0029278912697743736
62622,0.002414623372830408
62626,0.01612612126678813
62627,0.14346391143586334
62631,0.003571168853627512
62633,0.003813979908169535
62635,0.0003694952427618337
62636,4.2983295861872163e-05
62637,0.017617933928210344
62638,0.004635155750289739
62642,0.001417170268364029
62643,0.002986426580039406
62644,0.08672969270377928
62645,0.00031725336443075877
62647,0.0029938960494756647
62648,0.023958224076756292
62651,0.004856197127184503
62653,0.005372597846153529
62654,4.4462122561280774e-05
62655,0.005392498688349443
62656,0.028666241866186562
62658,0.0028678556467777567
62662,0.018938273394833727
62666,0.019975733408317212
62669,0.002888897220574378
62672,0.014085430822310327
62674,0.01542692882406105
62675,0.08999817086878989
62678,0.004234508765570099
62680,0.011132788241973337
62683,0.032257758147252735
62686,0.006024722849245313
62687,0.013912898637500856
62688,0.045941589374037944
62689,0.003917305126660566
62690,0.07020398921031175
62691,0.04229985926032723
62693,0.0012905358124141366
62694,0.06463350843638141
62696,0.004559368756210815
62698,0.10767071174476846
62699,0.14770155796099427
62700,0.0021425147650633402
62701,0.016715996243527886
62702,0.008990767124531715
62704,0.050251888926462165
62705,0.0023437261186063057
62706,0.020314967918336063
62707,0.08369582965228027
62708,0.0010830046294972367
62709,0.004442931550728923
62711,0.013777396234842329
62715,1.5510032843748304e-06
62720,0.004937805950661482
62721,0.0037609788047740502
62723,0.0029847985527181988
62725,0.00492651565401975
62726,1.0138988312277415e-05
62727,0.08067053008994927
62729,0.1445557772919619
62733,0.013921252146921761
62734,0.000655466204523898
62741,0.008372369034423484
62742,0.14856615793510183
62745,0.008685472954939674
62746,0.011729478538587464
62749,0.002278970508551612
62753,0.0008818231617820399
62754,0.006460099493739866
62755,0.03294196696176722
62757,0.036005938930131695
62760,0.014810228220399032
62761,0.1304799452719311
62764,0.11751526974931412
62769,0.0004627067289439727
62776,0.00016722332395403787
62777,1.240901765303976e-14
62779,0.000986491514202521
62781,0.008020321117112032
62782,0.01579486195000636
62783,0.038579992925615494
62784,0.05737902205887091
62785,0.09773837423141038
62787,0.004870153685773948
62789,0.0074695456704127125
62794,0.0029790569770695966
62796,0.008443838707431843
62797,0.003961518333599309
62801,0.014549410648200908
62803,0.000330457876758513
62804,0.001700520812642499
62807,0.018052224324887445
62808,0.004216067083352887
62810,0.004822617926661017
62811,0.013912610448443939
62815,0.05308513639152543
62816,0.00664651148366449
62820,0.0089955490930257
62821,0.018170768784615994
62822,0.0035767075412674655
62823,0.0467949500579418
62824,0.0018549451575603719
62826,1.1050874734517809e-05
62827,0.004257667498699842
62832,1.2240510453726835e-05
62833,0.00237234717384126
62834,0.007679911747930256
62838,0.0007003353617031035
62839,0.013047570222152034
62840,0.006880114154805726
62841,0.0037567785916048212
62844,0.13997949837452153
62845,0.024482489988182067
62848,0.014474449919226572
62849,0.008986239026234874
62851,0.06888783461385938
62852,0.08840871134631154
62854,0.008005517286714994
62856,0.003462452506037705
62859,0.004920914075307722
62862,0.10123438454673583
62864,0.011300664742259176
62865,0.005837358985625791
62871,0.004086902416504171
62872,0.14299319854428869
62873,0.11942801490121945
62876,0.015103175497147755
62877,0.033103826541879156
62880,0.057780807840887745
62882,0.024482489988182067
62883,0.038096779894175016
62885,0.00402041705550939
62888,0.10100336654469341
62890,0.00285481509567307
62893,0.004242080386808021
62895,0.00406670252401225
62902,0.13237066554351984
62906,0.023553718768390828
62907,0.005061173297146625
62908,0.00608633652091776
62909,0.10308897511353154
62910,0.04320516423858486
62912,0.013009233964300914
62913,0.029744030147447323
62915,0.12646407239670374
62918,0.0033517458453452952
62920,0.03138188418764578
62921,0.12028239618541313
62926,0.017484784771142653
62928,0.005524545285536068
62932,0.024482489988182067
62934,0.040475133838362196
62938,0.003083509194789619
62940,0.002407077680008901
62943,0.004500174910851593
62944,0.002528104663931836
62946,0.00552763502659303
62947,0.07306312685122728
62948,0.004673810785357514
62949,0.004132722498683195
62953,0.003411683531639308
62954,0.035134192906933315
62956,0.004771648910984881
62958,0.0029851415652531023
62961,0.003950965850860541
62962,0.003947425084776999
62964,0.01695638805537701
62966,0.0030103510101888837
62968,0.004195255266515951
62969,0.00763247235684691
62970,0.005711268041565426
62972,0.018167587895177868
62973,0.013928156474180912
62974,0.008535923545205106
62975,0.033388401343579344
62979,0.008393258665977095
62981,0.06375802531258842
62985,0.0029796798672569896
62988,6.092201162976844e-05
62990,0.04193412384610442
62992,0.021475550228793674
62993,0.04206721625505079
62995,0.003578551592929102
62997,0.0019874886451112924
62998,0.00849384062356458
63001,0.00567986055646879
63002,0.0013312716502911165
63003,0.0071949723795915205
63004,0.003951242441155816
63005,0.005017865048393667
63007,0.0218890438606834
63008,0.0037130119552990764
63012,0.08863209291033981
63020,0.0937508670759988
63021,0.002948917551429254
63023,0.10349942775757497
63025,0.003958274591040031
63028,0.001380229970834925
63030,0.0075446140615959886
63034,0.003569839193188754
63039,0.004294529453697834
63040,0.0030364577059374094
63041,0.0004092170365544726
63042,0.003149616642045151
63043,0.0020651410547666118
63045,0.05222819277972102
63047,0.00012175479552818704
63049,0.012261962707397383
63051,0.007845286194408578
63055,0.08863209291033981
63056,0.0021036795949277514
63057,0.11286871328423125
63060,0.004377601829284767
63063,0.005365542232609584
63064,0.003914276376806066
63065,0.012034530363427163
63067,0.11214537113088147
63068,0.016142617206107723
63069,0.003417158016315816
63070,0.013517423439611957
63071,0.004092153959334106
63072,0.0008301839649922065
63076,0.09085716531316751
63077,0.26435952277815294
63080,0.0046380653874225596
63082,0.030762700761572104
63084,0.01079022837685831
63085,0.00655456813103947
63086,0.024482489988182067
63088,0.004990320648353993
63091,0.002121023692929532
63092,0.0030121766866350107
63093,0.08202534915639542
63094,0.009114629452902917
63096,0.0028756922497912615
63097,0.006409673942773948
63100,0.004676243040835398
63103,0.0069128343193719235
63105,0.03114863881604647
63106,0.00315256763245905
63110,0.027965539732786537
63111,0.019132842637593142
63113,0.14747731226515068
63115,0.04280304799676648
63118,0.018052224324887445
63119,0.004568601587204254
63121,0.024482489988182067
63127,0.004383564052680494
63130,0.006419805993093859
63131,0.015694167077744785
63132,0.029548994348858423
63133,0.0007793177721653296
63134,0.14044213070026748
63138,0.00047120625440743555
63142,0.01957462586473893
63145,0.004041394277965608
63147,0.003597428194671859
63151,0.00450005417075083
63153,0.006029681245316044
63158,0.004711942335509521
63160,0.0072077591390520964
63162,0.01141663502981863
63163,0.006921522140216713
63165,0.03909301963347288
63166,0.0025545886492867455
63167,9.086494181474547e-10
63170,0.0012160428152565464
63172,0.005016945585683109
63173,0.003751389708681134
63176,0.00032455588048267725
63177,0.1390400051234163
63182,1.7400005900102546e-05
63187,0.012522202265514948
63190,0.0056444747388222985
63193,0.009140515063833057
63195,0.026669712355090146
63197,0.06053790381143851
63200,2.3562815116631624e-05
63202,0.09136286274107354
63203,0.009970952663451181
63206,0.00706213822885253
63209,0.08072200374335572
63212,3.0088376948096716e-07
63213,0.11295143406378334
63214,0.0034750124401977567
63215,0.02138667073654468
63217,0.013572984766226042
63220,0.09741160088646385
63221,0.00656788053392259
63226,0.02578390652814035
63227,0.009677335689832882
63232,0.001899724490362196
63233,0.1088167979926761
63234,0.012320085246000591
63237,0.1311593100232512
63241,0.09854095277071094
63243,0.04489627629753725
63244,0.005950271908463235
63251,0.0012307246826365318
63254,0.0076051023902630995
63256,0.0025876501189449055
63257,0.002619203188496614
63258,0.0005469129183310525
63265,0.012840037073293639
63271,0.09870112789936947
63272,0.09499460459863854
63273,0.04714144754078698
63275,0.006079023342300545
63277,0.003882958088100654
63279,0.0030611764990491367
63280,0.0005561031013943435
63283,0.0016148039544872704
63285,0.1366589061083675
63286,0.1340058161150956
63287,0.0024391016767967423
63288,0.003683865340306738
63290,0.005991953207525031
63292,0.005576044145087826
63293,0.00525108800718721
63294,0.003805093192956418
63295,0.0035104620656087413
63296,0.07353491910560232
63300,0.0013554562913145297
63302,0.015283846883614142
63303,0.03962724398332654
63309,0.004097557217185997
63310,0.11166522883810738
63312,0.001287761646651565
63313,0.0062098534089641555
63314,1.933002615684249e-10
63315,0.016429516738706733
63316,0.0001653498759989952
63321,0.012624698645207396
63326,0.00639892069442682
63327,0.020535509550030303
63328,0.00314706055315254
63330,0.0038308962513891737
63333,0.021453198150976724
63334,0.018052224324887445
63335,0.004018536012413591
63338,0.12874931899774114
63339,0.0047588435633702944
63341,0.027928771523607433
63344,0.004293043759307912
63346,0.003036506860242808
63348,0.09513566373916107
63352,0.03626438157818687
63354,0.11396326343960574
63355,0.005263930750620848
63357,0.016246732105701343
63362,0.023561921907766955
63366,0.0038114891470368614
63367,0.021015725217241432
63368,0.0077946879919521365
63369,0.08683807590705905
63371,0.00869098377082309
63374,0.0040667705773538496
63375,0.04003561126645615
63376,0.021723759286980313
63378,0.0037574838084901453
63379,0.14131565134052027
63384,0.000246428048368025
63386,0.1160887090061014
63387,0.018346362409330467
63390,0.002986301786550017
63392,0.0016980040607271023
63393,0.002053961323094659
63396,0.0036196455162840926
63398,0.035668632019558895
63400,0.0023006106751751803
63403,0.005632806602719851
63404,0.12067569732685063
63408,0.018608083081496037
63411,0.0005400908551043699
63412,0.0030364477953649673
63413,0.020250872727287747
63415,0.0038570747867136984
63416,0.002717463890693014
63418,0.008655900639001556
63420,0.0029838814697702577
63422,0.004064551616140838
63423,0.0072170139726816405
63424,0.003353512222618455
63426,0.006515301051957425
63427,0.006642199584591591
63429,2.435433236170806e-06
63432,0.008679354399427979
63434,0.003528348705573913
63435,0.1401852462158364
63436,0.05057870539167479
63439,0.008886953237475993
63442,0.09394664170435384
63444,0.003267067083724053
63445,0.08043684633274426
63448,0.018052224324887445
63451,0.003960627055696247
63453,0.03927622169453477
63454,0.022428380795327798
63455,0.0076553678724596225
63456,0.00029187531760554926
63458,0.008750099156595293
63459,0.006543714843452115
63460,0.04854188009605925
63461,0.0013835859733896507
63462,0.0023025707095979224
63464,0.024794418433598423
63468,0.057317674961929195
63470,0.010482662589679222
63474,0.032276968562900625
63477,0.007353647692022346
63482,0.009958770925265486
63483,0.07083885858249521
63484,0.0036225065365961357
63486,0.02335858870577918
63488,0.003848261078090703
63489,0.016050740882353955
63493,0.0017416850576719635
63496,0.009260054012127901
63498,0.005433211295561851
63505,0.008723558283053627
63506,0.06536263155437223
63510,0.0029863791586879395
63513,1.1811484924507733e-08
63515,0.05149771854259817
63519,0.016852799237684565
63521,0.012065836155889473
63522,0.0071900696236960404
63523,0.11382896446648844
63524,0.0023363856295241965
63527,0.016279373913663124
63529,0.0038092512422149088
63530,0.002974173745761458
63535,0.005226296721570465
63537,0.004264534505606911
63538,0.0076439841091820344
63541,0.0018377788183589299
63543,0.02743677581453777
63546,0.00024132971354253857
63547,1.698015804301467e-11
63548,0.01451568259641083
63549,0.09883186461521327
63550,0.0200322622936813
63551,0.0427106028767498
63552,0.0037416623485324483
63559,0.0007259653115388576
63562,0.04302186877973002
63564,0.005089947949075597
63566,0.19554500443254988
63568,0.03632535790705088
63569,0.007441526368570856
63571,0.007792471834474408
63572,0.0005689865864254968
63577,0.004325898819832001
63578,0.006530439592004634
63580,0.005045731510790949
63582,0.1311593100232512
63584,0.10062451295031442
63587,0.024929388345924886
63588,0.00024147311387373493
63594,0.005537648189996364
63596,0.018052224324887445
63597,0.1360290146150226
63600,0.0070218497978321295
63601,0.08090987875556584
63602,0.01752448580286861
63603,0.003188382315247111
63604,0.04790794226203153
63606,0.008784374516480661
63607,0.02962935758880453
63610,0.022091596971649998
63613,0.003405429479789646
63614,0.0037737589780030383
63619,0.12191253382763197
63621,0.08870617813053931
63622,0.0024569278770258758
63623,0.025187182314180354
63624,0.005032534829202
63625,0.0020994791719499846
63626,0.04808879565005447
63630,9.190407183871182e-05
63631,0.0279872803009814
63634,0.00699393051799654
63638,3.647991660250685e-05
63639,0.006231333525623123
63641,0.1287895018529697
63644,1.0451746604850609e-09
63647,0.007875087931518752
63649,0.0077453750438285195
63650,0.11531031598919311
63652,0.09541917379718606
63654,0.04735651603621871
63655,0.0069485130057254235
63657,0.008986136665928204
63658,0.026119121264126972
63662,0.015098759471030633
63663,0.005586554314236726
63665,0.013580976419481538
63667,0.0023892264445976043
63668,0.004331844295212217
63669,0.05344960296591134
63670,0.022780971860577377
63672,0.015555527183115777
63673,0.003815299963483967
63674,0.1059361468867867
63675,0.011501143810805924
63676,0.03306578404226383
63678,0.008577889933816396
63679,0.004827571636920772
63680,0.01787030569304613
63682,0.024290323538630993
63688,0.023098735857853887
63689,0.013778867107472744
63690,0.09810457125899584
63691,0.03008597554588698
63692,4.087989450833622e-05
63693,0.00303636111792188
63694,0.04352314645219742
63696,0.00041618584210468813
63697,0.038933421152475514
63700,0.003613354070981152
63702,0.0029614955538277634
63703,5.5695962766984376e-05
63706,0.07776799934164388
63711,0.023212884175308264
63712,0.0025103295303272326
63719,0.023404857622033436
63721,0.0005262934311137861
63722,0.06192015255540349
63724,0.003943840662729924
63726,0.00046519236606878814
63727,0.004482102109996072
63728,0.10436855859414965
63731,0.08647342909694947
63732,0.09902147078123827
63733,0.005283383068390924
63734,0.02593267768782827
63736,0.0039273819346925766
63737,0.008509530382261103
63738,0.0036575860758381595
63742,0.10006826093321695
63743,0.018213582952350465
63744,0.005590735388799452
63745,0.004439457408970877
63747,0.005565815054895576
63748,0.004899151839936584
63753,0.0182183385660052
63755,0.01918068168585829
63757,0.020774743689877327
63759,0.01356519428399003
63760,0.009969178944457563
63761,0.004057626266622603
63763,0.13977777249715714
63764,0.009125771714841358
63765,0.003638120712434115
63766,0.026665274292483634
63768,0.006922871713970106
63770,0.0002145702887051948
63773,0.025994523699670778
63774,0.005912527989722677
63776,0.005348707230738232
63781,0.034544161172121494
63783,0.13499872565052048
63787,0.006023242118600019
63789,0.004330318371126848
63791,0.005404389115436111
63795,0.018052224324887445
63796,0.0070881094358390025
63797,0.009656495899390076
63798,0.004206543834421919
63799,0.10196618951760436
63800,0.02363277899530597
63803,0.012582506248122497
63805,0.1049670872000903
63806,0.003705296651561348
63807,0.007819693074759923
63808,0.031657873452346934
63809,0.01778074441069166
63812,0.0010216273238934355
63813,0.00015608910167414416
63815,0.004313897618749328
63817,0.0227881092534702
63822,0.008648594907083541
63828,0.004180422706651135
63831,0.009591165318200298
63833,0.029871945396611005
63836,0.0034816406157874543
63837,0.002589513813212544
63838,0.00770725543013573
63840,0.03195372917264751
63841,0.02386315617685634
63842,4.39736855313866e-06
63843,0.019259469691035317
63844,0.0042350158252730755
63846,0.018052224324887445
63847,0.004566525763159809
63848,0.0015700012287911938
63851,0.02362334805613189
63856,0.02017922742725569
63858,0.0009697572516163418
63862,0.01819355373220083
63863,0.005329585446434127
63864,0.48481782805725154
63867,0.022080125952241684
63868,0.003967036376126441
63872,0.0005803746208673881
63873,0.002125977920934021
63874,0.003936528484308957
63876,0.10880752742212162
63878,0.10850619962780875
63880,0.1068887231778179
63881,0.12802131446209888
63882,0.01574094056551833
63884,0.01977177129722624
63885,0.006664535691744453
63887,0.016304599310770246
63890,0.05248112590225506
63892,0.025754918692965627
63893,0.1300507124975848
63894,0.010478286815002989
63895,0.004513059979611031
63897,0.0039187450167065254
63899,0.005986622197962172
63900,4.9664436855737265e-05
63901,0.0027050067004910612
63902,0.0039522863758791405
63905,0.010577682552304948
63907,0.006482897773525844
63910,1.0291372388811373e-05
63911,0.07954815855668854
63912,4.7886710069376136e-05
63914,0.04306133645727916
63915,0.14010187442719943
63916,0.00464226976206953
63917,0.004856534497887813
63922,0.0034721345464349762
63924,0.019824915760769626
63927,4.1871753614245504e-05
63928,0.005169905349623252
63929,0.03270443904148095
63932,0.008123578707661557
63933,0.013787622785689735
63935,0.0030365379119042875
63936,0.03640903570805894
63937,0.0449385975745924
63938,0.0026575497619937306
63941,0.10165524347126961
63944,0.03500992315505731
63945,0.0033477366783658783
63947,0.004708371330461644
63948,0.011603656342712758
63950,0.07643636019065721
63951,0.03686860521510528
63956,0.025881824939171554
63957,0.0028962140137124013
63959,0.0035299831924146645
63960,0.005129690791615168
63961,0.016561363068575516
63963,0.1027815508112061
63964,0.03638484494723973
63969,0.0031603310084305654
63971,0.05158848423035146
63972,0.07770631850494776
63973,0.016001579106233333
63974,0.07881117465417595
63976,0.013593160240540067
63977,0.011993619176174109
63979,0.012947490333457566
63980,0.07020684512639304
63986,0.011924713194068072
63991,0.01648793680537386
63998,0.0022434323517997387
63999,0.02103219954563925
64000,0.010367398980649907
64005,0.11599873161187042
64011,0.00014957882580484991
64014,0.03386440538690029
64018,0.019040888416272158
64020,0.05563326613099183
64022,0.0013090950491508363
64025,0.014684485312282652
64027,3.1430471829968846e-06
64029,0.15331259466480554
64030,0.0006311491183894545
64033,0.004778708017216119
64034,0.01926468957564647
64037,0.013238190919462016
64038,5.658468451602794e-05
64043,0.008481789532752738
64045,0.02276645761562468
64046,0.05233426788874055
64047,0.0027674802896635554
64048,0.010207207967788135
64049,0.014885672601691222
64051,0.00822517241843529
64057,0.004866875930263843
64058,0.003036424936841183
64059,0.01963863883917346
64061,0.0005255626399112588
64062,3.9818795469362124e-05
64067,0.12590805644166198
64070,0.0030243443228493735
64073,0.006096343975996368
64075,0.018716428150742086
64079,0.012942360380717222
64080,0.006577551646817822
64081,0.15734006476939663
64082,0.009183507373721632
64084,0.005251439681290668
64085,0.0007526129385718426
64086,0.005846652002684813
64087,0.15078019039710142
64088,0.018052224324887445
64093,0.07035060010710781
64098,0.016271144865576896
64099,0.08586291450561714
64100,0.021062148866392953
64101,0.002110808535821521
64103,0.0038539562315098087
64104,0.0025751011413588376
64107,0.002998081891582615
64108,0.0001310453484441755
64110,0.10857890236613794
64115,0.008431736316226261
64117,0.015693096101340388
64119,0.017736450840385585
64121,0.003588351015637885
64123,0.003644998598879967
64124,0.0028907820391610743
64126,0.003977800811121638
64128,0.006757727695910613
64129,0.0019204524675964427
64130,0.08684604911018433
64133,0.000799040977212072
64135,0.020012308850511265
64137,0.011669019110677952
64139,0.0073959362084121995
64140,0.004075839341073685
64141,0.004455413286895579
64145,0.0038835182150853886
64147,0.0026522146509276954
64148,0.0010918934565429786
64156,0.0035588969060080123
64157,0.01783754350277879
64163,0.002699050741677527
64164,0.29884262621783386
64165,0.004222208088269518
64167,0.015260660980255235
64170,0.12269789002284527
64173,0.12860124097713183
64176,0.024972508124304873
64180,0.0027026933045674155
64182,0.008350818531688814
64184,0.04485309805679003
64185,0.12553796909250328
64186,0.00336266669685021
64189,0.0035131365952941617
64190,0.003049891493373426
64193,0.033793715249679585
64194,0.0031382686354812276
64196,0.06006317939979391
64197,0.001640242572773761
64198,0.00819389563927366
64200,0.003167032516078095
64201,0.01463779355329832
64203,0.023462498627104547
64208,0.032764165888256785
64210,0.013804016644616147
64212,0.009627901626055577
64213,0.044902938668334696
64216,0.040912447165737637
64218,0.029478878770688152
64219,0.06268863621864794
64220,0.003421007608003155
64223,0.006677742599302417
64224,0.21775903318779946
64225,0.003147981390065096
64226,0.0029135487701773266
64227,0.000628807595384665
64229,0.006756472746059526
64230,0.09904868246228007
64231,0.0042087101691742875
64235,0.0033855012977538988
64236,0.03280748367857581
64237,0.003155123166564785
64239,0.033411692577526436
64242,0.005466738743702372
64243,7.545990039329212e-05
64245,0.0027286529636459432
64246,0.016093498393055943
64247,0.010277684530464503
64250,0.014983795757318884
64255,0.014912385187271915
64256,0.20340701938659594
64259,0.022306133759404573
64260,0.006858820724723977
64262,0.020702897765833773
64264,0.10476360970816383
64265,0.1273286700784439
64266,0.006892441430106128
64267,0.00874323285862288
64270,0.13533197847453038
64271,0.0044561929970189955
64272,0.0013663668161842126
64273,0.006110260751330644
64285,0.0033685409173110424
64287,0.003339249260530303
64289,0.0033937872563000312
64292,0.0312711292670244
64295,0.031912841865918376
64296,0.1363928871278977
64297,0.0033378015609197035
64298,0.08863209291033981
64300,0.008692657251194644
64302,0.004445371739264315
64303,0.0051295504001613685
64308,0.002900331653435269
64309,0.00014476731194214328
64312,0.36099726595627785
64314,0.0004107609232365742
64317,0.004585691888622775
64319,0.004466564539498486
64321,0.0017186390820298273
64322,0.003289423984250859
64323,0.020006459832953984
64324,0.00340534318200008
64325,0.004862314484157147
64326,0.020767553153879202
64327,0.007194641776611984
64330,0.015490568102007914
64331,0.006836684108951775
64333,0.045025413067545296
64334,0.018052224324887445
64339,0.023788780513948792
64341,0.018052224324887445
64342,0.0016841402654571818
64343,4.474893820266749e-05
64346,0.0031151559054147368
64349,0.0027541567799742755
64350,0.0772012544987792
64351,0.005344365535138897
64353,0.023147326962276307
64359,0.001522247766539654
64361,0.13749411022639846
64362,0.004714549339026358
64365,0.01130412294847674
64366,0.03178056725489193
64368,0.0057110912442756385
64369,0.016461855450592193
64371,0.013458197266071881
64374,0.00017300471209949017
64375,0.033100723836723536
64377,0.03065097032888706
64378,0.1393160966896622
64379,0.004059873278776831
64380,0.004179513510024858
64381,0.004273004496179151
64382,0.009056826700704967
64383,0.01663050843075081
64385,0.004814896053723128
64387,0.007731981482650374
64388,0.028184751054766952
64391,0.0028496323907960053
64395,0.003535955064872176
64396,0.0076334774131160054
64399,0.022906477749967364
64403,4.22494675969528e-05
64404,0.1305116402890357
64411,0.003502412272884914
64413,0.03495009737915744
64415,0.13746201256021054
64418,0.09617693028371818
64419,0.00013345076974093705
64421,0.08374821628337255
64422,0.007319960955668694
64423,0.005901341781723049
64425,0.018052224324887445
64426,0.010703184600375153
64434,0.01323442238783668
64439,0.1277133492349064
64442,0.004920760829829447
64443,0.1151593240519733
64444,0.04926041565360845
64445,0.019235961931925998
64452,0.02601728524952148
64455,0.06094502168755616
64456,0.036906212679487065
64458,0.017619250184555072
64459,0.006353598988531603
64460,0.014116665182530307
64464,0.025482815208755075
64465,0.058104155780675126
64468,0.002887347427360454
64471,0.005540818971450784
64472,0.018332193809238798
64473,0.016798257732676212
64474,0.041125861516501175
64475,0.0054056447332620165
64478,0.002605845893994879
64481,0.004083799178398712
64482,0.019917187630421235
64484,0.006353688904678567
64485,0.009838099129019968
64486,0.025434617289360712
64487,0.03255082949729865
64488,0.02755014086567767
64489,0.008955292056850394
64490,0.00479759131747374
64491,0.015580839552960952
64493,0.003425769378258819
64496,0.14180145391830715
64497,4.275619434207208e-12
64500,0.029398332693999694
64501,0.005525508512857179
64502,0.04364264053613222
64503,0.004095878180547043
64505,0.07577567758338208
64506,0.004420543897585295
64509,0.02816053885830909
64510,0.003979261021360309
64512,0.0002286831535294608
64513,0.008019385424445784
64518,0.02205270486716778
64519,0.00033456764320642494
64522,0.0026940335041203156
64523,0.04343417557000519
64525,0.018052224324887445
64526,0.016109130077285656
64527,0.01984114038173311
64531,0.0012011405655118876
64532,0.14972411352907028
64534,0.08558672335267097
64535,0.02409651989853429
64537,0.090906880569269
64539,0.00538282674394338
64541,0.0024309520096181102
64544,0.01865996730326027
64546,0.0036461349010048945
64548,0.05115053441626289
64551,0.0006330407967969641
64554,0.004925682314785002
64557,0.02430166863413829
64559,0.0390186894308632
64560,0.12077591889719304
64561,0.0007182388767070855
64562,0.008608823856023053
64563,0.05300980777553577
64566,0.13581425435395716
64569,0.0504324381899996
64570,0.011508299710774893
64571,0.015191773545261439
64575,0.00033832274756520956
64578,0.016915690187220236
64579,0.043767278049312075
64582,0.003269680125229535
64584,0.049053371002221485
64585,0.019837138171315088
64587,0.011402903108969588
64588,0.05796545023963927
64589,0.004504448569268593
64592,0.0030365495410917174
64593,0.13078791652525132
64598,0.0011806965845345331
64600,0.009130383413972978
64602,0.007086223012056424
64603,0.008371196236266197
64605,0.219182974243722
64606,6.145283610883512e-06
64609,0.026233824839848277
64612,0.002310012113962781
64613,0.009833280398341507
64616,0.05373982430078521
64618,0.00214250178809561
64619,0.003036449513630299
64621,1.0047400300004888e-06
64622,0.0046436057038724615
64625,0.0032468721088287243
64628,0.006314089309864783
64629,0.005972297694267339
64630,0.006000349224341192
64632,0.007111148517953609
64634,0.021834067411620806
64637,0.002367050256020326
64638,0.14427798512918363
64640,0.00025346684283297116
64642,0.04053169869821239
64643,0.019510599133382843
64645,0.004245141482229603
64647,0.002563168811152168
64649,0.12371778058031299
64651,0.008005100633705266
64652,0.02894309988960574
64653,0.0010757936992055021
64655,0.00457730781310601
64656,0.041137242588789376
64657,0.02177893488768801
64660,0.035481779986147884
64662,0.0101163764761203
64664,0.0041333250771119845
64665,0.006906268787210332
64666,0.0002955254111511958
64671,0.02905416194083915
64673,0.003405267326482883
64674,0.04210413597559618
64677,0.033410402631609534
64678,0.002578634042474748
64681,0.0014827694924745907
64683,0.06091224621297274
64684,0.03587016407843845
64687,0.0031229109997894288
64688,0.0030363986420127863
64689,0.004779518255521053
64691,0.040516554741963695
64692,0.051764805306110044
64693,0.12212101067031131
64695,4.2083532214474344e-22
64697,0.0023024956691802285
64699,3.64048754157022e-08
64701,0.1259700273099068
64702,0.0003260692774328691
64706,0.03150116688300854
64707,0.003789373498830892
64708,0.0347493636687865
64710,0.018561198309339458
64711,0.0005731250265981805
64712,0.0404266703169641
64713,0.01985625584357702
64715,0.034380415925750085
64716,0.045850721647158706
64719,0.10751389465352823
64720,0.019548343582904647
64722,0.07996745705408845
64726,0.004238826538466027
64727,0.07306932274713522
64728,0.1298293181149718
64729,1.030684950610137e-07
64731,0.004072861677726736
64732,0.08285141231190293
64733,1.8550576319295742e-06
64734,0.04020252372068014
64736,0.003836620713284243
64737,0.008191665131165978
64738,0.008179640066489887
64739,0.0017369457310047833
64740,0.002005989318226519
64742,0.003487527831914577
64743,0.007194940639607343
64745,0.026764016151805924
64747,0.043911165261049295
64749,0.13568918927080517
64750,0.008513025961632958
64752,0.09604567428578706
64753,0.0005171896349503633
64754,0.17433310903961924
64755,0.04810081632729324
64758,0.02556804753848599
64759,0.04811397839711158
64760,0.010259276594055676
64761,0.012974492555059763
64765,0.0265710954189349
64766,0.04869623959455031
64767,0.015460135584451569
64769,5.9282272713081216e-06
64770,0.040042801376524
64775,0.0034406130751062467
64776,0.001273221317883117
64777,0.06919630937278509
64778,0.13084894135330605
64780,0.003828231208257292
64781,0.007524250107448923
64783,0.00014240304197216878
64784,0.0061130765599177244
64788,0.0024078656608123262
64789,0.004535485423000984
64790,0.00303045373476389
64791,0.010646813970877748
64793,0.009629217507843449
64794,0.16545997616239339
64798,0.00466041045820036
64804,0.004596725884613999
64805,0.06327735594484482
64807,0.0005897393110436169
64808,0.009421920892098245
64813,0.021634142540188285
64815,0.0013843048857197367
64819,0.004164861415755077
64827,0.010632709079784692
64828,0.009659214168195047
64829,0.004952952780506509
64830,0.026709249371939126
64831,0.027216416480243918
64832,0.027353056910673905
64833,0.1256975373264474
64836,0.05798225197195445
64838,0.0038964500510450736
64841,4.768713132167097e-63
64842,0.14264380500294968
64844,0.0056126561249305856
64847,0.006620591995571292
64849,0.0011902731713363188
64850,0.002986309689852309
64851,0.005593493816729116
64855,0.004038223989133091
64857,0.11232895049406913
64859,0.0027101611021603496
64862,0.029274885702769485
64865,0.005930724409560389
64866,0.02108835180417094
64867,0.023159605304812963
64868,0.03775118366633182
64870,0.036895150493325514
64871,0.005784388249761564
64872,0.024126628741701177
64873,0.012725205709810007
64875,0.050979310238872026
64879,0.004657855098700213
64882,0.07207238275962292
64883,0.01722176360256417
64885,0.0036978509201898054
64887,0.009102062477968782
64888,0.11402196996047224
64892,0.01909091978106298
64893,0.001845215579996448
64894,0.14911976390906403
64895,0.03493834746813453
64896,0.0066776116840453386
64898,0.04043617066488341
64899,0.00013954556090642624
64903,0.011383474812106038
64906,0.010411795485710865
64907,0.01628339937561321
64910,0.006543375824030496
64911,0.002555762700586526
64912,0.2187823354940979
64914,0.006397964631194978
64915,0.001594128886790121
64916,0.15190398864289248
64922,0.043935652734856105
64924,0.0036350904352834344
64925,0.008818369868953277
64926,0.026164192373408706
64927,0.03239376761952125
64928,0.11066986807076382
64929,0.016393984770078703
64930,0.026838205610328934
64932,0.001064539495600584
64935,0.02103078143200781
64936,0.0016501466427696022
64938,0.05059243813193314
64939,0.004027554225123144
64940,0.004941980868388237
64941,0.14838072620096723
64942,0.0032908871792032886
64943,0.021784130347959105
64947,0.024482489988182067
64948,2.225115590181434e-05
64949,0.0036749725550784657
64950,0.011989046957988714
64952,0.13457636819304972
64956,0.00016161607756945336
64957,0.034998744496268115
64959,0.10789662141694831
64961,0.11913743122724127
64964,0.004530964915753131
64967,0.017307096621183612
64968,0.010892793423490294
64970,0.004761101001547362
64971,0.010129238761845785
64973,0.07328307027711024
64974,0.0030364477953649673
64977,0.006323561563971867
64978,0.018934408844436472
64981,0.0007273526816990173
64984,0.03618362190697364
64986,0.0025595793501998598
64989,0.0046003631535389755
64990,0.019700399691272828
64993,0.003405240301679851
64998,0.005674223511709413
65000,0.007448122916786309
65001,0.0023113372566785817
65004,0.003879646739487076
65005,0.0013834897219564208
65007,0.002897019927671908
65008,0.004426759389938417
65012,0.027644162451736586
65013,0.022297084520870227
65014,0.04405021108807354
65015,0.004282856775732046
65017,0.004434427456580695
65018,0.03990542309401535
65020,0.1348608084687236
65022,0.018808883864993808
65025,0.003672550781832306
65026,0.01712368633041975
65034,0.0073871596843574265
65036,0.00382326356949756
65037,0.008716444595531234
65039,0.005710585136868345
65040,0.01521244685859129
65042,0.0044234298285984654
65043,0.010052197097939631
65044,0.0017754168274835209
65045,0.10417810991064692
65046,0.050447697768574
65047,0.004569371925331459
65048,2.7107879921437534e-06
65056,0.03928198993077046
65057,0.01868556268137139
65058,0.003864450900971394
65060,0.004525007940683865
65061,0.011290258706618277
65062,0.014033858445538895
65064,0.00575661168617615
65065,0.09535671806653213
65066,0.018052224324887445
65067,0.00498047394166161
65072,0.00730310500462376
65073,7.844107512959494e-05
65074,0.1466333888329832
65075,0.004218777985760935
65076,0.08006450711012593
65078,0.005961972942364418
65079,0.004538238438885731
65080,0.0024023879107548988
65083,0.14598636677426335
65084,0.0039273064811906405
65085,0.0653035523855908
65087,0.006332358130184993
65088,0.09794090119796348
65090,2.0648178139212287e-05
65091,0.03627596110515265
65095,0.003869705391834032
65096,0.007770070899994003
65097,0.007702239580927719
65099,0.0027803145232166314
65106,0.008040459966327232
65108,0.015169765809949633
65109,0.11509076969475182
65110,1.5089453481484274e-11
65112,0.1414332445600006
65113,0.006229179263111719
65114,0.0369383897375588
65115,0.00572200634987399
65116,0.003679484222615292
65117,0.002305404641840051
65118,0.003172345480229877
65120,0.003294552890009086
65122,0.03778672342931937
65124,0.011066649926705929
65125,0.002575117746457576
65126,0.018837272129115654
65129,0.024292378355508182
65130,0.021509632439964815
65132,0.014606209162237769
65135,0.03471107079926542
65138,2.1239717917693627e-06
65140,0.0002063687074320599
65144,0.0283970386308707
65145,0.014260122772130311
65147,0.018139362573074042
65148,0.029604246676297057
65150,0.015261067914535298
65151,0.025377890790748984
65153,0.0034082724151600933
65154,0.000981038360334502
65156,0.007975791466985743
65157,0.016895748069735764
65158,0.03355263217267813
65163,0.0061805953420583475
65165,0.004240001670333717
65169,0.0001414420748485163
65170,0.0262223273639164
65172,0.023462498627104547
65173,0.12818038188030087
65174,0.020421382661286784
65178,0.02463501808986727
65179,0.014383829233662718
65180,0.11885456355114178
65182,5.177679180395626e-24
65184,0.00897432383251569
65187,0.005129561269067633
65188,0.0040267379177305685
65189,0.005318170959057129
65190,0.004178855016826174
65194,0.0029486661723840592
65195,0.05713104469124715
65196,0.0011920786964546629
65197,0.13300139350298207
65199,0.0031119089517791833
65202,0.024905084168541952
65203,0.06309290997160603
65206,0.030252672878487197
65207,0.007803133825504049
65211,0.03101942049557184
65214,0.10707036695907436
65216,0.020607128085141698
65217,0.008322013603901899
65219,0.0054633804413970356
65220,0.0036125008095153426
65223,0.0022624861062281094
65228,0.09327750586384954
65230,0.032515076930522066
65232,0.10055095966523621
65235,0.032516733742954884
65236,0.0073078571386443235
65238,0.0045000757872909174
65242,0.02037488686187671
65244,0.004007264972391005
65253,0.0037890140356541015
65254,0.0017527931386966975
65256,0.11741274087617243
65257,0.03266919239132263
65261,0.0017938911041752163
65266,0.0113686429796088
65268,0.042282755320704586
65273,0.0006377118750221068
65274,0.03440527244408891
65275,0.00031834635756651704
65276,0.01148842071003767
65277,0.002157923136252277
65278,0.0049618449744969215
65282,0.12851081789917146
65283,0.019407429859782784
65290,0.04733533586556274
65293,0.002998611881108729
65294,0.002994174428405382
65296,0.018052224324887445
65297,0.033099057938084445
65298,0.00633268873633765
65299,0.0035340959998037954
65300,0.0065833804100502375
65305,0.0069738741698172286
65307,0.002590610996760717
65308,0.0034454141616559932
65310,0.00024262769494852048
65314,0.001619507996792889
65316,0.056259992977976146
65317,0.0011802772464293762
65320,0.02076631068630846
65321,0.015834851435017297
65327,0.011826962887525768
65328,0.050251888926462165
65329,0.008341412574556575
65330,0.004931176527041836
65334,0.012505022548412407
65335,0.004012256976519758
65337,0.039394055627396
65339,0.004423772647895754
65340,0.12932164296246212
65343,0.007263096649471673
65344,0.005805890816823194
65345,0.003033542217910622
65347,0.0039541395961797555
65348,0.006199619871731988
65350,0.018200263826071594
65352,0.08065228523902854
65353,0.0030365495410917174
65354,0.0009530336994272239
65355,0.007271226889096692
65356,0.001291496933122951
65357,0.0068685263145292635
65358,0.005962232048763979
65360,0.009375159643081277
65361,0.11029956827522168
65363,0.02751903346595727
65368,0.015970130051604657
65369,0.007226550704550579
65370,0.01727703795270338
65371,0.002986309689852309
65375,0.017561836446903557
65377,0.02937229483807249
65380,0.007148797082157034
65383,0.012729429416213484
65384,0.042805464682499905
65385,5.161152366684204e-06
65386,0.011678562284919836
65393,0.06420046956046878
65396,0.14861301768956356
65397,0.2177769701694989
65398,0.0002564538702583965
65399,0.007006197157316775
65400,0.006322870484307619
65401,0.04937199774703667
65403,0.06950887287527105
65412,0.00826455398096065
65414,0.008025928647680761
65415,0.05067200614835616
65419,0.01595562560079943
65420,0.11112540158905986
65421,0.009761839760276147
65422,0.004103397021293686
65423,0.014530177341577029
65424,0.005193425131764662
65425,0.002737079725841474
65426,0.031812694791306086
65428,0.0035555036383834826
65429,0.0006083965246322188
65430,0.08998507896953445
65432,0.009640469272182229
65433,0.0440120549815283
65434,0.0017565730700868903
65437,0.023462498627104547
65438,0.03338120578155765
65439,0.00015427148461501686
65440,0.004384367665510577
65441,0.00531824125824675
65443,0.10894369157388233
65444,0.009825757428923715
65446,0.022597060746621357
65447,0.004080553500304755
65448,0.053736258702103835
65449,0.007166437351935618
65450,0.06107310990988825
65451,0.016301102814381473
65452,0.07003177997206628
65453,0.010857750370042262
65455,0.011940335918997253
65456,0.14654937288252556
65457,0.007678025161848929
65458,0.00016767328000679598
65460,0.002833283048687118
65463,0.16421321122282148
65464,0.0047838150059920925
65465,0.0024075419654541754
65467,0.019406391713575413
65468,0.0017458905322494474
65469,0.09671597798635724
65472,0.028214636484085828
65473,0.14522252035052466
65474,0.0023682621186827584
65481,0.0025518486147748723
65482,0.02244528796096186
65483,0.01576515212374992
65486,0.0030581364906775922
65490,0.004608165056040277
65491,0.11945449273470307
65492,0.0036109956015242923
65493,0.003900794754175507
65495,0.013046232528645126
65498,0.005081298076542483
65500,0.09428167377778097
65501,0.04142788289493418
65502,0.005635433839046604
65505,0.0051838915471946155
65506,0.04156817304733661
65508,0.005734811950286942
65509,0.004069044084792631
65510,0.01097532005583919
65511,0.032333633269789996
65512,0.010590525429975108
65513,0.015187390726795813
65514,0.11688641926720719
65515,0.003442161728495831
65519,0.0003293424453753717
65522,0.02570373396668867
65524,0.017403004993716338
65525,0.06866662804072589
65527,0.005681501740543101
65532,0.008054559813396357
65533,0.1341341173796484
65536,0.006774726670446465
65538,0.017853409218806446
65539,0.0363875475889116
65541,0.0013968673246612395
65545,0.007109407183990376
65546,0.006762644000028724
65548,0.14026698162709902
65549,0.0032386605185945046
65551,0.056909860213440994
65553,1.0320140589396327e-05
65554,0.008172016418335353
65555,5.1706156672807577e-05
65560,0.0027461030853528816
65562,0.04782194724322904
65563,0.12740947231394573
65564,0.11870827981368709
65565,0.002368061363539936
65566,0.00028391164351494394
65567,0.005022153484892276
65568,0.12540338914905858
65571,0.011438152801565044
65572,0.009277096435362378
65573,0.12414315562165311
65574,0.0747046700509219
65581,0.005864896107966993
65585,0.017689248300240625
65586,0.0037837682292246786
65590,0.004818568211636212
65592,7.695671822934906e-08
65594,0.00661648584583107
65595,0.0013255960365614503
65597,0.0030364723723385373
65600,0.031184576943890808
65601,0.02428476758978069
65605,0.006898866784945263
65606,0.021593692407940752
65608,0.12627980596166624
65609,0.0019443723275665572
65613,0.004096421805049752
65615,0.03174888428503238
65617,0.023462498627104547
65618,0.0046156351453572175
65620,0.01469093486756372
65625,0.0004937412601544182
65627,0.02657128898881553
65628,0.03103914736969949
65630,0.02624925539342365
65631,0.011992075552309299
65632,0.018052224324887445
65633,0.008993102680791506
65636,0.0035255931500058537
65644,0.00041164460238865325
65645,0.00967774204707063
65648,0.0030365805931883328
65650,0.02422759519507397
65653,0.004376752175697869
65654,0.05498534324687466
65655,0.005045240356802839
65656,0.007713677787144807
65660,0.00622882818705669
65661,0.0040000144924186645
65662,0.01126505214066585
65663,3.1557836479793365e-10
65665,0.01058315426431199
65667,0.058766673318631904
65668,0.004911010776310717
65670,0.007225141448400581
65671,8.08263397203255e-06
65672,0.005998674794139532
65674,0.0030031871509493065
65675,0.0008452096631059168
65676,0.010291071766460632
65677,0.006163112356994478
65678,0.016324518807907345
65682,0.023185839141990766
65683,0.010806883876546937
65684,0.016870298598220628
65685,0.016593288386104164
65689,0.004857132307927008
65690,0.0025796375646353906
65692,0.019759948999901904
65693,0.0034623964805641718
65694,0.016790722191786022
65695,0.0019041215610682398
65696,0.07846804861566149
65697,0.005518573509310231
65698,0.003891871157031737
65699,0.008130392493999801
65701,0.024827731706581087
65703,0.0001390237482870418
65706,0.020321125963210562
65707,0.002631185520052158
65709,0.08651548943296025
65716,0.06659633874778838
65717,0.0027595385546111528
65719,0.02960957275704519
65721,0.003606169309252338
65722,0.0014025651697713447
65724,0.01688433078687504
65726,0.0025085548945374164
65727,0.0017905294708810097
65729,0.004272432737713396
65730,0.003057093612003874
65732,0.044264041902625166
65733,0.028448962300732513
65736,0.003947259979418953
65737,0.0038720539707712462
65738,0.003036383975966692
65739,0.0033684421452966407
65740,0.0025021905994835458
65741,0.0029625543155131456
65744,0.006093287092471992
65745,0.01440705901291789
65749,0.009174882373709827
65750,0.0032911975545998977
65753,0.037160776997929655
65754,0.007268387546136847
65756,0.004060281171579598
65757,0.22435488573803708
65758,0.005045470808387242
65759,0.004514930191593708
65761,0.0065383539712405726
65763,4.468234059040153e-05
65764,0.13600926080512302
65768,0.002669102291830202
65772,0.003069121260146555
65776,0.002622897640228814
65780,0.004083159268637633
65781,0.0027176956591611163
65786,0.008875934759418001
65787,2.690343743544606e-07
65789,0.014711121711260218
65792,0.0017545401974200156
65795,0.09804592108406747
65796,0.0776186256648955
65799,0.036417676900750824
65801,0.0231847370212013
65802,0.024482489988182067
65803,0.0033592728559552424
65805,0.03315169041244352
65806,0.03607287228118878
65808,0.0675267521763717
65811,0.012359847258389454
65812,0.007705713146310063
65813,0.0018756478208430357
65814,0.005506286016801998
65815,0.16313380718223128
65816,0.0010471149795982233
65818,0.013157750196128914
65819,0.0006315493292780772
65820,0.02406492802318324
65824,0.03024264437264547
65825,0.017206617790180057
65829,0.003644795222825303
65830,0.0668151200261893
65835,0.0037890651475667677
65836,0.010867481976131972
65837,0.01149890729680353
65841,0.006360795252107608
65844,0.13347606697014944
65845,0.003906607823560795
65846,0.0032889017230824337
65848,0.009985831991660648
65853,0.012426769355176595
65854,0.004415937893383363
65858,0.0032915278815854533
65861,0.012296740297567643
65863,0.004394815668964638
65865,0.005230245577192957
65870,0.033490369655883485
65872,0.021321921085702633
65875,0.02984801043979809
65876,0.04142464991699469
65879,0.01365017639878812
65880,0.00018787601127657962
65881,0.007928380866691594
65882,0.016440294441953066
65885,0.004440431783214709
65886,0.04207547186716041
65888,1.32402081162319e-05
65889,0.02185301753206955
65890,0.00316331722424977
65892,0.06327735594484482
65894,0.006934862131898822
65898,0.0016690529416430655
65901,0.0035643163000363535
65903,0.0035383776093861562
65904,0.022549050145653275
65906,0.003875371170687312
65907,0.004742827352776458
65911,0.0029873662369648934
65912,0.005846590395187616
65916,0.08266183113868412
65917,0.006365886119631897
65918,0.021856045528823694
65921,0.009439490237164496
65924,0.008226429834047077
65925,0.10358610882828614
65931,0.0027101476840993392
65932,0.0034378853188712154
65934,0.004159055010799533
65935,0.007562818401053975
65940,0.008120391423228127
65941,1.1213993466131548e-06
65942,0.0033068960284652637
65943,0.04603844577270175
65944,0.025813768696468085
65946,0.004448589430708164
65948,0.08804257374139597
65949,0.024851068818848434
65953,0.0030241257293024786
65955,0.0182113765955193
65957,0.10607479515726666
65958,4.137706925871472e-05
65960,0.0033356098105993045
65961,0.002634918096597916
65962,0.0056785219918520724
65964,0.024265414625411926
65965,0.008543394624192105
65966,0.011668147969060162
65967,0.059891163323783185
65971,0.0018441983734063519
65973,0.009007745906156083
65974,0.02465058093383306
65975,0.01829074065989382
65976,0.12355811686118495
65981,0.0030728997029964467
65982,0.15956014390147258
65983,0.023462498627104547
65985,0.011008338683107058
65986,0.0003993436902501748
65989,0.0036885133715829264
65997,0.006364967769202254
66006,0.1484187761626189
66010,0.02131613508464077
66011,0.024708685991471878
66016,0.004891733268651066
66017,0.004005552026952837
66019,0.013569438192418027
66020,0.0036053371961937424
66026,0.0031984371862112666
66028,9.411299447586976e-05
66030,0.041387203927567895
66032,0.03809677086703841
66033,2.049218325005443e-06
66036,0.0006903394028127502
66038,0.017771323881417424
66039,0.0034622844323272768
66043,0.004435168836592487
66044,0.0041208716751952295
66045,5.0616119061115585e-05
66048,0.0039472471613775486
66049,2.9207443998677698e-05
66050,0.019259696654601786
66051,0.025180188331368127
66053,0.10490313470161726
66056,0.0035057157701368765
66059,0.004063212635385495
66060,0.00745685814561618
66061,0.0037069220185808323
66062,0.003228976482634668
66064,0.020733567159172205
66065,0.02878135027554425
66066,0.014329678033495382
66070,0.00950063350832023
66071,0.11112540158905986
66074,0.006909935729483487
66075,0.0034622937695423374
66076,0.003707939213784314
66077,0.003715184463621668
66078,0.00039194523387434696
66079,0.024482489988182067
66080,0.00558370961054319
66083,0.005560886026161434
66084,0.0029516086608463634
66086,0.1324394250798198
66087,0.04348326112600841
66091,0.02472371368702981
66093,0.0034362771158725687
66094,0.017568521658340552
66096,0.002423352277006435
66099,0.0032066843949243654
66102,0.05243996570658346
66104,0.00893017888185742
66107,0.006408739996548102
66110,0.05725357044609293
66113,0.022190091904257064
66114,0.015523836660920987
66115,0.022981461288316424
66119,0.004768872612455084
66122,0.0029313194932749018
66126,0.03393289802175062
66128,0.023656892838523784
66130,0.050251888926462165
66131,0.01364512582916622
66132,0.0033259880367483047
66134,0.002946964709989495
66135,2.055998032809357e-08
66136,0.0028504626461677645
66137,0.06847157816556126
66138,0.012371720798319738
66139,0.015762673819171402
66143,0.01829744126418995
66145,0.09476475682955
66148,0.030124351301555607
66150,0.009447872900548123
66151,0.004160996607591421
66152,0.00424286818173023
66157,0.07078872171397825
66159,0.119123795583991
66160,0.018052224324887445
66161,0.00901218947779575
66162,0.001760174510832636
66165,0.006956105504748578
66166,0.028927785051926367
66167,0.02142440505090917
66168,0.0069617357733568275
66172,0.004457269004500457
66173,0.03201320965111068
66174,0.013858972994127356
66176,0.06834894057180295
66177,0.003647711381485959
66178,0.004698570548862846
66182,0.30696436158603224
66183,0.018329436572708576
66188,0.018776335611482165
66191,0.002465078844046815
66194,0.021689961904561003
66196,0.00259941301645906
66200,0.004843351876147701
66201,0.024746474966744127
66202,0.14544268750902523
66203,0.0064084745939503845
66205,0.006995320113082991
66207,0.0018823783445857684
66208,0.00613359449983449
66213,0.00023796539753100597
66215,0.015975276390085887
66216,0.003891871157031737
66220,0.0032234400526593475
66223,0.03831071626267185
66224,0.021898329343318642
66225,0.010616228682377722
66226,0.01459233270525075
66227,0.02089740146616041
66229,0.006655794534251065
66230,0.010537320962783673
66232,0.0027475189267346014
66234,0.018052224324887445
66235,0.005301142878853787
66236,0.05360795841451817
66237,0.014815017853030377
66239,0.00418898035683081
66240,0.005185532021932363
66243,0.0037740110067965983
66245,0.0031663198804556788
66246,0.10129523086582168
66248,0.005470030000690538
66250,0.0020887615362195073
66255,0.003214952949091779
66257,0.054046245496569535
66260,0.0034624003974934804
66261,0.0008639021473117378
66264,9.538550355229577e-06
66267,0.05782648082000979
66269,0.2068818551562467
66270,0.01825052542579628
66271,0.022212359403517873
66272,0.039455132223865624
66273,0.019559302674799547
66276,0.023389357826135458
66277,0.04616465311202363
66281,0.0005336801126238522
66283,0.030289784857354753
66290,0.003003848753915012
66292,0.007793507581300125
66294,0.0036712807752637723
66296,0.0050644557095822
66297,0.02754092114326851
66298,0.1764366217230208
66304,0.002223972198261456
66305,0.0029863949657216783
66309,0.032585405631797106
66310,0.04518380577565155
66311,0.09670488042666053
66312,0.007506899792916655
66313,0.0035798802777298327
66314,0.0025298920843453017
66318,0.003127085021472888
66320,0.0033127745889951496
66324,0.00954266436837081
66325,0.009138270558966322
66331,0.10865844105564036
66333,0.005357176750342087
66334,0.014670945775327904
66337,0.01461707045132111
66339,0.0518938949904026
66341,0.0044592949210706554
66342,0.004483808184032432
66345,0.0036533771152830064
66347,0.005304400005419907
66350,0.00309893565093614
66351,0.010587191589046006
66352,0.03612832389292241
66355,0.0026229045218519142
66356,0.05075397245999631
66358,0.004199310689066813
66360,0.003623265650182739
66363,0.005708306193697628
66364,0.008414248730268931
66365,0.003986781699787669
66366,0.004235998118645862
66368,0.009775333195482532
66370,0.0036279812432087836
66372,0.1448228439420167
66374,0.014169026039826787
66375,0.0038655186059768174
66377,0.301043588576736
66378,0.0024930595764943602
66380,0.009947630008679306
66381,0.010593476825938131
66382,0.003120946450458511
66383,0.008877287761531806
66384,0.005910952559814092
66385,0.005896434198249301
66388,0.03002641329960045
66391,0.0047936649477631635
66392,0.04307578327102141
66393,0.0027591026616671493
66394,0.003943967311664627
66395,0.013285392792931705
66396,0.0017383713504758485
66397,0.009699412768503024
66398,0.018380470915485368
66401,0.11071250608988567
66403,0.09977213718136485
66408,0.03709199207895989
66409,0.0006193483616563794
66410,1.072114449970544e-05
66413,0.03452452755576995
66415,0.0040075944824980924
66416,0.011777814716544016
66417,0.04194764606770738
66421,0.027105031264192742
66422,0.00805965896007001
66423,0.001681128329863293
66427,0.0013394294692595317
66431,0.010021747055788259
66433,0.036737779479929886
66438,0.0003783611446497397
66439,0.016246868270114925
66441,0.006532318947071662
66444,0.0030891798932128557
66445,0.005675282006613928
66447,0.01904035494477089
66448,0.004324852909289105
66449,0.004707875270633096
66450,0.006959441557919
66451,0.031087798276623467
66452,0.0028539800575900246
66453,0.0055596661317068264
66454,0.07343355856901725
66455,0.020929197484859333
66458,0.02714406748295622
66459,0.14751382213773007
66460,0.002836053852033224
66463,0.001852915697550616
66467,0.0025799745034046384
66469,0.0048544827831941825
66470,0.004704398168274712
66474,0.016054894918870577
66477,0.01251603012397982
66479,0.005369734908790696
66480,0.00023722946122366653
66481,0.04458467183995047
66482,0.014481542417909547
66483,0.014496527151847589
66484,0.026691419856436666
66487,0.037801126230317963
66489,0.0014952579755729489
66490,0.01025763691619318
66493,0.0030246342922434274
66494,0.002055782595014335
66496,0.020746604729902276
66501,0.06284707715846369
66502,0.0033012219761612504
66504,0.03489070571662523
66506,0.05606258831289127
66508,0.016372192641869555
66509,0.018357695862231214
66511,0.002272361160146995
66513,0.006065960163439545
66514,1.9570623249852678e-05
66515,0.009289910919605238
66516,0.06323670131441625
66517,0.031091808240554308
66518,0.003377573301449031
66519,0.011749985580921348
66521,0.004363776384240237
66523,0.012497393539600306
66524,0.053606359056309984
66530,0.03022852863836221
66532,0.0044999766659037325
66536,0.08002751635131378
66537,0.017006540408116697
66540,0.005043907310208885
66542,0.026474676124505284
66544,0.0383547233543152
66545,0.041259530418597805
66548,0.12586676936168012
66549,0.04697684959769891
66551,0.00475936614802662
66552,0.005411177618407637
66554,0.048324696959586966
66556,0.0057255684345105485
66562,0.004929311203421756
66563,0.0508239529380462
66565,0.0038772967481568404
66567,0.007959539928456627
66569,0.009326570084265549
66570,6.596157168483783e-05
66574,0.00802391149727942
66575,0.0005392764606585003
66576,9.809509749819898e-05
66580,0.016160824511588037
66581,0.0014214534645995184
66582,0.004097841257530115
66583,0.0029687186343163433
66584,0.0004943755896303633
66585,0.006581650389149574
66586,0.0026562237230850928
66587,0.003151882549056038
66591,0.07260736824201257
66593,0.04062765675205965
66596,0.00019020793074400887
66598,0.006510007122476367
66601,1.7710107942818988e-05
66603,0.024798437539738614
66604,0.007812511213074698
66605,0.04290074435927591
66606,0.008606532806632938
66607,0.011382469186530452
66608,0.007455715618783585
66610,0.13005783822376804
66611,0.024482489988182067
66612,0.010194178030047366
66615,0.0001836286508643617
66616,0.002928162900722048
66619,0.005351795792757126
66621,0.002819296811897021
66622,0.008026596231271058
66623,0.15000599503127499
66624,0.04704037161216553
66625,0.003549249703504694
66626,0.004283648529126829
66631,0.10351933513434244
66633,0.03330649631963017
66634,0.008828443626548629
66640,0.006744562536946841
66644,0.004834034167023582
66645,0.0033893846000668517
66647,0.14563651649667406
66648,0.004176842507105899
66652,0.013834244933195537
66653,0.042692742207080005
66654,0.011418440997773383
66655,0.010506608791186485
66657,0.044922001276884005
66658,0.00465756725485618
66659,0.00413033708124478
66662,0.0015816548401184395
66663,0.02166904969500591
66664,0.015492192992588567
66665,0.0034624844361372926
66666,0.01593708400257583
66667,0.0032513157154443616
66671,0.03847238453219199
66673,0.009197494210148012
66676,0.01105194220543605
66678,0.040553310095122405
66680,0.02016115182358314
66682,0.002153651284456761
66683,0.024861875324207087
66685,0.01593587240856532
66686,0.0010019282816724684
66689,0.020321553076464972
66692,0.047471376331915095
66693,0.05011709149828899
66694,0.014255542078251698
66695,0.005628239534482189
66696,0.007425381123006513
66698,0.007107210736684849
66699,0.038699709783939225
66700,0.0031934282082072486
66702,0.00929126603421005
66705,0.11956292134885989
66706,4.95924086915698e-06
66712,6.352291919056406e-05
66713,0.03054186109672539
66714,0.036048725917037595
66716,0.12183458585152931
66717,0.0030972990595062797
66718,0.002706534595821187
66719,4.180755506152994e-05
66720,0.09541331236870591
66728,0.0062309036174208925
66730,0.04108535913812411
66732,8.761519664619663e-05
66737,0.003683865340306738
66739,0.11256424938539544
66740,0.0028904390384147894
66741,0.008596840840743759
66742,0.02079385796304239
66744,0.0011808098813199193
66746,0.007789314507001977
66748,0.005340315533598276
66749,0.30745583145731353
66755,0.003112733155904893
66756,0.07027127426049366
66757,0.027853125717733122
66762,0.03440527244408891
66763,0.007811599293343786
66764,0.002232829056263089
66767,0.022280189229532628
66768,0.0045895274996766485
66769,0.023325776111087857
66770,0.0002578611938048159
66775,0.053064652682049525
66778,0.0037797319343287634
66780,0.03773529156052927
66781,0.002946937283262146
66786,0.16574855285565027
66787,0.003096965661128145
66788,0.020744662080417274
66789,0.021800036466457094
66793,0.0032614108319929417
66795,0.06302395072767734
66797,0.012038717907124718
66799,0.003725407813016214
66801,0.0017792501410650744
66803,0.0034623424144265527
66804,0.020013919505949978
66805,0.00011285699492292571
66806,0.00657071554837767
66808,0.004935516983085898
66810,0.004734886622585746
66811,0.004669573431531381
66815,0.018168487268160657
66816,1.522828130181612e-06
66818,0.002839614562418046
66819,0.0897495454693867
66820,0.030289784857354753
66824,0.0036494736251627786
66825,0.006022326161338884
66828,0.024893539522564838
66835,0.03613284768081093
66836,0.02016175622279339
66837,0.08617989988511023
66838,0.005474064574662042
66839,0.00701279962118158
66842,0.023676909831546383
66843,0.04483089086352016
66845,0.0005791243729121136
66846,0.005331567790505058
66848,0.05240255407900313
66849,0.005693095748590319
66851,0.016175205816869917
66854,0.0023915476582763726
66855,0.032291115094855244
66856,0.003136789030980809
66861,0.000404794799319807
66862,0.02298055836540739
66863,0.016036191795050486
66868,0.010247381178850342
66872,0.005751129016778511
66874,0.013214645311527343
66876,0.014299035377363527
66878,0.009574659723789337
66879,0.007910224087614503
66883,0.00355176895326206
66884,0.005357055317455391
66885,0.02803383439409641
66890,0.10358610882828614
66895,0.18370741435266932
66896,0.0408961101277791
66897,0.06305718779720432
66898,0.004198728786263616
66899,0.0031537521062489126
66900,0.00602005115460739
66901,0.00023656849156406678
66905,0.025102587413596875
66906,0.056844584127204854
66907,0.008534651035959169
66908,0.00493176762376632
66911,0.0838468713397432
66912,0.008270544772240832
66913,0.102387400195014
66914,0.08683103055481477
66917,0.004272503151520825
66919,0.024601832490353782
66923,0.008390404932094486
66925,0.09427417646532768
66926,0.04281309667598991
66927,0.02349477705065462
66928,0.020607128085141698
66929,0.003705469943796912
66931,0.011375671047840758
66933,0.04213631363363571
66934,0.029417511802813708
66940,0.00502154333647982
66941,0.005134999899466822
66943,0.0026376085498150312
66944,0.018014024824466485
66945,0.00024252739407988944
66946,0.00333395578526837
66949,0.020765488062159432
66950,0.004253108959086269
66952,0.00032438005068718967
66954,0.003753655153990598
66955,0.03708695319004883
66958,0.013177292461106755
66959,0.03751717757297231
66960,0.132271114838178
66965,0.0030856335338722857
66966,0.00915214084475012
66969,0.021554349694886787
66972,0.004403604139632986
66974,0.0030263589456349313
66979,0.004765678631460229
66980,0.10066814396343303
66981,0.005032745706548048
66983,0.0027932330248868656
66984,0.005781732120134392
66986,0.004741283264830129
66988,0.007505972458769993
66991,0.015513144940482412
66993,0.003215858998330506
66995,0.01358263317119962
66996,0.0260175509107829
66998,0.005488503900391507
67001,0.003036474090617737
67002,0.0023006045711055946
67008,0.007768391598992062
67009,0.0060082668707423115
67011,0.07716964186084159
67013,0.0068349305914303694
67018,0.006520293987293042
67021,0.01997219587925228
67022,0.028535242767743274
67024,0.007598044080098419
67025,0.0016882686727422288
67027,0.017393095277174912
67028,0.04303909680895809
67029,0.024756893085486013
67030,0.10665016942556264
67032,0.0032140655978904714
67036,0.12581774246826297
67037,0.003062942754355379
67038,0.012230382105506317
67039,0.0074879936828149566
67040,0.016077665458179943
67043,0.0043026106511472005
67045,0.004467501869618344
67046,0.046300458723728864
67050,9.983584454860411e-06
67051,0.00495541522503849
67052,0.002995429641396532
67053,0.005743876537359462
67055,0.005453923426833523
67056,0.009262589958520109
67057,0.016086170224961838
67058,0.012209307696911427
67059,0.012029579486721592
67062,0.009665350651121458
67064,0.01815720936338574
67065,0.024340210830473264
67068,0.01387722763727454
67070,0.024875626402814772
67071,0.009663204776748322
67072,0.08085924924424391
67074,0.003937392034872151
67075,0.0034135288651780927
67079,0.02929738589619476
67080,0.0034172096370555325
67086,0.03201764662536097
67087,0.14013686364910086
67090,0.004489397953619334
67091,0.012136588583897406
67094,0.015771186282595377
67096,0.003215859856345617
67101,0.001306800635557417
67102,0.0035192540881270914
67103,0.03916523456455056
67105,0.004265260298030964
67106,2.1913775641467014e-05
67109,0.005168304387524123
67111,0.0013159315828512395
67113,0.023085418998761202
67116,0.011965327673704045
67117,0.03952609310081053
67118,0.051002806854310405
67119,0.13291827768633463
67122,0.1492054304845818
67123,0.006958278083640296
67125,0.030052559173899346
67127,0.02300926797384543
67129,0.005364206062432743
67130,0.003947266132973313
67131,0.004684455571933015
67132,0.13531579503439345
67133,0.020607128085141698
67136,0.0018041587604224543
67137,0.01896301816610445
67139,0.003462353710236332
67140,0.007354199749048588
67141,0.13450078380859573
67142,0.026153986760569924
67144,0.004309746201667426
67145,0.012414211338230875
67147,0.021687446498600875
67148,0.0806691672780859
67149,0.005046642717742613
67151,0.1300994850634154
67154,0.01608234711809511
67156,0.010980997379937343
67158,0.01246218049674329
67159,0.0221087014887135
67160,0.00892966001700353
67161,0.004908374594066515
67162,0.012924369069993566
67163,0.014581518315592087
67166,0.01545146046423677
67167,0.02408191942155698
67169,0.003798200504769351
67170,0.031132616196734825
67171,0.00951965812290481
67172,0.06959594057700809
67173,0.05049436615828718
67176,0.001666690246257474
67177,1.2278048823510855e-06
67179,0.042715416931169065
67180,0.0063178084370283105
67182,0.0041725132376781195
67183,0.02892772173969129
67185,0.011993684518756676
67186,0.10970267509350994
67187,0.005083951781306283
67197,0.00729303136737227
67198,0.004039733445625011
67200,0.006642257675585841
67203,0.0030363986420127863
67205,0.0076930498737198755
67206,0.005697399971163147
67207,0.02547186640778426
67210,0.0037459956057857018
67211,0.11227957633891437
67215,0.013538936041267215
67217,0.08475387280206466
67218,0.01107143106185573
67219,0.003321971168140921
67221,0.15330973611251655
67222,0.006560103348093648
67226,0.02870867220152272
67228,0.1432540488462538
67229,0.006286180171788742
67230,0.07115716917743545
67233,0.003699036032814671
67234,0.01809013728888799
67235,0.0021947331487798586
67236,0.0010396876542019702
67237,0.1313818610991009
67241,0.0057433977665878235
67243,0.001555364334357895
67245,0.0037199482227584517
67249,0.04820915292820529
67259,0.0038609421843203554
67260,0.004183784828216371
67262,0.003983844026276912
67263,0.011035467384945931
67265,0.00573370928738419
67266,0.00945106415539291
67267,0.004116980913091078
67274,0.008473635602569958
67276,0.052997220606134654
67277,0.007965449931121422
67278,0.003674709304021278
67280,0.0032471063929129084
67281,0.0011522462511483315
67283,0.02622894828682832
67285,0.003968202581469414
67286,0.003549632758139075
67288,0.003890498826569919
67290,0.003354591301144505
67293,6.991667510477646e-05
67295,0.003000706353299797
67296,0.11590793850997351
67297,0.004269981027298823
67300,0.36138244631375377
67301,0.004918986098400388
67304,0.004313683467697118
67309,0.2608771891276602
67310,0.024225312084009815
67311,0.0024482632086494423
67315,4.013067366732335e-09
67316,0.02855195358797337
67320,0.12289735946612504
67321,0.11738754630371709
67322,0.03333704483152366
67327,0.02351089309512613
67330,1.0177265725664609e-14
67334,0.0033134796230341536
67336,0.020548971257937112
67341,0.00289274006898708
67344,0.013173467356717294
67345,0.00399609458574339
67348,0.024648992727770585
67350,0.08251709630650012
67351,0.003819327638107102
67352,0.020323688077206133
67354,0.005582905199605008
67359,0.013968362438041053
67360,0.03884960874100124
67362,0.12582197533299821
67363,0.0010854767555845625
67365,0.005129382511818128
67368,0.001625043720991411
67373,0.11207997904396445
67374,0.025095327166826324
67375,0.11591759835178995
67376,0.005600715795119546
67378,0.0011044457639717902
67381,0.004202408026776255
67382,0.14706676594747997
67383,0.002494811965936949
67384,0.017072936516222836
67385,0.009903659177283718
67386,0.0035180441281576075
67390,0.022133655159928947
67391,0.021763121063795497
67392,0.004956707950148481
67393,0.0028667123766817626
67395,0.030059646132613846
67396,0.0068261587680393705
67400,0.01625761254398891
67403,0.024407348142798376
67407,0.0003168602178770705
67409,0.008738497333453575
67410,0.00935195663772701
67412,0.02234801995911251
67415,0.0028125825074832972
67416,0.018770597974221828
67419,0.004647094301203492
67420,0.003148386151881289
67421,0.002591993343229726
67422,0.014829574504475862
67424,0.0025981636368588488
67425,0.005635433839046604
67430,0.19956320274046865
67433,0.0020615566010020697
67435,0.0047596148151415
67436,0.01932675949997418
67440,0.026665274292483634
67442,0.06585551207591472
67443,0.003513899305520517
67445,0.015972080130420622
67447,0.0037549732842982646
67450,0.004371901575536878
67451,0.0007597643930945391
67453,0.004078162456028964
67456,0.0006993626599369173
67462,0.011994145548128988
67465,0.0046935456724552845
67467,3.596212096947012e-06
67468,0.024719588831776763
67469,0.09965154302604567
67472,0.04862325155553761
67474,0.0033094636605694545
67475,0.007651671196007218
67476,0.0021838394858193005
67479,0.09522689043105924
67480,0.08073453983203138
67483,0.06185963266375956
67485,0.004926805024081805
67486,0.0033180614887969822
67487,0.08552314752277428
67489,0.02090559449945698
67491,0.0027409676569546417
67496,0.026665274292483634
67497,0.030842079278520045
67506,0.028629115335049467
67507,0.0033604105128879087
67509,0.0037755615087438164
67510,0.009830494453336466
67511,0.00382283522481246
67514,0.004815914859564807
67519,0.0037391087675696473
67520,0.0001263946964818522
67525,0.014784801726836357
67527,0.010719241624549326
67528,0.02136496451364457
67530,0.003345105494482938
67533,0.004403123493202818
67540,6.57871907824537e-06
67542,0.021545097927638347
67546,0.002946324264260066
67547,0.003215632307677911
67548,0.018052224324887445
67551,0.009541859588322906
67553,0.01538991311149366
67554,0.0992045229657848
67555,0.009472072786317747
67556,0.0033183384452674714
67557,0.0017356524187987752
67558,0.007849176231071987
67560,0.03565006899686645
67562,0.013137628813517533
67565,1.4758324971142256e-07
67566,0.003692178670662012
67567,0.006154338114894547
67568,0.005846759817357805
67572,0.03044443868116901
67573,0.006570700366078753
67574,0.01225135684293951
67577,0.029229533647910113
67578,0.05147258405451362
67581,0.03426903410267544
67582,3.1807480104049e-05
67584,0.02354420067855618
67585,0.013699827030529771
67586,0.008664098734467409
67588,0.001520260491547206
67589,0.003958283948992291
67591,0.018052224324887445
67593,0.03232197383905849
67594,0.0024231270562202986
67595,0.009095466159164746
67596,0.14603241434013237
67597,0.006711548806576038
67598,0.06895922790319622
67599,0.10615836090204013
67600,0.024578391782530847
67602,0.025424815409488766
67603,0.020668103454792506
67605,0.03571487949887145
67606,0.015516589089030792
67609,0.005182282345233894
67610,0.01624635405880386
67613,0.0039935550004510075
67614,0.02360008865549278
67616,0.0024291106461242387
67620,0.06058125362877677
67622,0.003100779738959161
67627,0.025749107943130137
67629,0.01953204170141004
67630,0.19461916858164094
67631,0.09308876812577402
67632,0.009373700760627218
67635,0.010016354068940131
67637,0.003512815711071335
67638,0.0030497424974810783
67641,0.00683059816216378
67642,0.006052919079318183
67643,0.029478622992090225
67646,1.7984957497237888e-06
67647,0.00018115708799788886
67648,0.04748003484516647
67649,0.31911626193999537
67651,0.003174592245335496
67652,0.004050822728731753
67653,0.011971842308247053
67655,0.008271648144802288
67656,0.01368216632397686
67657,0.02875111005971369
67658,0.02181909999159661
67660,0.03089778859333369
67661,0.0005321305997376372
67664,0.05005624474199579
67667,0.013400139950179095
67670,0.006395043235134678
67671,1.27960561713367e-05
67673,0.006867366037417853
67674,0.0014422315331434738
67675,0.0024374658641133106
67677,0.051123256047440786
67678,0.01976322046639936
67679,0.01247638235558319
67682,0.0015925006802826834
67683,0.009677984654610628
67685,0.021836264598377158
67689,0.00352286990143326
67693,0.0352491104946023
67697,0.00028678348543055587
67698,0.02122211524569236
67703,0.05412547740192848
67705,0.01655786028047998
67708,0.018052224324887445
67709,0.002268211231976309
67726,0.06750927689738738
67728,0.03269609998081368
67730,0.0018766843965498956
67735,0.02093055578341087
67736,0.01952907826199995
67737,0.03011338126226475
67738,0.0008723713212396426
67739,0.008084873410451044
67740,0.00021177582952406544
67743,0.050965807695137345
67744,0.0018419233255644208
67746,0.0018590153900720986
67747,0.006339748619017402
67748,0.0054000087863433415
67749,0.008681867772411
67751,0.0030363986420127863
67752,0.06730852442776902
67753,0.024147373106908964
67754,0.0863703223401458
67755,0.0018765061419853193
67756,0.0078392404141376
67758,0.01925900826174937
67761,0.006663409644377841
67765,3.081473219545242e-05
67766,0.02709344215877757
67772,0.025590374020728543
67773,0.04492754881521387
67775,0.003531244577323183
67776,0.03057974232454302
67779,0.08773858533063231
67780,0.0794950202268547
67781,0.017722386007202936
67787,0.021235977127010322
67788,0.018052224324887445
67791,0.0032262305540495637
67795,0.03232835724294563
67797,0.011372874422364333
67800,0.04799323902191968
67802,0.03511973954027667
67803,0.09528874585300176
67806,0.005842492784608239
67808,0.03059240609597275
67809,0.012232236580888158
67812,0.008793397580560278
67814,0.0023803266099320024
67815,0.040297644753175044
67819,0.018052224324887445
67823,0.011913291261455385
67826,3.845953107767731e-07
67828,0.10055095966523621
67831,0.012061736551478632
67832,0.05336105287960957
67834,0.058315441838544556
67835,0.005711108291462503
67837,0.0027632893841681955
67840,0.1411038753002526
67841,0.0068887650608681445
67843,0.05015453129469956
67850,0.009247213370607268
67851,0.002974965620638554
67854,0.01013703168960912
67855,0.010311605553638194
67856,0.10039526318215801
67857,0.0023560526275673657
67858,0.09266619319081071
67859,3.5998781824303746e-05
67860,0.004899725772321007
67861,0.03748449213022509
67866,0.035513024594100204
67867,0.026093795167535367
67868,0.019477607499624697
67869,0.008343294838559305
67870,0.10605722233273689
67871,0.10487627988169902
67872,0.002094769356535988
67875,0.0012305383198295188
67878,0.0037868930067729897
67879,0.0034622470837179726
67880,0.09415620040224536
67883,0.04545409555618826
67884,0.0015576587014307483
67885,0.08643753810675185
67886,0.006790148691350901
67888,0.019250587250790104
67891,0.0037385176958159533
67893,0.009689660065884623
67895,0.005257221117081752
67896,0.006784171493238015
67899,0.01463185551605229
67901,0.011634245694580261
67902,0.03774486931935637
67906,0.026461271767429483
67907,0.01964073760060141
67908,0.0034476778954217013
67910,0.018052224324887445
67911,0.02739018273193556
67914,0.25676730794844876
67921,0.00303545923943036
67922,0.011145007858808809
67928,0.0011453838344155488
67930,0.003368099413259924
67931,0.003973396573789554
67932,0.0002700057560920959
67933,0.029443417505142493
67934,0.00486915581127938
67935,0.04525725162073401
67936,0.010673186657205192
67940,0.0069256789304250705
67944,0.05390370789791678
67945,0.13754848325993238
67947,0.003462353710236332
67949,0.012063191383117665
67951,4.667815897828945e-10
67954,0.004451556239089363
67960,0.0025312471924100514
67963,0.0015131581458900532
67966,0.0021352033216267153
67968,0.0033594881953456584
67969,0.06578045763977577
67970,0.0077684844344329245
67973,0.02831191819792693
67974,0.0028451647978446474
67975,0.10492480710709384
67976,0.0024787641747663998
67979,0.0023102415464369987
67986,0.004176870204316954
67990,0.0026625491560786515
67991,0.003462361089193422
67993,0.048696776322515636
67994,0.003106477329491673
67995,0.003513565003506384
67999,0.0006256346182918615
68000,0.12015373452016488
68002,0.021884168950109056
68003,0.13212951129389697
68006,0.018281797380998485
68007,0.0004981502329882699
68009,0.009656825134086366
68010,0.011765257798949545
68011,0.003304856758919901
68015,0.0009185418196915687
68020,9.953826162801537e-07
68021,0.014961218437696175
68022,0.0004421052444372128
68023,0.003710746297502678
68024,0.004199979300227095
68025,0.025410481689646606
68028,0.07001352843782074
68030,0.04589277514568489
68032,0.001626548057846059
68033,0.003574715938277559
68034,0.0038217983363886873
68035,0.02159119376530602
68036,0.0036840624476903645
68037,0.018426066321924894
68039,0.2576791790773054
68040,0.0007576209114850226
68042,0.00016352060424033898
68044,0.003364619197674651
68046,0.009062920636598236
68047,0.03526307112614996
68049,0.0047877865036019245
68052,0.027578355708337925
68055,0.0030939072208305118
68056,0.003753943971386559
68058,0.018052224324887445
68059,0.02457135220948319
68064,0.011094732393368712
68069,0.003409285443543001
68070,0.009745746959920058
68074,0.0033915512330502775
68076,0.1386385862068557
68078,0.0026128125880592874
68079,0.04561340000890469
68080,0.0040240348132456645
68082,0.005045731510790949
68088,0.0019791131216177955
68091,0.003910564249389277
68092,0.004296947808921951
68093,0.15666375332514162
68095,0.010833204460476949
68096,0.01173212616965671
68098,0.020607128085141698
68100,0.0028802357095214772
68101,0.04435155341604186
68102,0.003619382068848134
68105,0.004344714705995978
68108,0.029650817918139432
68112,8.029006093400307e-06
68114,0.17273721620163052
68115,0.024042561401679662
68116,0.012906884642365187
68118,0.02315656390094453
68119,0.0036306551650932806
68122,0.0024600516239227455
68123,0.033944082235958475
68127,0.024677403466161395
68130,0.0263391293455164
68132,0.023453881405587167
68135,0.0014057797833509913
68141,0.014470527439083489
68144,0.003576867691163301
68151,0.004499860993297229
68153,0.02226204324953847
68154,0.029541456820299385
68157,0.006530144088850759
68161,0.0038359016759036625
68162,0.1358189236372106
68170,0.0027000263526935713
68171,0.02643387712065288
68177,0.024523219989086666
68178,0.144668325235706
68179,0.0038827062273182294
68180,0.004661303644411852
68181,0.0006141839681204847
68183,0.09939013719991577
68184,0.009132648817028117
68187,0.005111467008318325
68190,0.0017707715970747323
68192,0.02524465973477087
68193,0.022299820884912912
68199,0.0004908573287774886
68200,0.010806226742491414
68201,0.018272416966049924
68202,0.03189506353796893
68203,0.00010450418859185328
68205,0.009742349873132676
68208,0.0044731419045447775
68209,0.00491909842997274
68210,0.006154406162458305
68211,0.005728089397479922
68213,0.002396699068078959
68214,0.1675665364440457
68216,0.0012109363615599852
68217,0.01566966088244833
68218,0.0003327583641687139
68219,0.007749310209521441
68222,0.007928054311312405
68223,0.00429265394720844
68225,0.031959167495027474
68228,0.02289617240014913
68229,0.003366583232605955
68230,0.07560392900397467
68232,0.06924743228842338
68233,0.00863696852063716
68235,0.023684307362474632
68240,0.003300999889012855
68241,0.002462685209288596
68242,0.0029867557164092095
68243,0.016794823934324528
68244,0.005488909814364539
68247,0.0010623019357999927
68253,0.0002555195007108106
68254,0.0027117132955072868
68255,0.005971948007825053
68256,0.003846992587526421
68261,0.004514297168158572
68262,0.07491214831397826
68266,0.026283383457911876
68269,0.01665036624986773
68271,0.022254326058724613
68272,0.007913642177641273
68273,0.07534269463719045
68274,0.004922266839063882
68275,0.003573148176648575
68277,0.00555362754087436
68279,0.0033619494072073645
68280,0.009718388903392225
68282,0.019139722688971128
68283,0.02214620714047652
68284,0.03941835407883054
68290,0.014577992807178954
68291,0.021884892136103312
68294,0.18517405846691973
68297,0.017950316908977974
68298,0.025932640551890547
68300,0.006725067399209899
68301,0.11451947866782089
68302,0.029903999855234394
68304,0.021209337341529008
68305,0.004393365928806946
68308,0.10458316712035064
68310,0.022432702154864103
68311,0.03127452754667657
68312,0.02337914776428648
68313,7.347243570126489e-06
68321,0.005968781023404339
68323,0.03789876911274098
68327,0.004325714453651788
68332,0.0032557770343420766
68334,0.005489712964766254
68336,0.0037719304933001418
68337,0.002716809755864651
68338,0.04257368851145204
68341,0.003637220532251503
68343,0.0038641809602598326
68345,0.1184546289258616
68346,0.003305493551560902
68347,0.04826608332965605
68348,0.0865514439793598
68350,0.03574247819357986
68352,0.113168554149509
68354,0.0026533133917174072
68356,0.007273914600703926
68357,0.0835957089718289
68359,0.0047726984058521224
68362,0.022908010048036734
68364,0.004473056847376223
68368,0.030289784857354753
68369,0.01038231434524795
68370,0.1160887090061014
68373,0.0038827369665494593
68374,0.005140536753145967
68376,0.003947319116199511
68377,0.033251786225077754
68378,0.004090871094867737
68379,6.719956624066025e-05
68382,0.0038726478892520118
68384,0.006968249617431163
68386,0.0203142654707981
68387,0.07460775130965124
68389,0.0030793716403897534
68391,0.00544327991164401
68393,0.0048548312062540715
68394,0.005029522743632747
68397,0.016937442934260236
68399,0.0035655983190942845
68400,0.0038673499958976534
68401,0.006778595037951014
68402,0.018617379629608608
68404,0.02874269933640572
68406,0.0030825086891262342
68408,0.02488714911264445
68409,0.0038447879766673886
68411,0.02543777882612247
68412,0.08073453983203138
68413,0.15886881755437976
68414,0.001455930605688326
68416,0.11084407806661124
68418,0.12367560899291338
68419,0.025042491929168572
68423,0.003111281795026757
68424,0.005269013915956713
68427,0.0063407769384953
68430,2.526110285233004e-05
68433,0.08582868448875358
68438,0.07504059149059729
68441,0.001646986888014264
68443,3.8438067968981396e-05
68445,0.04000453440145866
68447,0.002780123971815728
68453,0.005055250061344526
68464,0.02714406748295622
68467,0.018815763961937494
68468,0.00025090710956952183
68469,0.11597227873906897
68470,0.0003419783110625447
68472,0.002273333350304531
68473,0.007025440873216473
68476,0.002112886558362571
68477,0.04492322546366225
68480,0.003875239265992382
68481,0.004279143472175824
68483,0.01769891368197113
68484,0.009978510537204388
68487,0.0041205886030850755
68490,0.015903764011985528
68491,0.010343234228482613
68492,0.0024744992296365587
68494,0.01226150582820662
68495,0.006244152372344566
68496,0.024482489988182067
68497,0.00616270160382774
68498,0.006250148350883863
68502,0.004965958059286336
68504,0.004139916700312845
68507,0.2586942410693062
68508,0.02223543495460881
68510,0.018418478033184596
68513,0.017722386007202936
68515,0.018052224324887445
68517,0.02352963857351085
68520,0.0060731517181367555
68523,0.03176062764258999
68527,0.00020470977735507345
68528,0.15139996259827934
68530,0.015330515125749821
68531,0.01549175440060811
68533,0.04570751232852876
68534,0.003036352925874569
68536,0.04191682399438768
68541,0.00043894485259048734
68542,0.06866020668463736
68548,0.0030365379119042875
68550,0.011661429259465051
68551,0.0047521371994180715
68552,0.008250258633545777
68555,0.00012200578744043939
68560,0.003207410004220403
68562,0.005836227387756643
68564,0.021502489834477147
68569,0.0032992552562067785
68570,0.016287324493214905
68571,0.13723338866663573
68577,0.0023317589734229978
68579,0.018571451220341637
68580,0.1639129626857735
68581,0.02284322844418547
68587,0.05469219327075666
68588,0.015868410057858474
68589,0.10335058025500819
68590,0.06701083279577123
68591,0.011380458996167997
68592,0.023046610794144703
68595,0.11165124075451446
68597,0.005089128880819319
68599,0.023292414923238344
68603,0.00014673377710729363
68604,0.031187961240128955
68605,0.016567282608818807
68606,0.000659814773428571
68607,0.0015294404539662198
68613,0.026025591168751278
68616,0.021171188772750794
68619,0.019923732045093692
68620,0.007154885992081509
68621,0.0014707467926909682
68622,0.0032371391215521876
68623,0.01880413284986493
68624,0.0035884498071058883
68625,0.150521691766987
68627,0.02682453960268628
68629,0.0051300517993750775
68630,0.1028064600527591
68631,0.005585734617882664
68634,0.08039129224649873
68635,0.002272946076913473
68638,0.016174180981484466
68639,0.01833065458001572
68640,0.04492271672769201
68641,0.0035020630527971526
68644,0.007000186590776095
68646,0.10326675603244014
68653,0.016954540244373685
68654,0.03358159926375472
68655,0.011914206552837566
68657,0.00594577440760037
68659,0.003947456875902774
68660,0.003917661652117794
68664,0.002853350475951505
68668,0.019096042342241028
68669,0.011493910571999891
68670,0.01176229551537697
68672,0.04844085550236717
68673,0.015681869624093372
68674,0.013716886931916552
68675,0.018061840065193326
68676,0.004471429910963208
68680,0.005533933378093453
68684,0.0036348227593131976
68687,0.1036010790834684
68689,0.00710065628001427
68692,0.06799927790016783
68693,0.004851849187854314
68695,0.0023005775913446476
68696,0.01306151661851522
68698,0.004965983624604578
68699,0.0041107290584010475
68701,0.0009027081799797038
68705,0.08104459508195574
68707,4.282682758310821e-06
68708,0.037438274787342
68709,0.06999311150385369
68710,0.08903441402745203
68713,0.1225678504207521
68715,0.13526035521192106
68717,0.08181184609698688
68719,0.050137828707289084
68720,0.01178189050825588
68724,0.003947524902222287
68727,0.011722859031553928
68730,0.025149830163335933
68732,0.0058889669910995425
68735,0.033373181919060066
68737,0.01979911795887058
68740,0.022097682974783078
68741,0.003945631852601623
68743,0.00464292261172504
68746,0.1081955749304675
68748,0.012264538876937164
68749,0.010723607396855564
68750,0.006892305611291788
68752,0.005766654825665706
68754,0.008407738580683279
68756,0.015550446485337039
68757,0.0045637595673554505
68758,0.019066236070631744
68759,0.003686519830755601
68760,0.018815763961937494
68764,0.008087566372795943
68765,0.0007532245078267844
68766,0.04815732786045475
68769,0.18265881918848598
68772,0.01844235986615638
68773,0.011891731599034215
68774,0.0038232209713677076
68776,0.03976095889251787
68779,0.0036964022927322288
68782,0.022779807603512635
68784,0.004784844518852224
68785,0.014420982350169958
68786,0.003334344529303256
68787,0.027768846396507757
68790,0.02837274135788315
68791,0.0033478170437657487
68792,0.003206799310855395
68794,0.017248840145829614
68797,0.024482489988182067
68799,0.023137038047167387
68804,0.010659958775202783
68805,0.003723213082567488
68813,0.0017776677113671693
68817,0.04710198260680139
68818,0.020846525636439166
68819,0.015505072888176517
68821,0.007274259280859753
68822,0.07184550471919442
68824,0.006559706193540819
68826,0.010211849519040065
68827,5.564604335668543e-06
68829,0.0029862764150018974
68834,0.012612384513551695
68838,0.004200962245229832
68839,0.032504990797993245
68841,0.15025645956317607
68842,0.03595066668733574
68845,0.14778888217751346
68847,0.11231025651677866
68852,0.006416099235191626
68853,0.008092960176562494
68855,0.0034417283566813436
68856,0.13457636819304972
68857,0.005065957010909966
68858,0.02583475128978461
68859,0.011213947445185488
68862,0.003548902795904072
68868,0.01859976797202953
68869,0.10064366466150326
68871,0.0002997344603945415
68873,0.005798740406528388
68874,0.009207079241999008
68876,0.004467330744389965
68878,0.024403770904540174
68881,0.0066873572451947305
68883,0.011765014019082197
68884,0.0803908199026732
68887,0.004522989663702881
68892,0.04178962073306884
68894,0.015687901319549225
68897,0.027302974212799827
68898,0.02203741048761485
68899,0.003747726610929978
68903,0.006658438071872565
68904,0.007743850428039475
68905,0.004500789754603464
68907,0.043109785048793633
68909,0.01721399191834924
68910,0.02329340368822666
68912,0.003855308580035073
68915,0.010336656556384364
68916,0.004914263807699978
68918,0.0044268255539827465
68919,0.04077540165536884
68920,0.022927605613029083
68924,0.008510318337732076
68926,0.056493696027215136
68930,0.08364793267591149
68931,0.002842463302454846
68932,0.013112730893900533
68934,0.14179724023414783
68936,0.0038234702015672445
68939,0.003871752438044388
68940,0.01977853417109552
68942,0.0003782894698728477
68947,0.006056020272807574
68948,0.0025067180712918455
68949,0.0032459323029842926
68950,0.0017026728791946421
68951,0.020087032128231114
68952,0.021847266315422203
68960,0.0014224111605908518
68962,0.0862928765748411
68964,0.0054328284845608695
68965,0.042453125314943045
68966,0.01506558385760291
68967,0.13174976109592218
68968,0.13929957563189616
68969,0.013622100239657601
68972,0.0032152906747505835
68973,0.03484179529676063
68975,4.543250553380862e-06
68976,0.021740564122895857
68979,0.03909301963347288
68980,0.018170210671967148
68984,0.032763240311604
68988,0.0027851384637452067
68990,0.0030309138908154684
68994,0.005221757578861609
68996,0.0032277933248156853
68999,0.004388104072984981
69000,0.008392168982103567
69001,0.003849830261715554
69003,0.006541236131284925
69007,0.005673979571539589
69010,0.02354119742130377
69011,0.004726685218077933
69012,0.003567065389574668
69013,0.09977352157669026
69017,0.11346094443614574
69018,0.012440529175631968
69020,0.10358610882828614
69022,0.011287304810777086
69023,0.002146299826715872
69029,0.0032289074066687608
69030,0.0016060249261538925
69033,0.00436320396092224
69038,0.006432342945206209
69040,0.022579528701255985
69041,0.029293280380399578
69042,0.044833905981741376
69044,5.2878053178692946e-05
69045,0.02332622712366188
69049,0.006669144351535096
69050,0.07702476759064832
69052,0.02063021626361962
69054,0.008739309386090787
69055,0.000676816214920723
69056,0.042807899502985754
69060,2.135656225421674e-08
69061,0.14351249171556696
69062,0.010803912475918236
69065,0.057142700170463696
69067,0.005779416488183002
69069,0.0256942937051942
69073,0.0059930041678698705
69077,0.0027710434225019973
69078,0.007095606309234796
69080,0.07183314372506591
69082,0.11211217611375544
69083,0.00640291959704254
69085,0.0069054614932333915
69086,0.0029962666189095803
69088,0.08498185336123072
69091,0.017454833905443976
69092,0.004178125295769437
69094,0.019461835120885673
69095,0.0027936682362966784
69096,0.0043037091999264705
69098,0.023819762221388537
69099,0.00441275696465985
69102,0.022391256547807624
69104,0.003733210760806
69105,0.005707745380451501
69106,0.004133650781098514
69108,0.026687078341970483
69109,0.004961856731191891
69111,0.011372144858243593
69112,0.0270812418714165
69113,0.0009364604501040033
69116,0.020607128085141698
69117,0.002311375684673439
69119,0.005515819248326495
69122,0.07578494053446272
69123,0.0031959404194128083
69124,0.015821268347046585
69125,0.006085708736020106
69128,0.003924534979789277
69129,0.031826160076324356
69130,0.003616567189542892
69131,0.0034622564208326607
69132,0.004310271888469024
69136,0.006449694819417817
69142,0.0010481888293241064
69143,0.05236761606449292
69145,0.00643782796333726
69146,0.001667166383408787
69147,0.006652294327614262
69149,0.040340212308292114
69150,0.031184887377703394
69151,0.004337210810188223
69152,0.06582513034858459
69154,0.12839390154527813
69156,0.04369476467172771
69160,0.0030364840012757285
69161,0.010291769727778904
69162,0.0016840203681212937
69163,0.004960139329936752
69164,0.0003066715776438064
69165,0.019217796786157423
69166,0.006135113691547549
69167,0.010465405741436881
69168,0.031663040764369245
69172,0.005310621858822857
69173,0.006646600363314227
69175,0.029293828228141847
69176,0.00933545500723192
69177,0.002698360531143074
69178,0.033017870981503515
69180,0.0036697123458970817
69181,0.008316561492150466
69184,0.0073422923707031455
69185,0.01383611786743845
69188,0.0031737993386137626
69190,0.003165371943337494
69192,0.013198254097366505
69193,0.007938640544220454
69199,0.006823723202965369
69202,0.0023006167792609337
69204,0.039056213037587495
69205,8.776709495059757e-05
69206,0.002474325774805096
69207,0.018052224324887445
69210,0.0025924806265735794
69211,0.006934378816414628
69212,0.014096773618781235
69213,0.014662732556169225
69214,0.04590831325245231
69215,0.0009432193588381501
69217,0.027699685173041867
69219,0.06661497691378392
69222,0.005964318059399693
69223,0.1020513506616749
69225,0.0061237299355587065
69226,0.0028102350355205734
69232,0.016060916364932468
69233,0.0021415151476740836
69234,3.2689157873931297e-17
69235,0.003703635308930702
69236,0.016764217454663752
69238,0.0015151016614204634
69241,0.01840929325899387
69245,0.014906525278395779
69247,0.050411308318358765
69248,0.0036125104641120355
69249,0.05219333212000907
69252,0.030121983866523427
69253,0.025449178183143257
69257,0.0036544435449052523
69259,0.0019150535767316114
69260,0.005617212806728871
69263,5.623032662544847e-05
69264,0.0037525028071835214
69265,0.02498997839676809
69268,0.005995941159393228
69270,0.039486721135877506
69273,0.05157973172880305
69275,0.0029928416938155102
69278,0.3126162871145136
69281,0.001973322163882872
69282,0.05140302175382264
69283,0.003955536381179376
69285,0.14895376321842926
69286,0.002150068350728682
69288,0.004111556295469123
69289,0.002582811572676613
69292,0.009987959658921276
69295,0.13559023113988986
69297,0.003273439813653484
69298,0.02714406748295622
69299,0.0022673615886864584
69300,0.02944442232811863
69301,5.503001652941427e-06
69303,0.03185981757887891
69305,0.018052224324887445
69307,0.021618327208852012
69309,0.018052224324887445
69312,0.006864078928964955
69314,0.009960586152050352
69316,0.015153158967977889
69320,0.033475050051819964
69323,7.57723783112435e-10
69325,0.004639700589919198
69334,0.07321496811237273
69337,0.003657665201740951
69338,0.016814032855584873
69340,0.002889291568318993
69342,0.01571630463712117
69344,6.6159974315703e-05
69346,0.00786503438198262
69347,0.003665560677119651
69349,0.004989673010786524
69350,0.01826938599814073
69351,0.015637241687705184
69353,0.020622153118651232
69354,0.0034317839247018688
69357,0.009967080591839586
69359,0.11322079600631339
69360,0.020808014612473606
69361,0.004622949721793194
69362,6.514941175555296e-07
69363,0.004920861978031481
69364,0.003124947755166793
69365,0.0024011422647617748
69366,0.016064755572756183
69367,0.002319368249030211
69368,0.06503744645425111
69369,0.006355447563445016
69371,0.022319734599144405
69374,0.008268740383971917
69375,0.012046926963521666
69379,0.022691310876090408
69380,0.0418675132577508
69381,3.5734449572264287e-06
69382,0.03800887878669197
69383,0.0027687075752957043
69386,0.06985466178855815
69387,0.0035251349032862137
69389,0.0002073164178080573
69390,0.005949023908300768
69392,0.010648016974857904
69393,0.009393937260552765
69394,0.025957640805589037
69398,0.0140522922059742
69400,0.026352326446501286
69401,0.018052224324887445
69402,0.0024059348999921145
69404,0.02997810657416088
69406,0.0013611965396351788
69407,0.004677280986675881
69414,0.0029759195331542313
69416,1.0823848494484221e-07
69419,0.09869097326721536
69422,0.019854883679799252
69427,0.01949054557031146
69429,0.01802409201750487
69435,0.010907377308264531
69440,0.05470166598699907
69441,0.02621140699909918
69443,0.016955625320138588
69444,0.028096168661405026
69446,0.0022413107758413983
69448,0.05556103697304491
69450,0.026195271903339867
69452,0.07658745512773729
69453,0.04086749292455749
69456,0.1305362939381321
69457,0.009529034995484877
69458,0.003110914173646982
69462,0.009260243667828285
69463,0.0032572235363147553
69464,0.2846614914953508
69467,0.03902303060343009
69469,0.07713940815978378
69471,0.0010484663554791154
69472,0.11834947741147417
69475,0.002928906748415826
69478,4.331565286497869e-05
69482,0.002371736522313537
69484,0.0037997920696308156
69486,0.023201838376093967
69487,0.016736408261951663
69492,0.015486552706949723
69494,0.1381176662417137
69497,0.0128455804260871
69499,0.009744826852198794
69501,0.008208646707150144
69502,0.10329358197306612
69505,0.048829659022436724
69506,9.806027681519815e-49
69507,0.019605988507725044
69509,0.0007506960640680383
69511,0.015592220340318564
69513,0.0030262154654728847
69520,0.022583282357260807
69522,0.018052224324887445
69523,0.0027296808893738766
69524,0.037040319899791244
69526,0.03212161146554432
69528,0.026098860065573482
69529,1.3683176338084854e-07
69532,0.0024671087296814134
69533,0.004365348479687081
69535,0.004497854138128965
69537,0.0010235542452079398
69539,0.10919827096492199
69540,0.004837438182455278
69542,0.04116772672713608
69545,4.212354504983541e-09
69549,0.003036465898266548
69550,0.05423706761092232
69553,0.005990788293114816
69554,0.0006558874114129286
69555,0.062176722399451004
69556,0.0498454520633661
69559,0.008032437762128678
69560,0.0028742823579951467
69562,0.0023005801549888104
69563,0.0028377309310366303
69566,0.003205060302164119
69569,0.018052224324887445
69570,0.04177940646597132
69571,0.018052224324887445
69572,0.0034624544645333807
69573,0.0026240468220774735
69574,0.00024840032560817277
69576,0.004909928714011659
69577,2.8972185129738416e-05
69579,0.0028638557535795805
69580,0.11234323050582364
69582,0.007059254837690255
69585,0.007522582438499254
69587,0.024465781201719015
69588,1.0406906911697321e-06
69591,0.009008953221293567
69592,0.004014453281620309
69595,0.014542325585502107
69598,0.15126097888134363
69604,0.04802682391628604
69607,0.004531429666972284
69608,0.005948757876882586
69609,0.004080449489482866
69612,0.0001280736008522967
69613,0.0029808442940592508
69615,0.07686878069841425
69620,0.005821955635267948
69622,0.005846689239909649
69624,0.003913734743040771
69626,2.2696554057927447e-30
69628,0.004733643098050982
69636,0.011456848646227017
69638,0.07097270807300544
69639,0.005996778238968516
69640,0.028096212029140755
69641,0.0030363904498645466
69643,0.03856579151377329
69644,0.004079395646926606
69645,0.0038970138510780296
69646,0.004505819020379168
69648,0.06839349033667526
69649,0.00818031788318401
69651,0.09749645846650572
69652,0.020096401971460412
69653,2.20117545895423e-05
69654,0.0033062400805172294
69656,0.004668175970663465
69657,0.00020285405273976715
69661,0.009436546912358804
69662,0.005549721956016538
69663,0.11389788933546323
69665,0.0030332390181039646
69666,0.024482489988182067
69667,0.005111500167120674
69668,0.009654684454180482
69669,0.004954956066970806
69670,0.00710300311128111
69671,0.011148697213556942
69672,0.00654211485295004
69673,0.02209340075401574
69674,0.0006302307724522395
69677,0.025832625330496024
69679,0.005764828138001044
69682,0.0007521385901452811
69686,0.010793917285270207
69687,0.027136946685754254
69688,0.02328868370599393
69690,0.02334282256948533
69691,0.011629614483873616
69692,0.25364483358551476
69694,0.00015233501496369
69695,0.019770825600291194
69696,0.0009459764113166065
69697,0.003947353128031016
69698,0.030081575401318502
69699,0.004512560225888299
69700,0.005537072486226536
69702,0.003945849363136896
69703,0.004980757134418639
69704,0.018052224324887445
69706,0.11402535530201376
69708,0.001007596849667217
69709,0.002727452240404733
69711,0.004886770406225733
69712,0.003824423570999257
69713,0.04522231086638295
69716,0.0025398270667713334
69718,0.0278890277771081
69720,0.005149958831835469
69722,0.003882806539006848
69723,0.025214597453864587
69724,0.009494202356009744
69727,0.003950103122853584
69728,0.026311660492788946
69732,0.00855106061705663
69734,0.03184008807204029
69740,0.06128897508283293
69741,0.0032371816309108947
69742,0.003821695627882716
69743,0.04195509459396648
69744,0.0024392576053949076
69745,0.00878431401158254
69746,0.007569201571263293
69747,0.03391206637722085
69748,0.005555851697362964
69749,0.10301337723172738
69751,0.06228372375610577
69755,0.012763756845671931
69756,0.0016702034761976036
69758,0.026405733124874126
69760,0.0011735879808299065
69763,0.021241217920308853
69764,0.11316216162366709
69767,0.003499347570531995
69768,0.06035883251581504
69769,0.0014685256231061915
69770,0.01121733156886024
69771,0.006194821222207526
69777,0.012785335458129942
69778,0.0017433092860783498
69779,0.02729783202242884
69780,0.03846085599432062
69782,0.021290534215803746
69784,0.3084954302636571
69789,0.0020748099373076824
69791,0.023196301279608922
69792,0.008923642811078344
69793,0.005088496520637289
69795,0.009195193913190675
69800,0.03967984057467416
69801,0.004894810186052144
69802,0.005720269675815748
69805,0.10237144314528047
69807,0.14770516327013714
69808,0.0040423617376078745
69809,0.09491881786495625
69811,0.0039539783397381885
69813,0.005621830255440837
69814,0.001435199887725856
69815,0.017501740913564892
69819,0.10368524796369792
69821,0.13499872565052048
69822,0.0022667052768662577
69825,0.10459403412576745
69826,0.027373336817231073
69827,0.02026535868099228
69828,0.03177814447041956
69830,0.0024824295336087995
69833,0.05379804638361505
69838,0.016531815192010805
69839,0.0026295872845008682
69843,0.04709306948692579
69844,0.1497443443035062
69845,0.00046713964590967523
69848,0.0038037379052920295
69851,0.02577389609649267
69854,0.03456607882804258
69856,0.0075252727121861915
69859,0.021495820394961365
69860,1.7671855496589861e-06
69861,0.0021196742529330076
69862,0.00988643126186941
69863,0.005934785373829809
69865,0.056844584127204854
69866,0.007420465959309598
69867,0.0035756780672578444
69868,0.00327101942079312
69870,0.009036208291791305
69871,0.028283767557483366
69872,0.03243929925203876
69874,0.08849192929506208
69876,0.15890491608367474
69878,0.02628735166845071
69879,0.14068002398179785
69880,0.020663592889630475
69881,4.524450091857825e-21
69882,0.005805215511535481
69883,0.0026880668299493747
69884,0.012518892356351277
69886,0.029470437692548576
69887,0.0033578732971044837
69888,0.004608396396615847
69889,0.028079529115815637
69891,0.026920418727529077
69892,0.11399690636099026
69894,0.02556088818383368
69895,0.020673282748736487
69897,0.0766138637411108
69900,0.00475899302324257
69902,0.00394734030968833
69904,0.0393455174493897
69906,0.002876577650918108
69908,0.007930673826567397
69909,0.035309123900347364
69911,0.010537581183093855
69916,0.10547344800405042
69917,0.009626387651648948
69922,0.017722386007202936
69924,0.003040532882028209
69926,0.030131364809866355
69928,0.009028350731212983
69929,0.0057755107395082795
69930,0.001753402920505092
69931,0.022523563129659255
69933,0.003947425084776999
69934,0.003582009247223498
69935,0.0006097911784255421
69940,0.0543447298903652
69946,0.23359050795476563
69949,0.004932230271780245
69951,0.004396044248333448
69954,0.0034636419118902594
69956,0.14139158772248955
69957,0.0034623797640606717
69958,0.040042801376524
69960,0.033238146338501015
69961,0.009200987931646903
69965,0.00022988639930901448
69966,0.004230443643994346
69967,0.030289784857354753
69968,0.007877082859857333
69969,0.004503358115348478
69972,8.561212491074339e-05
69973,1.072082417406695e-05
69975,0.04753739818311969
69978,0.002530037909632953
69979,0.00453902952077157
69980,0.0006133981798933505
69987,0.02263302817129272
69988,0.004013600813122293
69993,0.006571628920014205
69995,0.0033319556128051744
69998,0.1334455548741329
70000,0.017874246950746006
70001,0.012150973724113332
70004,0.017585941600836437
70005,0.01883538337601382
70007,0.024051113999171272
70011,0.005593653208359501
70012,0.07622403013853733
70016,0.003001303155697421
70023,0.031605483788188136
70024,0.0049445923560663615
70025,0.03804474514196377
70028,2.645289323834405e-05
70029,0.002483134363472725
70031,0.05961604669398234
70033,0.00592740615657494
70037,7.522511372487694e-05
70041,0.07196206754337206
70042,0.016931334475642365
70043,0.13201653649682843
70044,0.02150675394225034
70046,0.027614416560402637
70048,0.0032634979313285162
70050,0.02242863726552556
70051,0.003993228727200554
70053,0.007677448318861051
70055,0.0023034346789203033
70056,0.0038650465801591378
70057,0.000861672379060219
70060,0.023732227509551063
70063,0.04803580982710607
70064,0.0007162403513652956
70066,0.004681093113960661
70067,0.00842469558459837
70070,0.007139506941870776
70076,0.11763449503361205
70077,0.002650228499921489
70079,0.0036474459615048593
70080,0.020383164993194022
70084,0.09533815838629614
70086,0.0033163624353349805
70088,0.005319859753049979
70090,0.0037617158276359976
70091,0.004130074322552323
70092,0.08304912020942463
70093,0.09869631323410129
70096,2.453096210895832e-07
70097,0.0020699757670074106
70099,0.001744515269300383
70101,0.018072624710283154
70105,0.003933519670979585
70106,0.000625874453811902
70107,0.006385117973727724
70108,0.004920305915591689
70109,0.0022876482195930935
70111,1.3048957447172419e-08
70113,0.03643210457243818
70114,0.01818231323998374
70118,0.05226644907753698
70119,0.002865072912273492
70121,0.0006694090981580333
70124,0.022756484969642457
70125,0.0007607130188072663
70126,0.02624661502746093
70131,0.13567367721831938
70132,0.004504152668425149
70133,0.014941860145915085
70137,0.0047487790048269
70138,0.11952684026505986
70145,0.0006793878729351951
70147,0.016264522437618344
70148,0.14287800002566323
70149,0.004144151186430852
70151,0.008953972217020755
70152,0.016117387773298443
70153,0.0033165295106403502
70163,0.0002834270657338743
70166,7.374568504386748e-05
70167,0.05389074262151565
70169,0.011523850026295392
70170,0.00634391873619954
70171,4.687820729659326e-05
70173,0.10937677931044591
70174,0.11867345323933995
70175,0.00363107919239729
70176,0.0007543910167304841
70177,0.0070279936967244895
70179,0.0031414908284289893
70181,0.004253785236806798
70182,0.048625564303222506
70183,0.003946955150489384
70184,0.015481812032831575
70186,0.010150484595743319
70187,0.006063961420685569
70188,0.017850921478198282
70190,0.02374016141485356
70191,3.538616893697969e-06
70192,0.004623039601276419
70195,0.14862947737833293
70197,0.03224062660520445
70198,0.025046442881143122
70200,0.0049536595496233364
70203,0.0001247440051469666
70204,0.0034624151556216427
70206,0.00801985311062813
70210,0.004426923869769775
70211,0.00035953340630548664
70212,0.003584553626903016
70214,0.032207848908562764
70215,0.03654540050421018
70217,0.006693867613894344
70222,0.13434158659119355
70223,0.0038015222049247004
70228,0.0038697948875067957
70230,0.07773518474081646
70231,0.004556570106965445
70232,0.013982561477571442
70234,0.023436843300675653
70235,0.006663725356236903
70236,0.09214915721183636
70237,0.011367926443350692
70238,0.015594299231843349
70239,0.056907646933314855
70240,0.019343659885040616
70242,0.14326318346343156
70250,0.00316547315212197
70251,0.1686368674871624
70257,0.004606892494364941
70258,0.00319338320752398
70260,0.002338603463615218
70262,0.005610329021934442
70263,0.04374363978902197
70268,0.08540882999452191
70273,0.02670772435169681
70274,0.0023509351130383107
70275,0.005784687676444022
70276,0.003025490752865151
70277,0.0013605848314915425
70279,0.0050523019356506155
70282,0.12411811079882722
70283,0.003620936821768777
70284,0.025407450476824595
70286,0.003717603051352779
70287,0.0075399047300793625
70288,0.003143655151797174
70289,0.010871101516318918
70290,8.92522516704578e-05
70292,0.006039433835925754
70297,0.037181151700796035
70299,0.002640553678315227
70301,0.008483317164626131
70306,0.0074746550907284414
70307,0.02931346536581602
70314,0.0049688269112559864
70317,0.00487586031324742
70319,0.020235584230632778
70321,0.11753831497350882
70322,0.004304006752718625
70326,0.008155760232677483
70327,0.010060420049608877
70328,0.003781146315942209
70329,0.01012816223269171
70330,0.018970082869436074
70334,0.018052224324887445
70337,0.05846464368178081
70345,0.0005545506883020267
70349,0.023539878812348602
70351,0.3425100648154832
70353,0.002446885942649119
70356,0.001996816710138326
70357,0.006663658859831776
70358,0.015469321641116656
70360,0.002344498823374321
70364,0.024318967154840054
70365,4.2941707811417356e-07
70366,0.14770237711783704
70369,5.792184120750281e-05
70370,0.027272606291666494
70371,0.008342183602267786
70373,0.00558870801065876
70376,1.1239107711810258e-05
70382,0.002946902997976035
70384,0.0182221301948873
70386,0.0037484875766236876
70387,0.013949954793690976
70388,0.003312922297940645
70390,0.00423883466139283
70391,0.002949086591541197
70393,0.010066965351232816
70394,0.0004494758025512765
70395,0.013202936632455645
70398,0.0034663991884296016
70399,0.004455821470917822
70403,0.08665662698738875
70404,0.04291818850706355
70405,0.004460066671471343
70407,0.032835447016390185
70408,0.005339197424587991
70409,0.015939921354452317
70410,0.0030867747840456175
70413,0.00945151505092109
70415,0.008292581532205304
70417,0.05032844554476781
70418,0.005730191537726233
70419,0.005996002317857138
70420,0.003125607542969589
70422,0.03748186452180169
70424,0.0004129113747307446
70426,0.0015486829820102025
70429,0.004973341978968277
70430,0.0034111200609705343
70432,0.03183913176990399
70434,0.031386610942898005
70435,0.0012067826908301067
70439,0.0676514747836429
70444,0.020136508776345024
70446,0.0034052782289279958
70447,0.023200789226648765
70450,0.005554704483612514
70452,0.14756894375077906
70453,0.003338920138852189
70454,0.0033477254827937947
70459,0.029819647730622494
70460,0.006186461657896058
70461,0.0018438233746348523
70465,1.8802750876251286e-12
70467,0.007248457350579366
70468,0.009255058313982068
70470,0.02168059901651983
70471,0.019197762930740662
70472,0.02360344091229562
70476,5.100846769887111e-09
70477,0.0028301231741812392
70485,0.0015250737172628735
70487,0.001525039419629104
70488,0.008967238574925256
70489,0.11879288813088702
70490,0.013304759464562351
70491,0.09473606735710237
70495,0.02023624932310597
70496,0.0031885587794705118
70497,0.0031960675547699144
70502,0.033270601388725056
70503,0.04271970937188293
70505,0.016738507162189185
70506,0.0025937180016006576
70508,0.11377621178177878
70509,0.009170743076347793
70511,0.04780868144492316
70512,0.07339351119168953
70513,0.22171859573994734
70515,0.0251768229786132
70516,0.06497481550884071
70520,0.004309615559326029
70521,0.09228785224396159
70522,0.001421373571434467
70530,0.04450127302987747
70531,0.007579198133252964
70532,0.0070958736515477515
70536,0.0029074039688676634
70539,0.005747108028728969
70541,0.0004914636674082205
70542,0.007484168647087535
70545,0.016199734865295783
70546,0.0005592655514682734
70552,0.006215374023013709
70556,0.006271285672852437
70557,1.9750084484344408e-10
70558,0.003340109570679328
70559,0.032845870583133825
70560,0.0035583448247711825
70561,7.30010859969108e-05
70562,0.0038790939952170825
70563,0.024482489988182067
70566,0.0037469703469197573
70572,0.007315034118970837
70573,0.01583396453412609
70575,0.009924341792003024
70576,0.0027947626100597593
70577,0.024987290575759005
70582,0.0003952092097631499
70583,0.005696717958022325
70586,0.09682497808054209
70589,0.0035895766095808235
70590,0.04271970937188293
70591,0.0026052493843051884
70592,0.00010875816916699719
70593,0.047858614305493555
70596,0.020607128085141698
70599,0.007761091324619035
70602,0.001542890523203052
70603,0.021902298000232016
70606,2.3742854252003598e-05
70607,0.12395462576401325
70609,0.013694049465812236
70610,0.0005132910505022353
70611,0.02425726210828816
70613,0.030888068583259445
70614,0.041135670737901885
70615,0.03511429296686845
70616,0.09807648227464635
70619,0.09599667449340878
70621,0.05317238942562673
70622,0.003897060304373905
70625,0.08059827307279803
70626,0.11098975943587235
70628,0.016405235319527072
70629,0.10291274518754177
70632,0.024173852380548522
70634,0.004314360013323559
70637,0.02270048078577959
70638,0.0020080264050316233
70639,0.11414353249485418
70643,0.0003616427228211622
70647,0.07204298819072145
70648,0.02682465935354747
70651,0.002989778464782997
70653,0.0192177363209178
70654,0.0026065887365528616
70655,0.011891663501817437
70657,0.005650554006930796
70658,0.007425259554195444
70660,0.0034265496752710753
70665,0.002986301786550017
70667,0.0026739187114641024
70670,0.0211569257391701
70674,0.00308843265322052
70675,0.0027923652061245083
70676,0.08590731241481099
70678,0.0038517979023731234
70679,0.021399709041609368
70682,0.04977566243567201
70686,0.0066705888186733
70687,0.006340807139066999
70688,0.04426791505375447
70690,0.10120948240371
70692,1.2727716917230788e-06
70693,0.004565860826808008
70695,0.02364077451915456
70700,0.008042339379652987
70704,6.743441586976941e-06
70707,0.001653147469087105
70708,0.030212177200171095
70711,0.007308458804958976
70713,0.024482489988182067
70715,0.011215987215986612
70717,0.0029972461371711506
70719,0.019570477916921663
70721,0.03611742978002378
70723,0.03331960523019783
70725,0.008508749870528853
70729,0.02161091937085514
70730,0.007585379808359556
70732,0.13457636819304972
70733,0.008504089028312478
70734,0.006117969017442208
70735,0.01160202271837261
70739,0.10358610882828614
70740,0.002272361160146995
70741,0.006844361381250837
70743,0.028476097246088992
70745,0.007863219822692757
70749,0.004792897569608755
70753,0.0019503653897004465
70755,0.0004721751143213613
70757,0.006250440386897193
70759,0.003036465898266548
70760,0.020607128085141698
70762,0.006480813425901951
70763,2.617334968872213e-05
70765,0.0061516547867917016
70766,0.050251888926462165
70767,0.015253268972167592
70769,0.011210910352654434
70770,0.04065719386401236
70771,0.11422099174593821
70772,0.0002747034420960255
70773,0.003504410744078387
70774,0.001958958737715994
70775,0.003093759161175756
70776,0.0028817904407596536
70782,0.07978971615950675
70783,0.02420876529673215
70784,0.004571004367566047
70787,0.003799057239898564
70788,0.002450915907501529
70791,0.013654201159862394
70792,0.14218227861793017
70795,0.004620959436605683
70796,0.02208337076438232
70797,0.03655188480757187
70798,0.010925730890960642
70799,0.0033538054740405556
70800,0.0641500571074311
70801,0.0005279931066190176
70806,0.005101619020250082
70807,0.0039781723546470586
70808,0.009292379589812426
70810,0.025087922195478025
70812,0.011756247592149775
70814,0.02189448875895785
70816,0.13347606697014944
70817,0.027409358032611984
70819,0.0030296381387724365
70820,0.003887857846517552
70821,0.016787640667214346
70822,0.12970376420726037
70823,0.00493996746230503
70825,0.015231456271392971
70829,0.02023171267406284
70830,0.005386273505535746
70832,0.03924657129635273
70833,0.003930853829221124
70836,0.14468150060921184
70837,3.747993820722118e-05
70838,0.038706518679740586
70839,0.01919440902824535
70841,0.005858041423878309
70842,0.00938318226848206
70843,0.019377789859789378
70850,0.030586468544316254
70852,0.048395488775098215
70854,0.0032598691123697106
70855,0.10429095314929404
70856,0.017014981130573707
70857,0.06208173010358776
70858,0.02966277674145068
70859,0.023582664114709592
70860,2.715886971984947e-05
70862,0.006110807128285366
70863,0.0057406937100668454
70864,0.04335540910774372
70865,0.098448908379064
70869,0.043626264427925145
70870,0.005378258853799479
70871,0.005675159312768464
70873,0.002774992813186408
70875,0.028546725265500818
70876,0.00785315173370033
70877,0.004515417223971606
70878,0.041424591493441326
70879,0.00014153574514150813
70880,0.0037105571741440245
70883,0.08149898641263811
70884,0.0027291634545497765
70885,0.003575537078786628
70887,0.0846015700553169
70889,0.006460980751337717
70891,0.0570940074375233
70892,0.004038784424010362
70895,0.034235317214210005
70897,0.029791668788256887
70902,0.057215590908366504
70904,0.03843393375544443
70906,0.0030365706822160304
70909,0.002466055435762982
70910,0.023181231742533528
70912,0.10503424408567452
70915,0.02165161332776069
70916,0.21334609458388606
70918,0.005257270179522729
70920,0.004400477678447163
70923,0.02281247258789522
70924,0.0048873520442437555
70925,0.10653162318529905
70926,0.0381811541198927
70927,0.002598938186915049
70930,0.03313999299544856
70934,0.08742586474077192
70938,0.0264111216931093
70940,0.023160815132686006
70942,0.14493341250639594
70944,0.004170188667172712
70945,0.2721794469531844
70948,0.0028533316004105288
70949,0.021627464078024274
70950,0.011019240190703942
70954,0.0021586677436474227
70955,0.0036869941808568333
70957,0.0025672260841102072
70960,0.010480853029267618
70962,0.12387669431490195
70963,0.002296650353260514
70964,0.07960667991098876
70965,0.036449737483861544
70967,0.01571226015849298
70968,0.003237384520280167
70971,0.021059107656759266
70972,0.0507820442520327
70975,0.0030364430396068926
70976,0.016044858555670047
70977,0.003268908724588324
70978,0.034390028970327995
70980,0.1340316903781172
70981,0.14204712716961332
70983,0.02330531764580203
70984,0.00481776573414807
70985,0.04641223621829782
70988,0.0031134286347542658
70992,0.0022575449256848996
70993,0.020607128085141698
70995,0.0026814786635052748
70997,0.0017641599470148974
70999,0.10130896069314263
71003,0.005674023663464624
71004,0.03997346796308772
71005,0.030953123498190425
71006,0.002520178463405655
71009,0.02635394090183193
71010,0.028697644701971732
71012,0.023644092800444192
71013,0.024709952503775168
71016,0.004292011495618287
71018,0.004419462284335618
71020,0.012804936157157174
71025,0.015678350781831513
71027,0.050243424912335265
71028,0.020986690349706315
71029,0.0038828701726860465
71030,0.04181530820767421
71035,0.04222851459819224
71039,0.08171500538087549
71043,0.0034624284101489006
71044,0.012777757303198467
71046,0.006371948521183841
71048,0.06563032389664084
71049,0.017555023295845944
71050,0.026492661972194874
71052,1.4637324049704947e-05
71057,0.0763144996863812
71058,0.0013867325204516897
71060,0.008190175454020478
71062,0.0036624797582596796
71064,0.007753785201369166
71065,0.02114576238521726
71068,0.004431536509020318
71070,0.13292998138817283
71071,0.1425929046389853
71073,0.0210116515318716
71075,0.0179114209793733
71076,0.06087291766742093
71077,0.03610247071456259
71078,0.0037203101204524376
71079,0.00409993212440352
71080,0.019640463003309207
71081,0.021735290513924116
71083,0.00428102706098052
71084,0.010583701129523438
71085,0.05904109878438854
71086,0.003333503720072849
71090,0.0023817505021949603
71091,0.05181555395696992
71095,0.07391821218833296
71097,0.0064087006115202015
71098,0.014499598673187387
71103,0.008376425242785738
71104,0.00303659697852973
71106,0.11617641781188573
71107,0.0015762206412170837
71108,0.007475704983197871
71109,0.00602400662571618
71112,0.00012148200363618577
71113,0.018052224324887445
71114,0.0033339861424874014
71116,0.06518201327447999
71117,0.02383450267189167
71118,0.01101890333633755
71119,0.004042121989738934
71120,0.0008575245218367292
71121,0.003036521526880638
71124,0.009695364660928508
71125,0.10289547679020838
71126,0.009720818727911711
71127,0.005578717859180845
71129,0.0872984538106265
71131,0.005289375012885767
71132,0.00015575191838197483
71134,0.0030819199147434266
71135,0.00452395019727196
71136,0.07232405326386937
71137,0.009813298227936237
71138,0.01747459643079098
71139,0.15138192478401064
71140,0.01416235041152647
71141,0.07139923578430764
71143,0.001243053993127014
71144,0.0023006045711055946
71145,0.0027292193544500307
71148,0.0029732976367970857
71149,0.03964299908238954
71150,0.0031549335339779096
71152,2.825935099750431e-10
71155,0.006737790087031329
71156,0.01916923881106991
71158,0.04472871074369447
71159,0.007194828314920285
71160,0.0032921895544213314
71161,0.0012470666993572887
71164,0.008717156166916056
71166,0.0027778242540744563
71167,0.0023570431050524893
71170,0.013354755714918787
71172,0.004153323436341475
71173,0.0013979815959994913
71175,0.0015134652895995016
71177,0.006634622932902447
71178,0.002600503045607491
71180,0.025236090577869564
71183,0.0038753384718557054
71185,0.011454459677661758
71187,0.008425541331895877
71194,0.02738415139986421
71195,0.0030364068341830557
71196,0.0059567075670279405
71197,0.00819493043322338
71199,0.005906288284487853
71200,0.14504980687279725
71201,0.0187218266418651
71207,0.003591330069648726
71209,0.003284358747741186
71210,0.005649251470579923
71213,0.0001645953473313278
71214,0.0994020241276114
71215,0.0034143013823708522
71216,0.009129912410021911
71218,0.062499737551131244
71222,0.016496125577646847
71226,0.0394010967228823
71229,5.6716112663132776e-08
71230,0.008150146854608119
71233,0.0012756942366808346
71234,0.03206765670154255
71235,0.006354831028467132
71238,0.006570275832091611
71239,0.0041129782729930784
71243,2.2849716526305788e-05
71246,0.004465447627726181
71248,0.007057771695614665
71250,0.02265495914785719
71251,0.020559951089132705
71254,0.002445631618067736
71256,0.016007487899078805
71257,0.003291441948994323
71260,0.004675114408376537
71262,0.0021650215217404265
71263,0.01808858170473192
71267,0.10984401144976683
71268,0.09002797615630029
71269,4.228082535422301e-05
71270,0.0992045229657848
71272,0.005026803959348783
71273,6.523558586706245e-07
71275,0.028178359623247558
71278,0.006945313050742474
71279,0.09699105206010171
71281,0.007813480582472753
71282,0.029040271000062616
71285,0.06211413768483719
71287,0.02239304430230906
71288,0.003285283125393284
71292,0.06270884578721632
71293,0.004445870724872637
71297,0.06319935252651768
71300,0.003980592241431788
71304,0.009222242924601822
71305,0.00191300506770144
71307,0.07575312965516834
71308,0.1413751912325113
71309,0.030088652201759235
71312,0.006688157815095566
71313,0.02016175622279339
71314,5.326028206732122e-05
71315,0.0018318631402919868
71319,0.01070872788167031
71320,0.004100773596477272
71322,0.11454459028286483
71330,0.009623781127668471
71331,0.016985696818817585
71332,0.026460715451050075
71335,0.002687796412800533
71337,0.014000511250939636
71340,0.0026685247939065354
71341,0.012928372762079678
71346,7.896896757377075e-11
71347,0.0065721520483740204
71349,0.004346343649492573
71350,0.007675892851865889
71352,0.12898228648367466
71355,0.11357848865925715
71357,0.004216188461496351
71359,0.0020126536115229574
71360,0.0028099281725129247
71363,0.05317698669577449
71365,0.003726230179466991
71374,0.001001512105212456
71376,0.022174517827184794
71377,0.007043894232736196
71379,0.09872776885812061
71380,0.017378425700286686
71381,0.013431140861939665
71382,0.038623711380209105
71384,0.0035127560548551687
71385,0.002894696036997422
71386,0.0009268084874321356
71387,2.784962072607189e-05
71388,0.0005382721030972623
71391,0.015276823024833222
71392,0.002674701906536924
71393,0.005063988840893564
71394,0.0037117090194651895
71398,0.006919390136205753
71399,0.0035555571111133117
71400,0.1101370707740286
71403,0.022897881584833333
71406,0.001759047059609971
71408,0.003506939629854454
71409,0.0003103864388080992
71410,0.10382366231286953
71411,0.013694049465812236
71412,0.08863209291033981
71414,0.07939387414876674
71416,0.1812926470819498
71417,0.007497149269588846
71418,0.025758844130159157
71419,0.011970272688897254
71424,0.015533546958513717
71425,0.004157923175410359
71432,0.007710858192962952
71435,0.00972385684628403
71436,0.016886988005778824
71437,0.0032721001377756472
71438,0.018325864012935553
71442,0.1086915679779658
71443,0.029739302903103577
71444,0.008925735747900912
71445,0.006353827754099886
71447,0.0005632659384346108
71448,0.10109357988069692
71449,2.2204470087004812e-06
71450,0.0002808252333645969
71451,0.007478354627788033
71452,0.0016840196770144015
71454,0.00752088125350004
71456,0.029115737637725292
71457,0.007401628087844192
71458,0.0036111376790571065
71459,0.001110420267962113
71460,0.01239285344940123
71462,0.027398603782166596
71463,0.0032573954387151703
71467,0.005408933428519935
71468,8.736899012408685e-05
71469,0.014239055090583277
71470,0.004892193151506832
71471,0.01050709544612917
71473,7.460893203659436e-05
71474,0.09711588182475854
71478,0.004539298480167376
71479,0.007434509571891364
71481,0.13174976109592218
71482,0.00551781352094434
71483,0.08624615625698141
71484,0.02714406748295622
71485,0.0023837045168778894
71486,0.018052224324887445
71490,0.04703214527017352
71494,0.015946353746755768
71497,0.0037521296201543657
71498,0.00505356636285025
71499,9.5991103366915e-05
71500,0.007090368101564852
71502,0.08250291948077301
71507,0.006448849630556586
71510,0.005664859865116306
71511,0.00338810061373504
71512,0.023784487509538627
71515,0.0038151222228517885
71517,0.005711328049653822
71518,0.0006468963328028639
71522,0.008138970281041137
71526,0.14772345498973188
71527,0.020511954377760048
71528,0.013395948834856997
71531,0.008793307580173255
71534,0.08325950498858257
71539,0.0008372204961701114
71540,0.024102002496345563
71542,0.028900199165494078
71543,0.018052224324887445
71544,0.2261353371676308
71546,0.00324187273767166
71547,0.025760584352681658
71550,0.02714406748295622
71554,0.0022396440432722346
71555,0.028164542962295657
71557,0.018052224324887445
71558,0.0027353844795579294
71559,0.005634046920045017
71561,0.028597287888105675
71566,0.011692398462418504
71570,0.005836389018814928
71571,0.03037792695301735
71572,0.03675921103736117
71573,0.007832949845675183
71578,0.007812061731385032
71579,0.0034692168475367498
71583,0.009752611516952349
71584,0.0023247133716202493
71585,0.003077616103048589
71588,0.008524137779448637
71591,0.002825641442322793
71596,0.03138804127367952
71597,0.00449486534425764
71598,0.0034631730105252416
71599,0.0024626516466329878
71602,0.022860282907512852
71603,0.002990331463705396
71606,0.07395934604877838
71609,0.011389841962382559
71611,0.004499892151201039
71612,0.005776157551465443
71615,0.0778372734811106
71619,0.0075718380945173705
71620,0.07382448448376717
71621,0.0002922114282071353
71624,0.03219478313735239
71625,0.03852731042956581
71626,4.837284093050595e-05
71627,0.03815751446457308
71631,0.13052669076644016
71636,0.015398482245502767
71637,0.051210251164850715
71638,0.031235804546183226
71640,0.00011654961271985803
71642,0.05393833017328558
71643,0.005667731744486992
71646,0.0025305135195346773
71647,0.003036496949510424
71652,0.1365865506698093
71653,0.13776688756604338
71654,0.008609561750955168
71655,0.005148649292552889
71656,0.005479374723382681
71657,0.005582939946970326
71660,0.12938854408515313
71662,0.0059688131838188975
71665,0.030087407396826433
71667,0.005115025964017158
71668,0.004172019154851394
71670,0.009069601513938201
71671,0.10284079287082747
71675,0.00011877491886651529
71680,0.019731499878754312
71682,0.047634312144464536
71686,0.030059646132613846
71688,0.03660533656975402
71690,0.0010360265174987502
71697,0.006375579896517903
71698,0.005493417990263756
71699,0.018052224324887445
71702,0.1262721277521471
71706,0.004767872419356237
71708,0.020422734635156675
71709,0.0036668691701136646
71710,0.0008948411352110878
71711,0.0030365495410917174
71712,0.0015379163535526224
71713,0.017338298729595424
71715,0.13803987990435315
71718,7.871469472490584e-05
71719,0.011168557241669196
71720,0.03172597203654871
71730,0.007611027242107608
71734,0.0042706929797004635
71737,0.09095371640369672
71739,0.004527988001688433
71743,0.03269019751517276
71744,0.0015490780145345762
71748,0.016573203738185632
71749,0.00033674100319911664
71750,0.0027565812292180795
71754,0.03837351796892512
71756,0.000750593692883697
71758,0.03977453347623231
71759,0.023462498627104547
71760,0.002122176567396148
71761,0.0165616395887749
71763,0.01870736139061897
71765,0.06633250438598462
71766,0.043832024398548344
71767,0.039737571102100404
71768,0.006634898181326683
71769,3.773158307690076e-05
71770,0.10177252599488552
71772,0.0657068983867832
71774,0.0025118915238378113
71775,0.004570691870057763
71777,0.0034554806246059316
71783,0.001686831426118078
71786,0.0062214823899771786
71789,0.002233512783471685
71791,0.0034623124440477395
71794,0.00581378604692436
71799,0.02470439293356489
71800,0.004420425016989233
71801,0.014239068372999365
71802,0.0028676044250290945
71803,0.05203655355344617
71804,0.002767242959892273
71808,0.004518175946854595
71812,0.06318257037615485
71813,0.11022582150574715
71820,0.0022481140585877504
71821,0.009522204939438504
71823,0.0063960265748348785
71828,0.03855775319464654
71829,0.005559787326111572
71830,0.014187798540795134
71832,4.327326458848836e-05
71834,0.003792874680340088
71836,0.04026330510010353
71837,0.0007959849492584261
71841,0.008190333185844577
71843,0.0027940975496333143
71845,0.031059193073674843
71848,0.005073096123415787
71849,0.014594186911144554
71852,0.0022411671991527282
71853,0.281520153632058
71854,0.027003610078582062
71856,0.0010505505085980193
71857,0.003188376482858885
71860,0.006878940822534787
71862,0.12646407239670374
71865,0.18940413296618208
71867,0.022107961384041665
71869,0.031114164932787777
71870,0.006458580002418697
71872,0.04362708928109581
71881,1.1824962182069731e-08
71883,0.0030583011283911495
71885,0.0002914740660878974
71887,0.014722858516258878
71888,0.008783682598595983
71889,0.005640840320953031
71890,0.011787117790569734
71892,0.01011520791582454
71894,0.003036467616542098
71899,0.02059572705683661
71904,0.005099514880783231
71905,0.011196546184001283
71907,0.012124766715255655
71909,0.03390742853742989
71910,0.006652233878716707
71912,0.0034052872372718956
71913,0.006981642305691391
71918,0.011108648167837928
71919,0.0025864131929198325
71920,0.002458679151981993
71921,0.0028623348836581005
71922,0.00020226824721354748
71927,0.017063582003348402
71929,0.0033961007909275977
71932,0.002698920211889988
71938,0.03214899843500396
71944,5.7902151124198715e-05
71945,0.10075171291815002
71948,0.0058965326248036146
71951,0.017480226887856
71953,6.907665391409572e-06
71954,0.04439802360730379
71956,0.02680137862402599
71959,0.018448601556033943
71960,0.007194687674155217
71968,0.017094452831883062
71971,0.01972899785893893
71972,0.02888494656237247
71973,0.012302785194233373
71975,0.05965453635820281
71977,0.011991284055680528
71978,0.00782876252773573
71981,0.06537017144495687
71982,0.0333553731632875
71984,0.065206516346436
71985,0.03673758433319474
71986,0.014768052983495806
71987,0.007191232033936327
71989,0.0034656157010227234
71990,0.05366307943734653
71991,0.019745727207142277
71992,0.007508940822524014
71993,0.0023067824919934675
71995,0.00202996452484854
71996,0.0006971739730697853
71998,0.005129522898700642
71999,0.02652156354987792
72000,0.003994484866719279
72006,0.008243654749388046
72007,0.0257698335416664
72008,0.019617103737888945
72017,0.003426058359386994
72019,0.0732545105725948
72020,0.07350544866832288
72022,0.0030783809027437035
72024,0.10227654734653499
72028,0.0014547175512404067
72030,0.002226207179552156
72031,0.07695332135760896
72035,0.004293655281907895
72036,0.01806878521572499
72038,0.012210115706459015
72039,0.00014323677811796466
72040,0.004621627346216206
72041,0.00520630196296696
72042,0.00983613119223237
72045,0.009903692536606884
72046,0.0042280580423703145
72047,0.018388341111079256
72048,0.008168132233240427
72050,0.14253297221675765
72052,0.008893274842391791
72053,0.05074223920243551
72058,0.013229810702249992
72059,0.002272361160146995
72061,0.003807522685696826
72063,0.001619161739063672
72066,0.004066711741973646
72069,0.00733856111798029
72073,0.0212303526636798
72075,0.009655990198812593
72077,0.0021437316526558784
72078,0.002429097090970056
72080,0.023550337993469957
72081,0.021484062766242765
72083,0.020169648122179328
72084,0.005995871346144383
72087,1.3732210597481578e-06
72088,0.007131513295263604
72089,0.03134432335893064
72090,0.0428820714174011
72091,0.00847269500229583
72093,0.013158969353851857
72094,0.005553054147703394
72095,0.0002480845715942581
72103,0.003949595910972985
72105,0.032129694728735385
72106,0.1295986894241513
72114,0.003208367233241912
72115,0.00039609909379903464
72118,0.007362220489941974
72124,0.01721373167337924
72125,0.1310996289694941
72127,0.0023457085478598583
72129,0.1266078561695491
72131,0.07505785809745974
72132,0.032016574226828985
72133,0.004484885101636946
72137,0.0879134971632662
72139,0.032768090085815105
72140,0.004345404724504809
72142,0.12028239618541313
72144,0.05201871484514759
72145,0.0033085660553662027
72146,0.139007362489542
72148,0.008567111419522612
72149,0.005215862437973896
72150,0.0017301365479881568
72151,0.012639725590102957
72153,0.040325268724227335
72160,0.034072935022634775
72161,0.004546486566608328
72162,0.049369447726585546
72163,0.023462498627104547
72164,0.002998081891582615
72166,0.007359257893482002
72167,0.002315209026249926
72169,0.010935158192773664
72170,0.011977838149794563
72172,0.004393324427658861
72174,0.0038567368449531287
72175,0.018052224324887445
72177,0.012917163807379577
72180,0.0062029461669819205
72182,0.007518446463378055
72183,6.848165874214736e-05
72184,0.1302636700623883
72187,0.15307184619151487
72188,0.008393964817957263
72189,0.04611498184442564
72190,0.024091096463361526
72192,0.13870701915736944
72193,0.13049750330458382
72194,0.030231616394456536
72195,0.0029023029269465406
72196,0.1348608084687236
72198,0.014835009809294617
72199,0.026018584312053793
72203,0.008431874454495782
72204,0.0043281198853367085
72206,0.01748663512615562
72211,0.008543132922688448
72213,0.0004932040282060102
72215,0.08487358756568966
72216,0.0026690694424788106
72218,0.02919554303715542
72219,0.010664883269413226
72222,0.030003528441395012
72223,0.00013496493339389964
72226,0.004855496020401338
72227,0.0008228482232020736
72231,0.003985001554364298
72232,0.009792255659647064
72233,0.0539146736028728
72234,0.007659821733076015
72240,0.027902421959122865
72241,0.03916460237224533
72246,0.11202991703581403
72247,0.007447818047774173
72251,0.04033595111962952
72253,0.013915073020510886
72254,0.005358054531260461
72255,0.018881720086840404
72259,0.1028311044538337
72266,0.003920961722216299
72268,0.006991653991315605
72269,0.0030574233354447224
72270,0.022197060103986407
72274,0.004036747527241239
72275,0.017591513787077483
72277,0.019468632777285336
72280,0.005354680703495762
72283,0.07001352843782074
72284,0.020713726988520555
72285,0.04057604362137828
72286,0.012697390052182952
72287,0.004454358390971122
72290,0.022187366571490702
72292,0.0025773217946131895
72295,0.0031038260933491505
72297,0.00812897067928489
72300,0.006024776368718492
72301,0.013694049465812236
72305,0.01829843969907054
72309,0.0015165119289557182
72312,0.0030327436076365744
72313,0.00474356713813141
72315,0.0014345942527239468
72316,0.0051295807836571755
72318,0.015773159554806498
72319,0.002607088424071485
72322,0.020607128085141698
72323,0.03526966357262119
72324,0.005635526808443331
72326,0.0007586760005413044
72327,0.00016362472783696926
72330,0.007845029438777271
72331,0.011277039019282193
72332,0.002079096931790981
72334,0.12240511367881421
72335,0.0034624003974934804
72337,0.09084125790892246
72338,0.14657654476618925
72341,0.1483678619579339
72342,0.04477417486950404
72343,0.024482489988182067
72349,0.022583704832200537
72350,0.02201669748404471
72352,0.04290837363506426
72354,0.013751518984988328
72355,0.1319859829906434
72357,0.017160970872675697
72359,0.008406338771991536
72362,0.005746979016683387
72364,0.00016125375277610115
72366,0.007044320141958574
72370,0.02102386865285385
72371,0.004284948594458215
72372,0.028487434413624165
72373,7.712598942928247e-05
72374,0.005035783676222752
72375,0.02022172766244814
72376,0.10831951938316198
72377,0.011457471204003441
72380,0.009599500298927297
72383,0.004711691447376655
72384,0.0030096345463805196
72386,0.003208469986011962
72388,0.004646750633772313
72391,0.0032594580761010844
72392,0.14141872658412533
72393,0.00039927674638998704
72395,0.018373858327036762
72396,0.010587139095585391
72398,0.008910908406567584
72400,0.0007856413630836249
72402,0.007395828670143997
72406,0.14219518702626935
72410,0.08224473395126022
72411,0.07708416855455814
72412,0.04046627909069533
72413,0.002315209026249926
72414,0.0016767764024073482
72415,0.07496838931415989
72418,0.02798747274304925
72419,0.012588745381971553
72421,0.0032092448494091563
72422,0.021564081531548575
72424,0.026497565125130133
72425,0.00723783024011531
72426,0.0009377158132481362
72427,0.0035507374485817004
72429,0.01650386943032773
72431,7.540122005713382e-05
72432,0.0051270853677073
72433,0.1373759303801948
72436,0.017405575709320845
72438,0.0058062275753704845
72442,0.0126249132549531
72444,0.020191229271073412
72446,0.0023959404654993986
72457,0.017361466061462265
72459,0.0029167667434687843
72460,0.004171974872465075
72462,0.008939709318679117
72467,2.1871656811599172e-07
72468,0.01050298566584303
72473,0.0036906225602568303
72476,0.11515918975344813
72477,0.002000148163003933
72479,0.00305079957595336
72480,0.002483162196616076
72483,0.04585583999848675
72484,0.015603445991192566
72486,0.002222240445866366
72487,0.002871935082512654
72489,0.003374119209401433
72491,0.028741927129108048
72494,0.011257914576315699
72495,0.007530476881730823
72501,0.002936529918055119
72502,0.04482126216839794
72504,0.005324630439834682
72505,0.003196498724625591
72510,0.037764325523071636
72511,0.024557939375673094
72512,0.007072227567882367
72513,0.005755003486972715
72516,0.04431574382136226
72517,0.005207888474429187
72518,0.00432673648183709
72522,0.026980961673552028
72523,0.012241355580427564
72524,0.005519629265070894
72527,0.00319819767053086
72528,0.07483301635189582
72530,0.0035162943257331094
72531,0.019447640872133982
72532,0.038663428971545656
72533,0.0060575910300198575
72535,0.013447326046616501
72538,0.00858506285476237
72540,0.0045216463792500305
72544,0.02412184745193617
72545,0.026408627212113362
72546,0.016119920447282433
72549,0.0009859244456106029
72551,0.022154604728971104
72552,0.07266221560229819
72553,0.0002803542328274946
72556,0.002164785462001048
72557,0.06413415919536061
72560,2.2697371057183748e-05
72562,0.0012269105945503826
72565,0.005065983537616023
72572,0.0013859003114471645
72574,0.004131990813090739
72575,0.006433052120926959
72576,0.11248500475712793
72577,0.0023006106751751803
72580,0.003963529044525388
72584,0.13786100127504566
72588,0.048025487322297326
72589,0.14870900767655407
72591,0.04483351352448201
72593,0.0206236112783406
72596,0.012772644961289525
72600,0.013052724387381257
72604,0.000790109214991147
72608,0.002446118361008714
72609,0.010744900799842746
72610,0.002500574018150394
72612,0.0230698606416591
72613,0.0028453289406342457
72616,0.008194074738308434
72617,0.12105631570465619
72620,0.019349144888829106
72621,0.0024293343248688697
72622,0.05617767394583151
72624,0.003202900091029399
72625,0.006890772181197402
72634,0.01816175155991654
72635,0.003947450722052242
72637,0.0003986974877838848
72641,0.002999776708365301
72644,0.00292591530539443
72646,0.015438612772420103
72647,0.01112015712564952
72651,0.1364407635114026
72652,0.03443121961418083
72654,0.022522228793933893
72655,0.004125190035145298
72656,0.0002480369993440312
72657,0.014014403192131972
72660,0.00433319847838527
72662,0.0016590496366577776
72663,0.0015685449889354032
72666,0.004492321977854441
72668,0.0038969344717657397
72673,0.00607847161600557
72674,0.046516493473898336
72677,0.0623628664090118
72679,0.004086448190908811
72681,0.02105039690709852
72687,0.004973446266689848
72689,0.002492434721778933
72690,0.0021857948357174735
72692,0.033105752404928857
72693,0.002634180626570437
72696,0.0018950789126308367
72697,0.1276784860654503
72698,0.02501612164645295
72701,0.04937199774703667
72703,0.005674868428908561
72705,0.10069964127207932
72712,0.025097790443008614
72713,0.0816292280971535
72715,0.006455725827954822
72716,0.020607128085141698
72717,0.10962999608126116
72718,0.013300494780477833
72720,0.03825595105273698
72721,0.004980050418314349
72724,0.03440527244408891
72730,0.05279194749526973
72732,0.024669398326611722
72733,0.0037447887475939535
72737,0.041938028503884624
72738,0.2155184574599275
72741,0.11448629022081777
72742,0.006118789034400367
72744,0.02329361165308202
72746,0.08499483715023519
72747,0.00455771941693489
72750,0.07196206754337206
72752,0.005807849517863187
72755,0.0001738965689107284
72760,0.11642427983308232
72761,0.010781317906802538
72763,9.916338589152544e-05
72769,0.007579698423634198
72770,0.004718114630876026
72771,0.08506618673305275
72772,0.04226129272984518
72774,0.022003103729386936
72775,0.0014391945228962681
72776,0.037491183020400574
72778,0.0038382688940028892
72779,0.03298158628005818
72781,8.594564043995348e-05
72782,0.09628286497049576
72784,0.004398442556496329
72785,0.0033437151433195955
72789,0.0848230041943123
72791,0.005886778048608018
72793,0.004119097807666551
72794,0.022260519342878704
72797,0.019956681961470848
72800,0.03185063222161843
72804,0.003958159422442478
72805,0.008670971298419
72806,0.002753775687926008
72808,0.03242996347054387
72811,0.005277111870733586
72813,0.11006961904655636
72814,0.14037879367335088
72817,0.005954714338987399
72819,0.024228623407921316
72820,0.014488837487443285
72822,0.05489507505097186
72825,0.024482489988182067
72826,0.024346751124222268
72827,8.14109374027669e-05
72830,0.003078868160629899
72832,0.005440391245984956
72838,0.00268944008397108
72839,2.5296060864034342e-05
72841,0.005626747832842859
72842,0.004599261751692468
72843,0.019448981873289934
72844,2.0476851216725543e-06
72847,0.017015331621940674
72851,0.022082528125361444
72853,0.07638565868020958
72854,0.030526639005175948
72857,0.00611664232865681
72859,0.0330192733169195
72860,0.003579444048964008
72861,0.003828617190953562
72866,0.0037560943502881663
72867,0.017456737487010245
72868,0.005782890828032757
72869,0.003462167043252301
72870,0.004675092605412739
72873,0.001806116888661608
72874,0.009986185823406355
72875,0.0047927589396204815
72880,0.006744394017709749
72881,0.01582410007503359
72882,0.035212919945609725
72883,0.025008809136025083
72885,0.0037218924757049412
72886,0.019078126871674313
72888,0.009204929137877951
72889,0.0069280310592427854
72890,0.027851873508993232
72893,0.020959214871046794
72894,0.02932466375238233
72899,0.1160887090061014
72902,0.009981659386104312
72904,0.050766996126580845
72908,0.005059007433608215
72910,8.211791495425735e-05
72912,0.0036433470963686864
72916,0.011340309915611125
72918,0.019361656470124926
72925,0.13731689503439232
72926,0.007566383446371369
72928,0.02610353710538034
72929,0.003536087435970388
72930,0.10516361653886566
72931,0.0038745856923833684
72933,0.0037599623701380673
72935,0.004114398141098757
72937,0.018255850505078126
72943,0.012746821446052048
72944,0.00458336444781971
72945,0.022110452619890787
72946,0.04005235927473712
72950,0.1186685979071442
72951,0.021340076933161294
72954,0.0028971671492446873
72955,0.02963218034797133
72958,6.517637336470919e-06
72960,0.004172255813400285
72961,0.010291186185261404
72963,0.08315941878701025
72964,0.019484964123426193
72965,0.0026340445168568987
72967,0.003294393905290545
72969,0.003449717348182356
72970,0.02743407366460556
72972,0.01535823259355257
72973,0.15265067831049112
72974,0.03513348035761725
72976,0.016116951164265904
72981,0.0399251759523759
72982,0.0018412280137996792
72983,0.012664140868129831
72984,0.0032371187103232076
72985,0.008429875773684651
72987,0.06043093732010228
72988,0.008206021839593654
72990,0.010649005721596994
72993,0.04481947318273038
72994,0.002725720641722326
72997,0.004933873167994432
72998,0.028448986928324507
73000,0.0019474453918770754
73001,0.00723278841337241
73002,0.11838420460245379
73005,0.03455133565841902
73008,0.02328311777985597
73009,0.14778193119110894
73010,0.017164119855489556
73014,0.03283281625001477
73017,0.00985974377874239
73021,0.13761348980214522
73022,0.018016133810089815
73023,0.018815763961937494
73025,0.014773930179079112
73026,1.3790492146334868e-09
73027,0.01534621653213168
73036,0.004247894506052891
73037,0.02091367066510969
73039,0.003483292563401526
73041,0.13878245159776767
73044,0.0010412185415401146
73045,0.007511811992545577
73046,0.0035515527800713408
73047,0.018857379969316204
73048,0.0013508662201794385
73050,0.0042088417899694515
73052,0.018982743417048385
73053,0.00859893914102038
73054,0.0041148769676335436
73055,0.04454961398442486
73056,0.0055565433477092795
73058,0.0967975640419545
73060,0.005733996957550196
73061,0.0345034935260008
73062,0.018094218737772984
73063,0.007163861602746362
73064,0.0031127178090012454
73065,0.019808323548768714
73067,0.018052224324887445
73070,0.02410959194150155
73073,0.04865406302650664
73075,0.0004182453547148137
73076,0.0007290711653678103
73077,0.019157910784191913
73078,0.06557632003111415
73079,0.003316951261605888
73083,0.0005846314448711803
73087,0.0013710159043456094
73089,0.1407202911562447
73091,0.08114691964010276
73092,0.12188443506543492
73095,0.00010643224445924424
73097,0.03419576960349225
73098,0.1464231159564964
73102,0.023772096360710003
73103,0.11890473066870004
73105,0.0013861848434861606
73107,0.049484321203765606
73108,0.0038357417935105595
73112,0.027816232012407995
73113,0.0038299600365922994
73114,0.0007167771416138155
73115,0.049951304220985815
73119,0.0018663946110093282
73120,0.01689856781216727
73125,0.038968653037533454
73130,0.11704883984445452
73137,0.10634481150954363
73138,0.002690379491061408
73143,0.0012999544149038707
73144,0.011779466993809915
73145,0.044738513303059085
73149,0.20812408630772294
73155,0.020796492975929757
73158,0.020472121188666793
73159,0.00751890868354191
73165,0.004667212133425588
73167,0.0016751048757925094
73168,0.14686409368030923
73169,0.004913712712831881
73173,0.0030369431031788308
73174,0.0059144385987096775
73176,0.004482545454289254
73178,0.003251396572946883
73180,0.0034623910599918643
73181,0.0009531762508294162
73185,0.003881292333864509
73186,0.016195402427233125
73187,1.3456175035258584e-18
73191,0.015031652809718837
73192,0.15086786422142306
73193,0.0027949647304973983
73196,0.03958811043847427
73197,0.005312383349747845
73198,0.005320434766438237
73199,0.003915138305480702
73200,0.024630583600615107
73201,0.004097779246183941
73202,0.015215161775391658
73203,0.1473412729206653
73207,0.049630841494245834
73210,0.0030364477953649673
73211,0.09259369583541403
73212,0.015230881142723699
73216,0.042417304021902254
73217,0.010664674296197156
73223,0.0032905084596406412
73224,0.0024569537896466
73225,0.13931468324552962
73227,0.019013597038906063
73229,0.01815450416171532
73230,0.02102795186020622
73231,0.007422319963963874
73233,0.015008532386877318
73241,0.004008721629723771
73242,0.01513233551427006
73243,1.1415810203153303e-05
73245,0.14302863459696244
73246,0.01534827165130413
73247,0.00035639300152571677
73250,0.030289784857354753
73253,0.12878087584898668
73254,0.0017532851011602926
73256,0.004916450984323547
73257,0.006069619574138368
73258,0.0179548285821212
73260,0.005275346790538487
73261,0.012903759195346432
73263,0.06241942975488627
73266,0.003947384918579578
73267,0.01934815787948954
73268,0.004326091120095258
73273,0.01464134041140178
73274,0.005291743160378541
73276,0.13003692665199057
73279,0.016373885614604233
73280,0.003036524963495455
73281,0.07775313075892236
73288,0.009509315244264594
73293,0.039394288784831845
73295,0.001809130359686387
73296,0.009549258971093483
73299,0.026665274292483634
73300,0.0023817191865269155
73302,0.008035988802323207
73304,0.11239278467870757
73306,0.008808680834437546
73307,0.05609979287065403
73310,0.003242039105402812
73311,0.035434066982270196
73313,0.0036434925282844
73314,0.036854521756595635
73315,0.0025609267791893496
73319,0.15747281251179535
73320,0.004161273840583845
73321,0.02169098483433922
73324,0.006985149257873987
73325,0.07469531273539856
73327,0.0009851030801401293
73331,0.03017617413624991
73333,0.01217314863467286
73334,0.005846566024780478
73336,0.004200247968659924
73337,0.0040088798713698946
73339,0.017028222585275664
73340,0.0038076468898551614
73341,0.06180669929228251
73342,0.0010984715624741946
73345,0.009684259837451694
73346,0.005026462010667051
73348,0.059884051959188916
73351,0.00698263253443535
73352,0.020182063140632554
73353,0.011369793333092702
73354,0.032052193737431026
73357,0.06749556614862443
73358,0.005796948161294435
73361,0.007331642161774882
73362,0.009712143169605142
73363,0.1379678868661553
73364,0.031640419299230706
73365,0.003618133694566794
73366,0.0005080891647080836
73367,0.03602202027966047
73368,0.010430837613444668
73369,0.032458079090461896
73372,0.0029952891162879558
73374,0.1340316903781172
73378,0.003947461319134379
73379,0.006326188614642365
73381,0.02235846662722912
73382,0.0059257478227944214
73386,0.01883538337601382
73387,0.0023006045711055946
73389,0.0036996552321453477
73390,0.021810080446717433
73391,0.04392744242695203
73397,0.004584960996815455
73398,0.01964695097327469
73404,0.012148126481975262
73405,0.00299591117917345
73406,0.005746050698056502
73407,0.004968673936893076
73408,0.006379272856173307
73410,0.00981894121195617
73413,0.006660200163737668
73414,0.017153043547013642
73415,0.016992321014194834
73416,0.0030824530457241074
73418,0.021570653781834138
73419,0.10035156256753024
73420,0.0031248553574064713
73422,0.0032708140431608117
73424,0.003413692010873325
73430,0.09559500305188982
73433,0.04977387411068722
73436,0.0038040126244374716
73437,0.001567077120842583
73440,0.04383260715315449
73441,0.16378586514865673
73444,0.05953083344429531
73446,0.004187288544760534
73451,0.005384783484390303
73452,0.008150643535927449
73453,0.09259435301629478
73454,0.02644761184906829
73456,0.0407790152348393
73460,0.003638450340940034
73461,0.0701924841131652
73462,0.03972291957187891
73464,0.12212545069405996
73468,0.031121007683095846
73471,0.01895044626677324
73472,0.07180687972727674
73473,0.016980916300413866
73475,0.00856012229449408
73477,0.005978672427737839
73482,0.0020823729825318374
73483,0.08188746344650737
73486,0.004158709248744609
73487,0.09787124872738068
73488,0.005883993975612258
73489,0.06709977615944807
73491,0.04183969950418253
73492,0.1003659195908283
73494,0.05287345105868817
73496,0.03620862915673411
73497,0.0017742785404295837
73499,0.003988494243071485
73500,0.0007064794641183581
73502,0.005712542432466915
73503,0.006183770258364952
73504,0.12106610899859678
73505,0.0030479979779669455
73506,0.05287345105868817
73507,0.008177959634805027
73508,0.10101447887065572
73511,0.003036524963495455
73518,0.0009793917498502082
73519,0.004657565205370407
73520,0.004427047401744461
73521,0.021421051275214438
73524,0.0023656851042853817
73528,0.027681574404143497
73529,0.003942246716299595
73533,0.0026912606228468223
73534,0.013850998471557175
73538,0.002484869329358103
73539,0.040725829400642656
73543,1.0290311254933227e-06
73545,0.05816704276539513
73546,0.02357542194828511
73547,0.00393237709837842
73548,0.0001060521584344144
73550,0.0044363336102838605
73554,0.012665790615924431
73555,0.025670984015586096
73556,0.002960881530907861
73557,0.0015564749555607494
73559,0.00027803193219357036
73560,0.00010121296191082667
73561,0.0021200788808600607
73562,0.04674507071280471
73563,0.004624386203914058
73565,0.026614893948554565
73567,0.01601433360878663
73569,0.008587927551319059
73570,0.03873037869866142
73571,0.1764395587215616
73573,0.0046581910180557235
73574,0.009895867319463085
73576,0.008021318454805868
73577,0.01471397315593633
73578,0.015164804746671855
73580,0.013007577132866219
73584,0.02447097468771418
73586,0.1108043051822412
73592,0.08995308181823394
73593,0.006698709390117255
73594,0.008395436449893927
73596,0.006901475154049697
73597,0.019524212156153426
73599,0.05012762811054526
73600,0.10879745172718608
73601,0.008785886740496508
73605,0.0026215346384467386
73607,0.035784664431634375
73608,0.0032453141821335548
73611,0.17552546072065653
73615,0.07070433159187905
73616,0.0034275108890230916
73617,0.005779288446093072
73618,0.011548674825761397
73620,0.004459346432915053
73621,0.07847135622388858
73623,0.028191522878971313
73625,0.004493252284782285
73628,0.09909119379731612
73629,0.025341044804489093
73633,0.003462443168396052
73635,0.15255243890978207
73637,0.003722111912433359
73640,0.005890774137710027
73641,0.003838934007423162
73643,0.0034622229892537822
73646,0.033816345308543966
73647,0.007479155445469717
73650,0.012185477804723479
73651,0.012815851661097492
73655,0.003398889301672191
73656,0.019131491066105174
73657,0.013392818210938696
73658,0.0448226420741371
73660,0.023310389495596204
73662,0.024200292303939164
73663,0.11582523267712572
73665,0.08983193654809032
73666,0.008159620738073203
73667,0.006847917572604691
73668,0.011151466863230035
73671,0.00486981338198309
73674,0.002598396054782113
73676,0.018618532802291407
73677,0.006299116051631843
73678,0.0027750226562502467
73680,0.0011277294686151335
73686,0.10758375162110682
73688,0.005853330616386016
73696,0.013728151689434039
73697,0.006113909002991636
73698,0.12105753842230517
73700,0.13202900398837883
73702,0.08061746551705912
73703,0.07766917175330729
73704,0.002986406192943805
73705,0.0011852110041218852
73706,0.14213716682721497
73710,0.13252874756872488
73711,0.0003196309781660059
73713,0.02967959487167182
73714,0.004796143007384533
73715,0.00805961024017953
73719,0.006558399783709634
73722,0.03246756785422779
73725,0.002531310471328728
73726,0.015624790027538756
73727,0.003477233787981351
73729,0.010146438054367787
73730,0.09582289727762143
73731,0.013060936916858385
73732,7.797716509914207e-05
73733,0.05140831427434909
73734,0.011105457653123211
73736,0.005972473671951596
73738,0.0010004476467157346
73739,0.024482489988182067
73742,0.003703817627669503
73743,0.05041985172948129
73744,0.028485346060814643
73745,0.023462498627104547
73746,0.0045019280027591545
73747,0.0024602234708716434
73749,0.022319734599144405
73752,0.006857657824094878
73756,0.003794255035604068
73758,0.0048661161094236335
73760,3.1217370716622724e-09
73764,0.0005408832230703034
73765,0.0032481152803183573
73767,0.01101089143204517
73770,0.07071499759449441
73773,0.003036598696879222
73775,0.019413920110302376
73776,0.0015854581653247553
73779,0.26807316359034805
73780,0.003947234343377609
73781,0.002944462469847388
73782,0.07114709307851576
73784,0.0034624750984098254
73785,0.04043278568839389
73788,0.002254095951017875
73791,0.056608439596459496
73792,0.11811916590549275
73794,0.0009126885787403475
73795,0.01411592031973689
73799,0.022496826259454164
73800,0.002153707199952588
73801,0.01499008232742055
73804,0.04461585199081546
73805,0.07369063800422583
73806,0.00486309705498993
73809,0.006456566433683035
73811,0.03270970029381515
73812,0.008738087647164555
73813,0.04435155341604186
73815,0.12911480666640235
73818,0.006917603221092149
73819,0.0004925677002915791
73820,0.00021122743502808964
73821,0.029310279892193956
73822,0.10033823418723643
73823,0.004371491316013029
73824,0.014361222210672616
73825,0.004669908470395852
73827,0.017953231890336197
73829,0.02189643491767424
73831,1.0796608699178797e-05
73832,0.008073904660591845
73833,2.4708941095912812e-05
73835,0.003680494862757933
73836,0.005583243763875899
73838,0.13273367170630831
73839,0.002496941246944405
73841,0.06531704528755443
73842,0.05130843877591781
73843,0.006576198669355683
73845,0.004153918388360126
73846,0.024109226962890612
73847,0.005223293195262563
73849,0.10711398772582148
73850,0.025788153828894912
73855,0.10588944541923499
73856,0.038802597737056355
73857,0.019116972265420158
73858,0.07960667991098876
73861,0.0035290444205726503
73864,2.3179958617420083e-05
73868,0.13976389137896963
73873,0.04090491106412057
73874,0.02398909209163819
73875,0.00423864179968122
73877,0.0126202215100169
73878,0.0015968254893954017
73879,0.02308792353992298
73880,0.0029863712552023595
73881,0.008692974422372785
73882,0.016592937107806172
73883,0.0038755121546307928
73885,0.028291208028226374
73886,0.002388341095176546
73887,0.00045907876827370905
73888,0.1160887090061014
73889,0.005792556530952025
73895,0.012151671784538756
73896,0.01136822743218634
73899,0.014357255630836898
73901,0.013436791586168962
73902,0.0079927032731144
73907,0.013217441356609448
73908,0.030915072616930824
73909,9.890525450538614e-05
73910,0.0521691538419878
73911,0.023530006749988258
73912,0.004328810462053434
73914,0.005129522898700642
73915,0.03947594115411292
73916,0.027344257652193494
73922,0.012997563099929298
73923,0.004699477216810966
73924,0.04972203058475139
73926,0.009656745455697556
73927,0.13237066554351984
73930,0.14461005463888393
73934,0.026904915456230652
73936,0.0055368238617587865
73937,0.05688846475411989
73940,0.006408396004043455
73941,0.002564838203104623
73942,0.000768897108310711
73947,0.09479136075327148
73948,0.014198697696624204
73951,0.0333481050944187
73952,0.00800473918921639
73953,0.01197278829109747
73956,0.03190983784712796
73959,0.1677019278325996
73963,0.009371834539119583
73965,0.005505888031622054
73967,0.13149469756298937
73968,0.00441746408260136
73969,0.023819208881793483
73970,0.014584154300568591
73973,0.021536807464114866
73974,0.02012858419667994
73975,0.0037956344705664447
73977,0.0030185408505584454
73981,0.0017659272246185805
73982,0.010749565783150075
73984,0.003482089660762512
73989,0.003350005303709179
73992,0.018052224324887445
73995,0.0005345879354169157
73996,0.0029966568472021777
73997,0.0037704956114876665
73998,0.09980168311615296
73999,0.00794103041992036
74002,0.02018747153051275
74003,0.0049263550126709505
74006,0.06072611954366564
74007,0.001827307176829818
74008,0.002156994106233112
74010,0.030955149042147016
74017,0.029268233669654916
74022,0.021556622972971087
74023,0.11060577717930166
74026,0.0005496304731523189
74029,0.03379118997539084
74030,0.023520758292373902
74036,0.12947958859988015
74038,0.039769464539483226
74039,0.018052224324887445
74040,0.03667278001949132
74042,0.0025962630304747925
74045,0.003462314402464476
74051,0.0048319946588829404
74054,0.06010146086175038
74055,0.003389733160302912
74056,0.002903334327255326
74057,0.005824117812745808
74058,0.03461355212686138
74059,0.028847070661671987
74061,0.009412255126380721
74062,0.0041853909565284
74064,0.033448703974446194
74065,0.00015565790022655602
74066,0.1099937822718976
74067,0.04315781595536626
74069,2.8945362785768736e-06
74070,0.14030121788447353
74072,0.0037261944862163397
74074,0.012306235008287092
74075,0.004717029216911999
74078,0.010748162943067236
74079,0.01294383535087781
74083,0.1348608084687236
74084,0.004419560398928658
74086,0.004008237022640381
74087,0.026699219333719847
74088,0.004916033223252522
74092,0.024453750038803682
74093,0.002193463401080034
74094,0.014710524302182318
74096,0.12084488792175771
74097,0.08588720557792379
74098,0.012838686632441509
74100,0.004808643449870795
74101,0.0035782334911119
74102,0.00372255406057023
74104,0.000931219751568262
74105,0.021599613965410033
74107,0.0022690100672996647
74108,0.0027774212093827633
74110,0.0043831351195034954
74111,0.002879177792185902
74113,0.013457539126046018
74115,0.051072640226609144
74116,0.04473853326131129
74118,0.03075377001473884
74119,0.022387029516474363
74120,0.005052486048871793
74125,0.004547415339085791
74126,0.016813706493448478
74127,0.04567243339681811
74128,0.049651681528557604
74129,0.0327535228874077
74130,0.022385939010371017
74131,0.004400170355185646
74132,0.005336111429243121
74136,0.0042760726099853675
74139,0.0220271132487084
74140,0.0005153973321256814
74141,0.004925902033627463
74142,0.0018737465930231138
74144,0.020174606700763476
74147,0.039457582229405846
74150,0.01553882282626106
74151,0.02859973504592829
74152,0.15512500714739233
74156,0.01628684972405931
74159,0.020133000689412504
74162,0.004719925081695909
74163,0.09209801047061825
74165,0.02395020217089285
74171,0.03367756818920637
74174,0.004787032212876438
74176,0.0024750359186479828
74177,0.02109529824718481
74178,0.029234770380752024
74179,2.773339931769801e-05
74181,0.007035363847389652
74183,0.08120754899529929
74184,0.07702476759064832
74186,0.009416212841500694
74187,0.0030364822829909515
74189,0.01575019493011161
74190,6.849305689931734e-05
74193,0.11057877795520854
74194,0.03651588119471766
74197,0.045617774061749716
74199,0.0035663488837386482
74200,0.030019393109100314
74202,0.003051661222772668
74205,0.15831418204735276
74209,0.0248139742658951
74210,0.0025897569551593153
74213,0.020635326017251134
74214,0.06287570756072974
74215,0.11801345770709297
74216,0.0056822835942695465
74217,0.003995396532915739
74219,0.03163590736728825
74220,0.003939992586054559
74221,0.04080230308509021
74223,0.011584207557852767
74225,0.03187916060131272
74226,0.025167512342135146
74230,0.018910263276380807
74231,0.005550649258885486
74234,0.005112912528213217
74235,0.012177601200458094
74236,0.0030466901890366382
74237,0.012525028311453267
74238,0.05927398904025796
74239,0.006742969038469682
74241,0.004584730242420023
74243,0.006921767248552543
74246,0.019729969785396616
74247,0.001295246144571095
74248,0.009632323594929604
74249,0.021948468207654146
74250,0.010297918242862593
74251,0.004438833514669634
74254,0.0034816859214541166
74259,0.002438754744968283
74260,0.00045546370179297684
74263,0.05836706111271127
74265,0.003947249382875173
74268,0.003546456181761345
74271,0.025349301674005745
74272,0.005043499391126747
74274,0.013379000019722684
74276,0.0023006045711055946
74277,0.005692837233305896
74279,0.004892522478989618
74283,0.010241607377429972
74289,0.02368814282312121
74291,0.030613014756761626
74296,0.1160887090061014
74298,0.0015595639618329975
74300,0.1346607983825645
74301,0.023701047010959656
74302,0.010447232032498624
74303,0.07326319809056855
74306,0.0023152077266201704
74307,0.0017775936944593041
74308,0.003036383975966692
74309,0.014661774573388991
74311,0.007373678160587341
74314,0.002145338241368672
74319,0.003405249309923773
74321,0.0033192138098768437
74326,0.0481984128304751
74332,0.013726067702817648
74334,0.0032464308569616377
74335,0.04616050375994944
74336,0.013497006828245221
74337,0.03944379200277884
74338,0.018630634998602586
74341,0.008384313508695541
74344,0.004448758898406913
74346,0.01655467992210592
74351,0.10295363155959766
74352,0.053562391926659916
74353,0.0033806313960765256
74354,0.06467812220717879
74355,0.018052224324887445
74356,0.002487954573193897
74357,3.3693812437243813e-05
74358,0.0010509677216436154
74359,0.004964896564343954
74360,0.006611094289904873
74361,0.030289784857354753
74365,0.02182035145764055
74367,0.007526649153162658
74368,0.07587198632566998
74371,0.0056354990334580145
74372,0.006580958518327806
74375,0.001700852028410448
74376,0.018533144540223943
74378,0.018052224324887445
74380,0.002300559279447076
74381,0.06615459416282451
74382,0.0004656067734293315
74385,0.0028126156372878974
74387,0.007905860866001953
74389,0.005446032308102123
74391,0.01915106347064769
74392,1.08035147103518e-05
74394,0.0427030923221124
74398,0.0023821119815505666
74400,0.028487871528182357
74401,0.14580835892757485
74402,0.00378756525293233
74403,0.029683115303999072
74404,0.10571678157459954
74406,0.0031726604129089517
74415,0.27831962401838684
74416,0.024592075868165433
74417,0.02094702112253423
74420,0.01553264261380222
74422,0.026127830870413107
74423,0.014524052957877245
74424,0.002824889277190351
74426,0.005088147703130226
74427,0.005101766486745314
74428,0.038224614787899715
74429,0.09869382323432974
74433,0.03826715316095928
74434,0.060393426933074125
74436,0.007247046318785929
74441,0.01769670274653805
74442,0.07266257710038601
74443,0.03909301963347288
74445,0.0748217421855283
74446,0.006435046232401046
74448,0.007729272537899345
74450,0.0038335449671454093
74451,0.15684106749066173
74452,0.07941628766747276
74453,0.016423702210216513
74454,0.02053551353153975
74456,5.610945854611551e-06
74457,0.037182660247697216
74458,0.014006867011611052
74462,0.01931151079105881
74463,0.019712641999839818
74468,0.006057520437064088
74469,0.01008015443891109
74470,0.021682116760365466
74472,3.885483945230367e-06
74473,0.00374395307168446
74475,0.015209219522257709
74477,0.005502056910968306
74478,0.0032902487001524867
74481,0.12063741776195798
74482,0.01257479815169816
74483,0.022944119646672336
74488,0.04096604568322615
74489,0.006629427843204981
74491,0.03502336743834345
74494,0.006047783545051828
74495,0.0007069813163851221
74496,0.005970962374919003
74499,0.0008743673458317835
74500,0.020001838315940684
74503,0.011231665824124704
74504,0.04285635171813356
74507,0.0012587246532395477
74510,0.0004295991028156021
74511,0.11923788939692054
74512,0.0007666619170657608
74513,0.003016383159608954
74514,0.020705845629100706
74515,0.0022725049101227626
74517,0.0035695436848530086
74523,0.010507943026698609
74524,0.028914593553288386
74527,0.013165357886656669
74528,0.00014270973883073932
74530,0.005473304887640963
74532,0.0034745108661390148
74533,0.0029952991068154617
74534,0.007535078125722043
74535,0.003933876044090748
74537,0.03858582500312323
74538,0.03688922293042659
74541,0.020312885948754352
74543,0.02507218829485328
74544,0.01577834117334847
74545,0.003537640930122903
74546,0.016208801290805843
74548,0.008905458651727262
74549,0.10025994008780245
74550,0.0451218360350664
74552,0.0232155799329452
74553,0.003935015234139865
74557,0.00447349727433907
74558,0.03471928592998956
74560,0.1126872012705164
74563,0.0030066675196865978
74564,0.029885136815134786
74566,0.0012307425196972069
74568,0.013255212415694283
74569,0.013820577071783254
74572,0.03239705662635684
74573,0.007041378548184432
74574,0.0016935187840959873
74575,0.018052224324887445
74576,0.0006934359188604303
74577,0.07941665278641635
74578,0.011382795816077741
74579,0.06340578983340138
74581,0.1309561075249084
74583,0.022733816698121734
74587,0.08232167403375366
74591,0.0760197924873313
74593,0.13957557140938998
74594,0.002318155700632709
74595,0.02795269158132351
74597,0.00755314297751015
74598,0.0006400446218031018
74600,0.0267339953363639
74602,0.0018118741381382669
74603,0.004376658205193052
74604,0.0007392076134207149
74608,0.018031995670857472
74610,0.003387490726076751
74611,0.004040618178029111
74612,0.0035908239768243475
74613,0.01949994100795968
74617,0.003253563369523421
74619,0.004322824068912655
74622,8.400449438135652e-05
74623,0.07549384380821346
74624,0.008984830044879372
74625,0.018172135377339065
74627,0.02020645905950758
74629,5.7750386458875813e-05
74633,0.01595496753624049
74634,0.025480006644515947
74635,0.031165960525652174
74636,0.0028555971521717896
74637,0.003036546104449166
74640,0.0044782289585327695
74642,0.01312783128678595
74643,0.0030712758916766293
74645,0.0030364723723385373
74646,0.05651911009247792
74651,0.003360564330618046
74653,0.005199494145860097
74654,0.04604130940469348
74655,0.0005763422453527379
74656,0.03346759315146473
74657,0.004390153300975082
74658,0.013858923241293793
74661,0.03460718304228469
74662,0.016050221085291812
74663,0.007352626053334457
74664,0.004149077447132243
74667,0.029513172329432052
74668,0.024540995323348448
74669,0.003036598696879222
74670,0.021117615322262258
74671,0.04316753481271867
74672,0.0708081244404762
74674,2.2853183206626234e-05
74675,0.003965318673088253
74677,0.00784839222307517
74678,0.004675092605412739
74680,0.009267412026582128
74683,0.05035251208127965
74688,0.0032313897024575356
74690,0.003097326967291057
74691,0.011875251440909208
74692,0.004797985819173335
74695,0.0171090218170906
74697,0.02263920174603705
74699,0.006003304570552332
74706,0.0006286970020005272
74707,0.013129258222900226
74711,0.004171976424383677
74716,0.1484151252861959
74717,0.004436275458866923
74718,0.0029028789225404176
74720,0.0034557881625174565
74723,0.006164076674552636
74724,0.02360348351303156
74725,0.017299000484093333
74726,0.00248500711228912
74728,0.018314305840428067
74729,0.0023647169262106717
74730,0.014176208929145917
74731,0.019387151194513393
74733,0.04579086860860147
74736,0.07271066794722225
74737,0.004437205673000782
74742,0.00271177023704579
74746,0.003449614719037951
74749,0.0026662603967642154
74750,0.003437245727389993
74754,0.026573188684187492
74756,0.004904093896925182
74757,0.013923866567866507
74759,0.0025711978495864245
74760,0.0019234184505204487
74761,0.029587763034696235
74762,0.08803702749687109
74764,0.0025558478879052263
74768,0.011211638804565998
74769,0.0026778806260622273
74771,0.017787705749674153
74772,0.10116264776343264
74774,0.020607128085141698
74775,0.00017960654257271908
74776,0.002283020197017284
74777,1.8713940386093311e-06
74778,0.0026854139082321876
74783,0.0015006458663365183
74784,0.012418626075194544
74788,0.0033685177341334044
74789,0.006915596638858968
74791,0.006751152989382726
74792,0.11376744220096442
74795,0.0029862527054209916
74797,0.007976628248676487
74799,0.004837661012289617
74801,0.0001616135412863271
74802,0.09732039621442838
74805,0.008107378974228798
74806,0.10069331707147634
74813,0.0006617319338724135
74814,0.007061688012893699
74815,0.08385406028848877
74818,0.007689302437423319
74819,0.0027801733111958086
74820,0.0031547653912117916
74822,0.03343424335217044
74824,0.015692631759236037
74825,0.018052224324887445
74827,0.012504314553958201
74828,0.0017878875111356598
74829,0.003462261217349408
74830,0.020894210485230883
74831,0.0009109885199830421
74832,0.003924876038304708
74839,0.07654205031645966
74841,0.04271970937188293
74842,0.05905720435813956
74843,0.13737931861318142
74848,0.0004511967500332482
74849,0.11060153829566313
74852,0.004614244879383029
74853,0.028958957646828987
74854,0.01424525998900361
74855,0.004393496266121285
74858,0.005173827555322975
74859,0.052653144774655776
74860,0.11329161309745645
74861,0.04158365466383783
74863,0.00280787594161204
74864,0.006391780073524994
74865,0.1160887090061014
74866,0.04937199774703667
74868,0.02002460162627587
74873,0.007854475494316435
74876,1.5372993778558242e-05
74877,0.04263502373717666
74879,0.02051475023979467
74882,0.0033460604541433367
74885,0.06960188819602181
74886,0.025460619702257284
74888,0.00606027016460365
74890,0.005728667350536427
74891,0.04470358046864899
74893,0.003722239800335074
74896,0.036206478511115185
74897,0.0010893411736592558
74898,0.059618937162506096
74899,0.024884634835208766
74900,0.014774852684966236
74902,0.005071136066862126
74903,0.0045572197730171385
74906,0.003036506860242808
74908,0.04435155341604186
74910,0.017663912663813477
74912,0.022157085074318673
74914,0.034378775751459714
74918,0.004113764608137297
74919,0.04944891750915748
74921,0.003951064135874751
74923,0.004427017280069926
74925,0.010206252852629478
74926,0.0024328444477691264
74929,0.06356014389584623
74930,0.10436447791995859
74933,0.003551608847550084
74935,0.0029447486543639515
74936,0.0008428776366077565
74938,8.993033771603546e-06
74941,0.0036258764807635528
74942,0.005043665314277264
74943,0.018052224324887445
74947,0.023430543191268426
74952,0.03516197961575932
74953,0.004371792724052177
74954,0.000934185206031261
74958,0.007489938216951913
74960,0.04859087390945916
74961,0.03799210389259945
74963,0.012734848207377528
74965,0.007511981875255489
74966,0.0011481407939334875
74973,0.15248031835067277
74974,0.0030308591404666057
74976,0.007480761856250776
74978,0.0036671387331560705
74979,1.0444686831635218e-08
74980,0.004796124392092782
74981,0.026322336046584793
74988,0.004176287627630103
74991,0.03261637037327829
74994,0.0037777246199531397
74997,0.15992165067416012
74999,0.01126786403403041
75000,0.010802250174659179
75002,0.020265880352579823
75003,0.015622650610741466
75004,0.00801433985003864
75005,0.0110912397695207
75006,0.0005196213203778726
75007,0.0032655628199616212
75009,0.002451068498976418
75010,0.002896736278882754
75011,0.04455291979569209
75012,0.007273308144444982
75013,0.0037328031558235227
75014,0.059926987102887984
75016,0.03275868058775281
75018,0.006764679399181131
75022,0.013561758132330355
75023,0.006676852921434674
75027,0.04104211639463596
75032,0.0035189388114441667
75033,0.0038382058478044884
75036,0.03440527244408891
75038,0.03530216039075678
75040,0.01193319961632399
75041,0.0032212838879210944
75042,0.036107784613866614
75043,0.13380004121577413
75046,0.025806590482818862
75052,0.009265965939742866
75053,0.14771132530508674
75054,0.00032569112649512836
75055,0.12674012063503265
75057,0.021961049258153616
75059,0.09138621623584801
75060,0.1400172056807756
75061,0.0031936888964327692
75062,0.0022962624278753028
75063,0.048417978526682996
75064,5.119282629568617e-05
75065,0.02406905715359859
75068,0.0029862764150018974
75071,0.0037575455519384066
75072,0.11578375745323566
75074,0.157753277803765
75079,0.015651577105009425
75080,0.0021866133925642077
75082,0.026758467321440275
75083,0.03788535598289526
75085,0.04032979439656867
75087,0.04487208904667089
75091,0.0030365724005506846
75092,0.06378429486491256
75095,0.14175996156697535
75097,0.004338016265327436
75098,0.006011772996659197
75099,0.007243475936740986
75101,0.017666200552460373
75104,0.01987642744024437
75107,0.03310796391239818
75111,0.036738005992213364
75118,0.0038577463849043484
75119,0.008106266135754646
75121,0.01638734224641745
75125,0.004043059748875412
75128,0.002628744081669178
75131,0.023270556195822165
75134,0.04191912835194404
75135,0.05636678866820836
75141,0.0001400486366030062
75143,0.02335039488252362
75144,0.03986937429810469
75149,0.02303764588019177
75150,0.02552610054349947
75151,0.013063195083152295
75153,0.0061553280484456276
75158,0.0033802779526381902
75159,0.04350854503916935
75160,0.005506287881183659
75161,0.02757245292389279
75164,0.0001201145585646274
75166,0.02821593976434679
75168,0.0470225038171682
75170,0.003149477704635676
75171,0.015143714414390521
75174,0.0034657880792295904
75175,0.004759529043831013
75176,0.018052224324887445
75177,0.00540173811337829
75179,0.09207244985602722
75180,0.00678254274583781
75183,0.023916183473702314
75184,0.0024873989923358685
75191,0.003947331934473645
75192,0.12837564331482684
75195,0.04281871698452068
75199,0.0021310457041627813
75200,0.004685505559067963
75201,0.0039331196539570306
75203,1.8357686843994454e-05
75204,0.023562986116852182
75206,0.0022049578975121943
75207,0.0030364559876674586
75209,0.01139208354691992
75211,0.024306325277810348
75212,0.01711969312008925
75213,0.0034052872372718956
75214,0.10952775468295295
75216,0.004460241428394069
75217,0.0009626389692386259
75218,0.0254063863919589
75219,0.10444840532606531
75222,0.00919584105808173
75223,0.050807065884266846
75230,0.02170524675240494
75231,0.02231225931588693
75232,0.009549347042083304
75234,0.009259361913605619
75235,0.006088022562519794
75236,0.01220761709510753
75241,0.0721389600669861
75244,0.004669266140437856
75246,0.11977792868577018
75247,0.02009315755836751
75248,0.02634471854739089
75251,0.03446749256691607
75253,0.0007978911666761499
75254,0.00269250499435848
75256,0.02016175622279339
75257,0.0724600775519863
75259,0.004675328209914042
75262,0.20298371689772304
75264,0.02668296362383299
75265,0.009506566918140731
75268,0.011391401788989897
75270,0.0023151966288604935
75276,0.007735672102014216
75277,0.006185135719913229
75281,0.008307050622940558
75282,0.008912919339098727
75288,0.01063321330950877
75292,0.0682609652887139
75297,0.13846539122775994
75298,0.07963582303020274
75301,0.12275463436261343
75304,0.04433435860092067
75305,0.03421016970409557
75307,0.006418760763761994
75311,0.017331109848271773
75313,0.0017608790722539048
75315,0.03659295766483339
75316,0.02894833813683333
75317,0.11659133477565738
75319,0.0028377702453300795
75322,0.01508228695055465
75326,0.00463978418549471
75327,0.012745919242032708
75329,0.034347551751055104
75332,0.0073076775287827895
75335,0.09805293189507262
75336,0.0030714719745665703
75337,0.0035944292756443547
75338,0.0006117587156066305
75340,0.0019389880004700916
75343,0.03020660722085865
75345,0.02649731742321924
75348,0.006898887421369156
75349,0.003640055524949965
75350,0.13208186154307314
75352,0.028762347826097528
75353,0.002573374047222084
75356,0.018152652790754318
75357,1.244297851144757e-05
75360,0.030572145068875678
75363,0.006276457683122427
75364,0.02307419074903858
75365,0.0032888077256050165
75367,0.013634622448177477
75368,0.00022464944174525097
75369,0.003000048835728974
75370,0.024688537561965873
75371,0.17992861229048607
75374,0.0029864140965215873
75376,0.007011128147577607
75378,0.004793228633313164
75380,0.006807249922584017
75381,0.11951967321408365
75383,0.06700171910666074
75386,0.0015662004839090892
75387,0.22191772916204744
75390,0.010477436865175773
75395,0.11112540158905986
75397,0.0022597893636159593
75398,0.023466741449429618
75400,0.02114435243335172
75401,0.014229802636998483
75402,0.014897051139788666
75405,0.004507644705462435
75408,0.004979804980857262
75409,0.03730414608420878
75410,0.002212738602242434
75411,0.0013357493634148317
75412,0.004352373235932468
75414,0.003036506860242808
75415,0.037595631021406624
75417,0.00866755374807874
75418,0.00485087852285926
75419,0.11208007517588739
75423,0.0030961175978154016
75424,0.0029080449797091556
75428,0.012471166686961896
75429,0.0063128539191896335
75430,0.0374568323997754
75431,0.08616729161137132
75434,0.05020498815286733
75437,0.009180036470975702
75440,0.007723300360595563
75441,0.019316628856641635
75442,0.02684719705611684
75444,0.001818121051094786
75445,0.002313329331887378
75447,0.04864376043108911
75448,0.011225782053974644
75451,0.023975583544530457
75452,0.008131804380758305
75454,0.007297375154337446
75455,0.02445154322244803
75456,0.01355689763205588
75457,0.022841580603646237
75458,0.0024603921425493413
75459,0.0030976372564240177
75460,0.0009175421450814428
75461,7.79791471870166e-08
75463,0.0012169900594773096
75464,0.00572618220430042
75468,0.0023439116572752717
75469,0.1338122466373768
75470,0.004495934579925109
75472,0.007637563945643493
75473,0.023462498627104547
75476,0.004381095958283547
75477,0.004050463162669213
75478,0.1402721091682793
75479,4.315247842015276e-05
75482,0.026066454860019357
75484,6.511106018278871e-06
75485,0.008816263987955564
75494,0.025535008670285016
75496,0.03449534848492995
75497,2.2909961882248724e-05
75504,0.0059701533297425455
75505,0.002770038413477997
75507,0.01707254761603316
75508,0.003953926355834878
75509,0.004827405494277525
75510,0.005940543598150095
75511,0.010969445443533388
75512,0.007249279873723634
75515,0.003036467616542098
75516,0.04413944144109533
75518,0.018542704367491447
75519,0.005098408900486831
75520,0.0879134971632662
75521,0.005369595728381833
75524,0.005555217990764318
75529,0.031212788890776416
75530,0.011799884915272202
75534,0.05879256548741528
75535,0.10771986677788174
75537,0.01478115800074271
75538,0.0039670304869899725
75541,0.03764295214732425
75543,0.020953524489448646
75546,0.003752779657487938
75548,0.03582151914465716
75549,0.01872520726427206
75550,0.011294313965262651
75553,0.007140473647758185
75555,0.010377472517368412
75557,0.01908031667960641
75559,0.024941325171639755
75560,0.003717178021766365
75561,0.004908416738988302
75562,0.027533154543592207
75564,0.024155497470016846
75566,0.01164495577940419
75567,0.04475295246460437
75571,0.0691996302627221
75575,0.0035557072034407087
75579,0.00012004600829734156
75580,0.12355811686118495
75581,0.007704477129275792
75582,0.06680046750429229
75583,0.026035171260850157
75584,0.020607128085141698
75585,0.0028332186638818303
75588,0.0054142994198747045
75589,0.1338122466373768
75590,0.020133909059582816
75591,0.01830595006066334
75592,0.07696617174533393
75593,0.01027326735932627
75599,0.004061612077616383
75601,0.001957520868463539
75602,0.005555764320386296
75603,0.0009788635485466015
75609,0.02182773551130898
75610,0.005634901541986247
75612,0.026404916727900043
75614,0.037050401238918416
75618,0.005045411081792259
75619,0.02057133210151794
75620,0.0034173477340642563
75623,0.01164966066304311
75629,0.004187713601806723
75630,0.04723967953387141
75632,0.010076996290299492
75633,0.0032835137280012787
75636,0.01063729232973735
75638,0.003036480564707132
75642,0.11112540158905986
75644,0.004410628712028811
75645,0.11154721546263535
75646,0.02802905933659728
75647,0.027679958331072268
75649,0.007942017632856714
75650,0.028616569373232675
75652,0.14061915603976882
75653,0.026231684494871756
75654,0.022707879586968512
75655,0.016624271440136677
75665,0.0056742999609074
75667,0.004666487415755555
75672,0.04133489162363775
75674,0.016653158629682727
75678,0.002319825692365132
75679,0.11226687473137437
75683,0.13908586626538294
75684,0.05613576256787682
75685,0.0045736176497518195
75688,0.007372561709087356
75689,0.022599045019642692
75690,0.034472475173554534
75691,0.007098917585697578
75692,0.13804540909283314
75694,0.1013277989295559
75695,0.0037047610194288726
75698,0.00946024305993098
75699,0.0054660614581574455
75700,0.0061711699819187345
75701,0.07998205033078
75702,0.0036282252018023844
75703,0.019633873024900404
75705,0.004205045444658408
75706,0.09043391844423875
75710,0.03860252810291759
75711,0.12461022685761804
75713,0.0030888944486393405
75717,0.024290487360944767
75718,0.04272780896177186
75720,0.003874698939463042
75725,0.010973395766415994
75726,0.007117856655085945
75728,0.0038899277860967945
75729,0.03909301963347288
75730,2.570876816871195e-05
75732,0.004187933541144374
75734,0.025893119718443942
75737,0.004010421904175771
75739,0.009452077860605552
75740,0.0511663502951709
75742,0.012208136085326355
75744,0.004850021045732453
75745,0.1550331034018486
75747,0.025605043036311503
75748,0.028992505612623547
75751,0.136680391592969
75752,0.04176138366376346
75755,0.01864322981430179
75757,0.019660455262067375
75759,0.008715896983375566
75761,0.034390028970327995
75762,0.004291054188386699
75765,0.03491675099553024
75766,0.006152857628802198
75767,0.0035857040376103544
75768,0.007999739295378777
75769,0.004885991498052362
75771,0.036213612396023595
75773,0.002272302587854945
75774,0.0121582952734547
75776,0.042704821127612314
75778,0.0038025936998008912
75780,0.04201115836270946
75781,0.03171250911631977
75782,0.0033380338267141804
75783,0.10701554991201095
75785,0.10490313470161726
75786,0.045453686046204936
75788,0.02055793750205907
75789,0.010192664759030447
75791,0.02300986075438683
75792,0.0054459364306882335
75795,0.018052224324887445
75796,0.0064441984254360206
75797,0.03430500218784466
75799,0.07691064909048792
75800,0.0032197604925457176
75803,0.00016351369715649077
75804,0.01102356180613624
75805,0.0039057897784903948
75806,0.024398068360399323
75807,0.1296416986548028
75808,0.00231515683788632
75809,0.000987876387115406
75811,0.003109610008362753
75812,0.034091672361080017
75815,0.025705157845923057
75816,0.0307568620570775
75818,0.0060134585436026336
75822,0.0025501803647868253
75825,0.0033097911842556063
75827,0.0024721758646104033
75829,0.0042775539624743016
75830,0.003651540216167193
75836,0.0002706356148899639
75837,0.08199744797031447
75843,0.007876719876228072
75846,0.006348752917625903
75847,0.1433122161090546
75849,0.005315329315774924
75851,0.04892233283207756
75852,0.00042087766784951154
75855,0.07536668063569012
75856,0.0029239012643092147
75857,0.06659633874778838
75858,0.0020467125846199245
75859,0.005274836691487827
75861,0.004742000230891347
75862,0.0468416356582456
75863,0.00010866844227154352
75864,0.017915947085385124
75866,0.02058169383147575
75870,0.022506211937099053
75873,0.005129674158549863
75874,0.0053762351781817385
75875,0.0037754536918368034
75878,0.003500453918098935
75879,0.14765866439692907
75880,0.004049911222432555
75881,0.012114729496965727
75882,2.5771892518656096e-05
75884,0.004845546724126667
75885,0.08753601828710689
75886,0.018411884746717348
75887,0.014776812390052688
75888,0.004787794974381014
75890,0.03875946098421728
75891,0.008839898946089258
75892,0.0024846520309216966
75894,0.01924856945947687
75895,0.0016822858250378778
75897,0.0030303113134654363
75898,0.005749365688325147
75901,0.004100051329816905
75910,0.0032686561589089593
75913,0.018052224324887445
75915,0.010851510695736338
75916,0.017822064741312562
75918,0.004835633600067659
75920,0.01778979409050945
75921,0.13772786962247177
75922,0.011309517904166186
75924,0.0023524918874567517
75925,0.07196206754337206
75927,0.0030104463974962685
75928,0.003603488959877142
75931,0.002625261220181131
75932,0.03909254706732838
75935,0.005978712336113898
75938,0.0059555029173511635
75939,0.005400062330014518
75945,0.0030357003838635756
75948,0.003896335191551657
75949,0.019478654070213614
75950,0.03237379413795287
75951,0.0016504737190412774
75955,0.09532965376474865
75956,0.020876028499276417
75957,0.01369025658442354
75958,0.01410711613776376
75959,0.0027843069792401164
75961,0.09464036129469264
75962,0.002639931439733486
75963,0.10578636634121595
75964,0.06327735594484482
75966,0.053399591421528815
75967,0.0095145490307092
75968,0.003036505141945131
75973,0.004139998619449726
75974,0.011621032033185427
75977,0.053598001053622515
75979,0.022319734599144405
75981,0.01914820754882014
75982,0.002919443733770706
75984,0.030221860605366763
75986,0.011345560971899447
75987,0.0037748600431025945
75988,0.035711134876221566
75994,0.01994177303779012
75997,0.02165025951740388
75998,0.0036812814257612585
75999,0.03483382135962723
76000,0.007412933968054
76002,1.7795442639473043e-05
76006,0.026519411551141136
76009,0.026509196251746768
76010,0.024250885805418412
76011,0.018052224324887445
76012,0.11759299229484645
76014,0.0205540790914092
76016,0.005812525705623974
76017,0.015966414024391026
76021,0.027005270549975435
76022,0.0049522254037533305
76024,0.021401263097626324
76025,0.03202850196956294
76026,0.027899752933005405
76027,0.007684037570422701
76028,0.004446538704608378
76031,0.06161091675226824
76033,0.003966603027086682
76034,0.007079028838872337
76035,0.002881567677072809
76037,0.007401538672421018
76038,5.639924126365068e-05
76039,0.12667056507271923
76040,0.04079219404743398
76043,0.02326470789406819
76045,0.004491588641432709
76049,0.005600694186082062
76051,0.10552882278795787
76052,0.01029451536292299
76059,0.003837367444523795
76060,0.017671095069224894
76062,0.005847933978951527
76063,0.0023924583321223943
76071,0.0035985041429309203
76072,0.0017494990479229422
76074,0.0305968125710416
76079,0.015263511913708581
76085,0.004736525524297138
76087,0.018624713308416176
76089,0.1019111257028093
76092,0.08200717236227109
76093,0.006822431503999536
76096,0.0049449644159889556
76097,0.005030784893165717
76099,0.05085156103179477
76102,0.01383593826149778
76103,0.0015071960121530042
76105,0.024959652419283933
76106,0.04350972321733562
76112,0.10195591685209872
76113,0.008018636753779963
76118,0.002216659034966483
76120,0.050251888926462165
76121,0.010665798331858498
76122,0.07905682304712548
76124,1.4568585670102818e-05
76127,0.14957295285219713
76128,0.0025876221988848963
76129,0.14408249378136692
76130,0.0034463337801733367
76133,0.020156191073765782
76135,0.014286787944823572
76136,0.12878087584898668
76138,0.0039397040531037085
76140,0.0036290948255984713
76146,0.006830835726449471
76148,7.842892839852724e-07
76149,0.014584302006378119
76151,0.0037495174594746094
76152,0.0031056698298786434
76154,0.004834088125674603
76157,0.022615721508405264
76161,0.0020272657276280202
76162,0.017912110251625413
76163,0.006123660393800324
76164,0.0038173822780857448
76165,0.07479711809731235
76166,0.01479309954170885
76170,0.02351737150497874
76172,0.004667430070321084
76174,0.07756374518191383
76175,0.027437865493983932
76176,0.014247521587808905
76177,0.016387710105075354
76179,0.023001988067228925
76184,0.003563363362802186
76189,0.001959202230780965
76191,0.03014690666531162
76193,0.018251186394158823
76194,0.0063201083594766755
76196,0.008528932288596788
76198,0.00702468591870094
76199,0.02037547053277032
76200,0.0042986282896928
76202,0.00870626300328971
76204,0.0022166093049457254
76205,0.01454796307100139
76209,0.042452856341803284
76211,0.06468946753020703
76214,0.04253372482855349
76218,0.004946007754137089
76223,0.003181090917697499
76224,5.924651783208774e-10
76225,0.002841560933326745
76228,0.0113824123687108
76229,0.00025848029540016457
76232,0.004796143007384533
76233,0.0017888830275121957
76235,0.006408753066051773
76236,0.005291710893623598
76237,0.0017513725726106262
76240,0.04435155341604186
76241,0.0016423683122398077
76246,0.02009113859699142
76247,0.012443990114676133
76248,0.011612058934587792
76249,0.07196206754337206
76250,0.005846867634007265
76253,0.073760660050431
76254,3.119329645820591e-06
76255,0.037353226265282216
76258,0.003559980717260868
76260,0.004129996350676271
76261,0.0019214681555570978
76270,0.006875579949981532
76271,0.018053836507609916
76273,0.0022661433904987926
76280,6.182833884609286e-07
76284,6.452534190534285e-05
76286,0.02406542889726053
76289,0.00012582896404586115
76290,0.003413181355051364
76291,0.004376000390908731
76293,0.0004516732109935288
76294,0.01991093844589243
76295,0.00303045373476389
76298,0.0005076042893197651
76299,0.025831191537024657
76300,0.08931946638889839
76303,0.014058985064315634
76304,0.0041524827068041715
76306,0.024056119925950397
76307,0.014397287646870703
76308,0.003990582062885149
76309,0.003836120506284671
76310,0.0004361801510997155
76312,0.03700972943263389
76313,0.004650358641294146
76315,0.017394736046543728
76317,0.0035182689528782964
76319,0.027453372188237006
76325,0.03386838494921808
76327,0.09318936701447436
76328,0.003529206035609836
76329,0.02092306458283627
76330,0.020607128085141698
76333,0.02748440601114276
76336,0.026063405648286884
76337,0.0004820894004037642
76339,0.004013120621060398
76340,0.02687307702754463
76342,0.006901340972380952
76343,0.12987223839855142
76344,0.0006897548056403607
76346,0.01225435028633884
76348,0.020306007758273806
76349,0.055352919764915
76351,0.00323253777207811
76352,0.0015674656097081458
76354,0.01744021749074036
76357,0.002074465096304142
76358,0.0013925260968889234
76359,0.006762157149904
76365,0.00751532230789937
76367,0.038634424247877344
76368,0.02228702270158583
76369,0.004103072857640523
76370,0.0032249195505342993
76373,0.0016308472360104336
76374,0.004763680833272742
76377,0.005704267438709532
76378,0.028503400648753247
76381,0.0034624638022054013
76382,0.006769612224157733
76384,0.002948917551429254
76386,0.009499384326380951
76388,0.003758244767562312
76389,0.00880240642310492
76391,0.09471896083104328
76392,0.004515361925156399
76394,0.007708540345188729
76396,0.004178376973555288
76399,0.006592635651854393
76400,0.010621325612529346
76401,0.0028810260123897126
76402,0.05073369635725338
76403,0.05265519226684425
76404,0.009116564454790184
76405,0.006130885564133214
76408,0.02383667119189801
76411,0.03385092666784605
76413,0.0012446246424236576
76414,0.00011845048884736472
76415,0.019542341651589842
76416,0.027569588008444952
76417,0.1111276987976962
76420,0.006858306961019339
76421,0.07884443575748452
76422,0.010017641300936632
76423,0.0034180845256964933
76424,0.01872370082444904
76426,0.010077265063710256
76430,0.003486372888628881
76431,0.0008307327868393654
76432,0.08204952593677593
76433,0.001277889041563145
76435,0.003642520622639096
76437,7.3585161695185735e-06
76441,0.019235557872976816
76442,0.0034743943387398773
76444,0.02909482421738066
76445,0.15004533219872485
76447,0.004204090192796962
76448,0.0022516802033817605
76449,0.0015564045238385669
76450,0.012623814520560626
76451,0.0011967149078373146
76452,0.03472209398417356
76453,0.01742037493179905
76454,0.11102228743166644
76460,0.004246415453036873
76463,0.11575788639679788
76465,0.0064955437039223435
76467,6.374499120363748e-05
76469,0.003462265757972438
76473,0.002355006197455279
76480,0.15622333240361053
76481,0.08669489990685102
76482,0.04307456308635473
76486,0.00594397399365368
76487,0.007867433069038343
76488,0.00014403017441231536
76489,0.01534519886395705
76490,0.004984952566274066
76492,0.05251578788211399
76495,0.008626013254044787
76497,0.007191070472443532
76499,0.01729375329132695
76500,0.03267582772023277
76503,0.045803074291375576
76505,0.03147604083327408
76507,0.029213709394568636
76511,0.003036506860242808
76512,0.0034135288651780927
76513,0.13282534704280802
76515,0.0024525648854881042
76516,0.016074730546937907
76517,0.07662593921454323
76521,0.013448651571837911
76522,0.019974662240208017
76523,0.024453388991093027
76524,0.13704268928217975
76526,0.004565643805137408
76527,0.05239302587446777
76532,0.021368595986792607
76536,0.025211301810018617
76538,0.017334112586343334
76539,0.003629354207618517
76540,0.014670897715128138
76541,0.03501292761366673
76543,0.0033413848053037193
76546,6.3943442672980075e-24
76552,0.020697691433818
76553,0.019725592624553652
76557,0.11945546927052486
76558,0.019991570281672387
76559,0.009656262437766615
76560,0.004178595481979786
76561,0.0041444532506145805
76562,0.0028977283713782056
76564,0.00420767690727668
76567,0.008032036394963096
76568,0.006866062902166408
76569,0.11452986921765784
76573,0.0047669925374724895
76575,0.019251983097873168
76577,0.0026903256754697118
76578,0.04401902579544675
76581,0.0016793148229305257
76583,0.043898079002423526
76585,0.14568200858183528
76589,0.026665274292483634
76591,0.0004987997267388233
76592,0.024576447444707966
76598,0.013933139376464076
76599,0.027086867402207046
76600,0.002905853395605582
76601,0.019929152329109998
76602,0.030720357072209884
76603,0.005039274506447902
76605,0.016079296965289997
76606,0.003385444994823342
76608,0.009209765245787644
76609,0.0036902903646254554
76612,0.023399794221074192
76613,0.02941090921608085
76614,0.00749027844335432
76618,0.13750679628819734
76619,0.01529679194481646
76624,0.011181101882890442
76627,0.017157412149813214
76628,0.0034053033598860465
76629,0.005129347024539156
76631,0.0026366243667760294
76634,0.004721069249573504
76636,0.0026174162955854463
76638,0.15688214789788987
76643,0.0069549377063867985
76644,0.00512834990246162
76645,0.004512186327285894
76647,0.017893297010905588
76651,0.0001377645383973638
76657,0.03975036920490391
76659,0.05508917663367097
76662,0.012036502834415689
76664,0.015803147725614135
76665,0.004649424120372444
76666,0.002354855788822826
76667,0.01990940234718405
76670,0.007690251284346601
76673,0.011712923473445946
76675,0.02478219664468716
76677,0.0035358888524103234
76680,0.0970325197205501
76681,0.0003747831731197407
76683,0.0017608147085713614
76686,0.008766170517337656
76687,0.06473002218795897
76688,0.003462417114096272
76689,0.0058745667785572026
76690,0.009314540621647455
76691,0.05204903026652244
76694,0.023432782667729687
76695,0.024482489988182067
76696,0.11348381201741964
76699,0.015236731919833298
76701,0.014917600678159183
76703,0.007653156075444313
76707,0.07234065552387765
76708,0.022038377521403474
76712,0.004640630315150365
76713,0.09388441176736396
76714,0.03901166088658099
76716,0.00229883441019662
76719,3.6008343476716814e-05
76720,0.005617329172041314
76722,0.003700679038651753
76723,0.009705445949113238
76727,0.03086789914513676
76729,0.0015046338756796668
76732,0.005846790621913116
76736,0.028214198148021313
76737,0.13034076986972132
76738,5.618900986341609e-06
76739,0.012818422047423195
76743,0.026234036237842033
76744,0.003944892176513885
76747,0.10323397815349193
76749,0.02017554671527046
76752,0.00935575569450947
76753,0.0670373907960079
76755,0.003830201748792789
76758,0.027839560000023807
76759,0.004618244959957101
76761,0.0023716958128968137
76763,8.333642805494811e-05
76764,0.003142488551599989
76765,0.11331916266791742
76767,0.00349408652963851
76769,0.003546795655347929
76770,0.0016998993991114565
76771,0.002995999532959665
76774,0.004388633603807256
76775,0.023980441530481324
76776,0.02944916594511582
76780,0.009170688514372976
76781,0.04546513240873249
76783,0.012508416300557495
76786,0.022478862727639107
76789,0.003849142277101131
76790,0.003531751637595488
76791,0.004385668992553459
76792,0.0023301966273776512
76795,0.004279118040534213
76796,4.191675692676627e-05
76797,0.016415915708310864
76798,0.042601859962028435
76799,0.003947425084776999
76802,0.026202649374383304
76803,0.004351140997430872
76805,0.0021126674234172985
76806,0.013232940359237494
76808,0.021946345636110202
76810,0.09177040601966988
76815,0.022066968889074164
76816,0.012703566504162484
76817,0.042010765250072066
76818,0.0025067948665366572
76821,0.004233027095265409
76822,0.02701109716793803
76825,0.0032844810287371335
76826,0.006663725356236903
76831,0.0314868236656106
76833,0.0022408444026431875
76835,0.004957345004848399
76836,0.006483421917845931
76839,0.005086285468579954
76840,0.0077771584758160725
76842,0.016552531910154208
76844,0.022379181301874752
76845,0.01612299625481929
76847,0.018583627886514423
76848,0.0008573450339932979
76849,0.0680216801154089
76851,0.004336708403486123
76852,0.00015507899201700438
76856,0.004434466812716326
76859,0.006519442853930812
76862,0.004176429527224115
76863,0.10442135175634482
76865,0.0791197432647182
76866,0.0035916956531092167
76870,0.015844543205459343
76872,0.08680670126913372
76874,0.002802826546803754
76877,0.011286172558880163
76878,0.002412269906672812
76879,0.10178737167163772
76882,0.12387907678585133
76883,0.007387190296388948
76884,0.0032663828089359217
76885,0.11273168764076986
76887,0.027992153820210395
76888,0.030271478288290736
76891,0.01993616842408167
76893,0.005219660550688713
76894,0.0033493699766164397
76897,0.03373749929024644
76904,0.005444379191999317
76905,0.044492008053600665
76907,0.013565730297135786
76909,0.005468547154991376
76910,0.0013682172054088992
76911,0.005400900173542115
76912,0.004796173199244876
76913,0.004543718906205045
76915,0.026685464198330438
76916,0.029041069210987387
76917,0.07462394105391315
76920,0.00599920752420986
76921,0.002969862570885716
76922,0.13347606697014944
76923,0.003462452506037705
76924,0.03937278555299088
76926,0.0071006388784061805
76929,0.00499374080738533
76934,0.0026708419846547793
76935,7.78921894764956e-06
76936,0.06443659326637158
76938,0.005216615468053465
76939,0.004785114437070323
76943,0.005635483538528589
76945,0.0006881294291702629
76947,0.020928279205801835
76950,0.0031380272430951493
76956,0.02101413240453912
76961,0.005937128222954691
76966,0.006837243157305191
76967,0.004101218987225102
76968,0.09093415841123247
76970,0.015978331712292036
76972,0.010982222067603102
76973,0.013694049465812236
76974,0.13237066554351984
76976,0.0035586359340414333
76977,0.002455654472722098
76978,0.13435252569191758
76983,0.013130393373130482
76984,0.0033251306443574068
76985,0.1356846878479742
76989,0.09347302694505204
76990,0.003658445480875411
76993,0.0709353585176294
76997,0.004550358266540577
76999,0.0043903611030372755
77003,0.10469124442663744
77004,0.0032619916056414846
77005,0.07884405190313826
77008,0.21828557911533314
77012,0.0037079722943953223
77014,0.0176512193535573
77020,0.04512429718395093
77021,0.009430272932134883
77022,0.0036652924329471904
77023,0.003594070689731768
77025,0.0041834592119579656
77026,0.0023334804966983575
77028,0.033824238766188466
77030,0.045861436510920645
77032,0.005348832322828965
77034,0.00887666957233954
77036,0.00738438079051182
77037,0.0038124193520510585
77041,0.057756654787447174
77042,0.12924916486695567
77043,0.006216967024392297
77044,0.004626625309617969
77047,0.005091817765470394
77048,0.00539884018681543
77049,0.004117136775415405
77050,0.13914594945762757
77051,0.01660652212237345
77053,0.06878234040466792
77056,0.0073893720068195
77058,0.08389942323388852
77060,0.007799286879829293
77064,0.015459624705763363
77066,0.0038912028343218363
77067,0.011996715157219342
77068,0.149730509569057
77069,0.0201252325745768
77072,0.005659320575319198
77073,0.0041444442721823615
77074,0.0019594597734868295
77075,0.011596567756359198
77077,0.14231703048698618
77078,0.007857614257968843
77079,0.14661141670535657
77082,0.0013965072757807547
77088,0.0415335773590253
77089,0.104645984044125
77090,0.027036503742456825
77094,0.022556943166373817
77095,0.003036506860242808
77097,0.008034609131054292
77099,0.022917203861652562
77100,0.008127589090797936
77101,8.062761514808675e-05
77102,0.002352733392816469
77103,0.013857867602349005
77105,0.011456553630024824
77106,0.0006152009579674008
77110,0.00474427986196442
77111,0.004291494700243135
77115,0.01641120449176299
77116,0.0019089194511935504
77118,0.0704177216501804
77119,0.00686994709841318
77122,0.07309306830190705
77126,3.463353784662122e-07
77128,0.02048875898829639
77130,6.363810711582397e-06
77131,0.004701689604274836
77134,0.027423049640422963
77135,0.004949051378569921
77138,0.005267515911011206
77139,0.0895392121841773
77140,0.007677827246502151
77141,0.003036496949510424
77142,0.0049620834989629655
77143,0.016130227276868907
77144,0.009156701877266755
77145,0.005640298638306045
77148,0.018179892131460335
77149,0.005129327510834316
77150,0.01309191027217827
77151,0.004066699054726027
77158,0.14530923196267548
77160,4.2525874739334376e-05
77161,0.0034622510004788504
77164,0.1509454434159001
77167,0.009910645300833626
77169,0.09139777969814225
77171,0.05724517198872881
77173,0.028504882001612695
77174,3.289318281898879e-06
77178,0.004011544097472452
77179,0.006673470625811221
77181,0.0030985642969108204
77182,0.017294113652423185
77183,0.05401639132857559
77188,9.110248510750252e-05
77193,0.09245226541907252
77195,0.20418458560697295
77201,0.01307483923226623
77202,0.01889681345458863
77203,0.01189883401731001
77207,0.0038392601609506622
77208,0.017479082251941044
77210,0.03001049089451641
77212,0.04503459218009454
77213,0.015726161820725768
77214,0.008194043667640278
77217,0.003150895319613079
77218,0.04799869798990646
77219,0.08264959728869498
77221,0.006966271147876747
77222,0.013517086776936306
77226,0.0045754953612271295
77228,0.0037490548039040817
77230,0.005759897673762161
77231,0.006074822407167017
77232,0.0032092433695695036
77233,0.056844584127204854
77234,0.08457241007197207
77235,0.09066212408866395
77237,0.005129478764951613
77238,0.002270910955363664
77239,0.002940454189990212
77242,0.0001290736422039063
77243,0.007194775574313557
77244,0.037210481015074515
77245,0.059861090906183065
77246,0.0034623964805641718
77248,0.0036459581447154956
77250,0.2560439374461055
77251,0.006797595918590515
77253,0.0035633137413907294
77255,0.0033758773597107384
77256,0.013556180403022153
77257,0.005253242070069636
77258,0.004347896702709321
77260,0.10823320115543428
77263,0.013420323671250458
77265,0.00418514841609705
77267,0.006856942271460409
77268,0.006290507474016167
77269,0.03937919158028431
77270,0.05273626417570871
77272,0.007419569494048109
77273,0.016835463083290862
77274,0.00032928443583183617
77275,0.0002665420722877974
77276,0.13843271925425812
77277,0.02434960387473155
77278,0.02784113066025458
77279,1.1315524770624985e-06
77280,8.059562189631497e-11
77281,1.0771599364471226e-05
77282,0.02383899959409694
77283,0.01698723434432753
77284,9.322117032895475e-05
77286,0.03738393226871132
77287,0.017057430249937836
77291,0.008522603184855043
77294,0.004888077949268524
77298,0.024398562023515518
77299,0.01845403069874008
77300,0.024482489988182067
77302,0.004697458853517815
77303,0.00012779773187947068
77304,0.0030364822829909515
77305,0.13767983973486975
77307,0.020837740895537967
77308,0.0036362966006753565
77310,0.0003210343578772699
77314,0.0007418696091624778
77316,0.020607128085141698
77318,0.07453485040731041
77319,0.10311872399002296
77321,0.0022626540441579705
77324,0.004135895877710874
77328,0.006802286700467771
77329,1.6733060553486166e-07
77330,0.003947395515485766
77332,0.022138950148984694
77333,0.10053804898842912
77340,0.007244866621091833
77343,0.014331943697002096
77345,0.02436475176309295
77347,0.00360954157484094
77348,0.12461012208539432
77350,0.0641500571074311
77352,0.08972920004921055
77354,0.007451284189894319
77355,0.017463402004209445
77356,0.022621414847225633
77358,0.0032997079422521884
77359,0.02531387087029996
77360,0.07838223430158782
77363,0.0038634634281333293
77365,0.001653385418440344
77367,0.0038825760500075836
77375,0.0024214802733280266
77376,0.04161509968464836
77377,0.0011927070488123304
77379,0.003036474090617737
77384,0.0030364068341830557
77385,0.0007121398257719877
77386,0.016975068796597353
77387,0.04259068704003027
77388,1.9851844715257506e-09
77389,0.003612876539879051
77390,0.0028368535309675575
77393,0.023842448205828586
77394,0.005366212884053116
77398,0.005515841387326243
77402,0.018052224324887445
77403,0.02905416194083915
77404,0.0020969852509836705
77405,0.0021965060887408016
77406,0.018052224324887445
77407,0.0016443660977656944
77409,0.008119841552981389
77411,0.1348608084687236
77412,0.013539371487576286
77413,0.038963932913146274
77415,0.020587870001421645
77422,0.010793604265722501
77423,0.06327735594484482
77424,0.007438456984040521
77428,0.1294661973078868
77429,0.004530672899862375
77430,0.0012296732288577489
77431,0.0022778803965287954
77434,0.03145105822033674
77435,0.020316226951737085
77441,0.004419018085824914
77442,0.10465565686101386
77443,0.016928347736325983
77445,0.019998016372658592
77449,0.018052224324887445
77452,0.02714406748295622
77454,0.018052224324887445
77455,0.0051856801185236456
77457,0.005846716827460441
77458,0.12666431960061106
77460,0.10379569138144558
77462,0.003280320248589398
77463,0.0023223451123557883
77466,0.026771869547981695
77467,0.03146130366912299
77470,0.061501024959642527
77472,0.10390066095989708
77473,0.008548396431439865
77476,0.034590559710666206
77478,0.029947066054074118
77480,0.004571198497984722
77481,0.003933506806144459
77482,0.002941135428293214
77484,0.004404635786571898
77487,0.01241844927781032
77488,0.016170590676274216
77491,0.0034138418891680707
77492,0.0033132157740192168
77494,0.02617506549168225
77496,0.011842013230591872
77497,0.02540158414941192
77498,0.00456850132535846
77499,0.0013562288399224214
77500,0.0023346495433362664
77501,0.005757974035670659
77502,0.0041032637462256405
77504,0.042656763709285526
77511,0.0025458389764516694
77512,0.03351174791958
77515,0.004639324444655511
77516,0.004113793202983122
77518,0.0019688925040598037
77519,0.008606236334467502
77524,0.009682847000473808
77525,0.050722245453028836
77527,0.00846438433484624
77528,0.0005951273513921047
77530,0.12446962031540805
77532,0.14234703348061317
77533,0.017090998031706904
77534,0.005030996146743791
77536,0.00830962835100025
77539,0.015818281778120728
77540,0.0018098794694820855
77542,0.019673298138621922
77543,0.01860886362219108
77545,2.9212987932894828e-05
77547,0.007379700802988193
77548,0.018052224324887445
77549,0.15554309119716017
77550,0.002998154781325634
77551,0.01859815035186488
77552,0.009703208060887274
77553,0.005955641084192226
77555,0.009732292561672455
77558,0.0023946135933789648
77559,0.01581501733899732
77560,0.0004116245362803338
77561,0.006861740745118317
77562,0.04420395810096253
77563,0.05052119647634703
77564,0.0035511877269958055
77566,0.003264295612943417
77569,0.12646407239670374
77571,0.007811900403938063
77572,0.0008481670854090574
77576,0.004895242189554842
77577,0.1342409086826753
77579,0.009129893419642574
77582,0.017549801736422118
77585,0.0004822404209986577
77586,0.034792106391487755
77587,0.02268890145359732
77589,0.005131023041914486
77590,0.05928998196170941
77594,0.01683373601226675
77596,0.0044400319263622175
77597,0.06841702261981344
77598,0.004124760186608731
77601,0.12528837522203976
77605,0.00044019965732549547
77606,0.0036814118083434073
77608,0.0007513996406458144
77610,0.006871068659321351
77614,0.00028777366118034014
77616,0.06525012079535387
77618,0.004594727956545424
77620,0.015076854237335957
77622,0.03848084529996468
77625,0.0018751202459020547
77629,0.0011281131285368771
77630,0.037454066833174725
77631,0.04100686281697693
77637,0.004807876672148921
77638,0.018725392343371013
77641,0.13602829499101682
77642,0.005673332589266504
77645,0.03752289322402083
77648,0.009711873545413117
77650,0.011887625364201515
77653,0.013694049465812236
77656,0.002678309334130461
77660,0.023273864253389596
77661,0.02545705028716255
77663,0.06770930781394516
77667,0.0014638594996038469
77669,0.00703990653364373
77670,0.014112518607347335
77671,0.0922245552278341
77672,0.029265141302618515
77675,0.018204502883741508
77676,0.002543313231747599
77678,0.004469752540295696
77679,0.006849456985537315
77680,0.0035442706357296746
77681,0.006530829318839761
77682,0.011146443749277486
77683,0.12379338692334288
77684,0.030020408135838235
77685,0.11928063055664562
77688,0.07000097217744812
77689,0.005045345414805684
77690,0.004177846897891169
77691,0.003950015137889545
77693,0.0025728723372814774
77694,0.023706430985587564
77695,0.007212945225680531
77697,0.17085235589207526
77698,0.004186378086589225
77699,0.02335047693506866
77701,0.05420931545350261
77702,0.003894480204399229
77705,1.0117571635713685e-05
77709,0.015172613434077206
77710,0.002812264745295413
77711,0.044530019939256205
77713,0.008141934676270883
77714,0.02327470438416391
77719,0.004823448542758481
77720,0.0036844826642069956
77721,0.031393848294028165
77722,0.06700454554217068
77724,0.0001055995339811082
77725,0.024265987850389057
77726,0.1437760897688895
77728,0.0019239413759436943
77729,0.024784340547502667
77730,0.0022112726586815323
77731,5.639068269089314e-09
77735,0.006791547371567522
77737,0.0032033382577023586
77738,0.05179882355147854
77740,0.013803746918016462
77742,0.0025215048855141446
77744,0.007952920127491452
77745,0.008772815859333406
77748,0.013154588772175454
77750,0.01817598635360862
77754,0.003278788702438982
77755,0.0029869602839825574
77756,0.016964185550034035
77759,0.3629063118756357
77763,0.0036890559192291525
77764,0.013905833861326709
77766,0.002824991719665719
77768,0.002546218259300775
77769,0.005519306645608551
77770,0.008036680741354118
77772,0.006107902204356314
77773,0.005635387354920123
77775,0.0047817511023050124
77779,0.14107005476006315
77780,5.125891409198325e-14
77781,0.04442515695415917
77783,0.0001321305362913644
77786,0.010251481709166834
77787,0.003485917527027118
77789,0.00512174031339516
77790,0.1015659852737128
77791,0.24992533225712554
77794,0.00018230730384261534
77796,0.011810148884545065
77800,0.1298518577294445
77801,0.025821129728338492
77802,0.0037822859611567187
77803,0.09557222432598021
77804,0.013461372684370537
77805,0.003001931251059358
77807,0.13811090977512588
77808,0.08445914135423652
77809,0.006996014986472873
77814,0.005182277046927763
77815,0.029511459694870457
77816,0.020880250176255017
77817,0.018052224324887445
77818,0.03978769355156241
77820,0.0029521749096973245
77821,0.005042554098241014
77823,0.010001300510962265
77825,0.09441394365684122
77826,0.005808385335250402
77827,0.02238447497454902
77828,0.006294931750265654
77829,0.002234502646222509
77830,0.08021258648401942
77831,0.06203649315808893
77833,0.0005241052043492348
77834,0.003969516875903706
77836,0.05065882615848867
77838,0.13457636819304972
77844,0.008038226869013888
77847,0.1482439613382016
77848,0.024482489988182067
77856,0.0024460151089331257
77860,0.08342059846912217
77861,0.11023483294133984
77862,1.5457123297465272e-13
77864,0.031702683237442145
77866,0.035226913582459725
77868,0.0034133067943159004
77869,0.013037330411424696
77870,0.004946995211614666
77871,0.008355959628290154
77877,0.009146888042333096
77878,0.13690417111295095
77879,0.0023239078553267596
77880,0.0007837633838047842
77881,0.003622441818483643
77882,0.006473716287222466
77883,0.034319963287822754
77886,0.11502896466738184
77889,0.008684558712390086
77890,0.00492529057571385
77893,0.05060847898165235
77896,0.002697319370841056
77897,0.013465842209699064
77898,0.00013639706518830366
77900,0.023864727421319582
77905,0.0001942872827965995
77906,0.005045731510790949
77912,0.0029563681461039462
77913,0.013694049465812236
77914,0.026665274292483634
77915,0.017639261527125083
77916,0.0016328959120745774
77918,0.012953344975949101
77920,0.017446984860029123
77924,0.018052224324887445
77925,0.12852641590639802
77926,0.002411325167600131
77928,0.009189054349601072
77930,0.004987816568963666
77933,0.00487063712168243
77934,0.06643904998349243
77936,8.706956519890618e-05
77938,0.017384859226913817
77940,0.01039046615912851
77942,0.12264875040926183
77944,0.004588195440315826
77945,0.012768948631103692
77947,0.014661583958840709
77948,0.0006296854410666094
77949,0.06970517501494321
77950,0.014804775341474102
77953,0.02505267539741994
77955,0.03970585339345859
77957,7.199961170650515e-10
77960,0.07154294271204623
77962,0.04362594206460989
77964,0.016775982230788918
77968,0.1326144410490486
77969,0.04929799867137091
77970,0.005807412304628693
77971,0.014859857757485412
77972,0.006856869355612792
77973,0.0038270369250198856
77974,0.1021368465091444
77975,0.03891435626064303
77977,0.02361711667800459
77978,0.0038206960224408974
77980,0.034104059711877154
77982,0.0003080338737208254
77984,0.002543596876437931
77985,0.021512206627162255
77986,0.0018201108216590529
77987,0.006815547348801195
77988,0.02274842829601085
77989,0.0045539623445055456
77992,0.02161660292450536
77994,0.00242009037424918
77996,0.002863035623840282
77998,0.0006978929723609607
78001,0.12417980392263123
78003,0.003989128132875649
78005,0.01884675954840722
78007,0.04184561997241286
78008,0.024260246202053647
78010,0.003947499264467173
78012,0.004128540951502696
78014,0.005132330556888366
78018,0.019015032081693358
78019,0.0015942790019146443
78020,0.029165565401093437
78021,0.003432723630477839
78022,0.005509943685619023
78023,0.0030365379119042875
78029,0.0015235525609426919
78031,0.1761305913686933
78032,0.026667104839416943
78034,0.008245885003745599
78041,0.00442207211504117
78043,0.0034016524535305194
78045,0.04468328785854901
78046,0.00303659697852973
78047,0.0046390602426966045
78049,0.0676143585798003
78050,0.03137288037535328
78051,0.014533234803170737
78052,0.13662169531363091
78055,0.003963151965943917
78056,0.022101113544649467
78057,0.022645662347192536
78061,0.13897115949549996
78062,0.016895555677439566
78063,3.4868871998333414e-06
78065,0.0069955161022943356
78066,0.020543648141018934
78068,0.0037041527476351192
78069,0.11088290824955752
78070,0.09479376844069622
78071,0.005718695320312853
78074,0.02567864370572862
78075,0.09518024381888382
78076,0.00011704891658612767
78077,0.01090648938669014
78078,0.0034129251731766647
78080,0.022863142344773973
78083,0.03206163110990079
78084,0.006221188276373361
78086,0.013186799410472613
78091,0.01590674056258073
78093,0.0039996241882519976
78094,0.03615464995934273
78095,0.0145509377553469
78105,0.006588771435487759
78107,0.003592031948979482
78109,0.004743443228311414
78112,0.03836504619853247
78115,0.00422711842636028
78116,0.0012741914819505333
78117,0.004219757534626591
78118,0.011809247010731497
78121,0.06814830718540954
78125,0.024637372630156223
78126,0.005964588619215842
78128,0.02788098982279475
78131,0.00559491238289831
78132,0.003991050404565376
78135,0.016390876164865148
78137,0.049435066434270286
78139,0.003413548176839184
78140,0.003690835880228687
78142,0.00054447191191856
78145,0.0188078233776516
78146,0.0992045229657848
78151,0.0054175684538478675
78152,0.11427753157629375
78153,0.01113812486135838
78156,0.004631949737449993
78159,0.02615746111204787
78162,0.12765303588637925
78166,0.031225628343648264
78168,0.005363922041243433
78170,0.019593639579666783
78172,0.00412536221936154
78173,0.034246896102973205
78174,1.2115680613754217e-05
78180,0.021719848034607817
78181,4.4990003881727515e-07
78183,0.007785660541975994
78184,0.09965154302604567
78185,0.0063675820809285
78188,0.005789180642003061
78189,0.009093740025046607
78190,0.004178028883096057
78191,0.020676064382434113
78192,0.003036383975966692
78193,0.023083963687883517
78194,0.015236979124066002
78195,0.004791398509437525
78197,0.018052224324887445
78199,0.023179653173701107
78200,0.005129602521620704
78201,0.09379266463316936
78202,0.00010682733218128607
78205,0.011936378066743296
78206,0.0013035139548980357
78208,0.00239568502507171
78212,0.0232965006974353
78215,0.13544636308514485
78220,0.004360898107831543
78221,0.05562178003778221
78224,0.00015880038370568835
78225,0.014884028502349461
78227,0.0023213541051094132
78229,0.18905383626097816
78230,0.0005956111346391817
78234,0.010450056101249921
78235,0.0013899014237485226
78236,0.030018616620849058
78239,0.13594041083078456
78240,0.006968115509689118
78244,0.00475292884254098
78246,0.13347606697014944
78249,0.005136939268714813
78250,0.019539013624961764
78251,0.025993353195055444
78252,0.1285778537580261
78253,0.011791977229876089
78254,0.01606546585204543
78255,0.0828563997786157
78256,0.0006551147224037981
78258,0.05954495566554708
78260,0.07347183598165204
78261,0.0031740429597807676
78262,0.008688147155146682
78264,0.016150901761751737
78268,0.0161091661929104
78271,0.025799972484977705
78275,0.002290565189346799
78276,0.0030364840012757285
78278,0.13469217450103727
78279,0.045896467986533435
78281,0.03938178179854003
78282,0.051854689480413885
78283,0.026778884317201632
78284,0.0051844944382253445
78286,0.016245150181946194
78287,0.02033085339683078
78290,0.009750087888834044
78292,0.08683459435143985
78293,0.0010354874841702075
78294,0.005282317151880606
78295,0.00391244152935189
78296,0.006301389250966509
78303,0.002041786089877435
78304,0.005584158099187382
78305,0.06975670014035462
78306,0.0057794843646883
78308,0.022136033811091863
78314,0.0045235551327342
78316,0.00317675597157898
78318,0.006741742297410421
78319,0.062071366235566146
78322,0.021968238993146566
78324,0.005728944169251717
78329,0.0005100819156138504
78330,2.045503824127433e-05
78331,0.0028196931153229464
78332,0.024482489988182067
78333,0.004927357446072671
78336,0.07081370425437959
78339,0.016939280917124447
78340,0.0009428900437052884
78341,0.010357846647148908
78343,0.004413428358356291
78347,0.03925067474215062
78350,0.09456369303983776
78351,7.16890971112478e-05
78355,0.01217310922057484
78356,0.008832663486259273
78362,0.0016451433779356758
78364,0.04507151101117498
78367,0.04779800701522075
78368,0.03842925926900837
78372,5.827544785880772e-05
78374,0.003057426638199227
78376,0.005077210580453746
78378,0.10192271260568672
78379,0.0054940042247759455
78381,0.05137559487448929
78383,0.005183218782913087
78384,0.12233418954755418
78387,0.037510771556100705
78389,0.004326225049699552
78391,0.015248318381601567
78393,0.09482292112481158
78397,0.03753812409690287
78400,0.006303024187220248
78401,0.004767447816186647
78402,0.04235903369763378
78403,0.006231163595014517
78404,0.014595263935514323
78405,0.004332502311052725
78415,0.013906011967340273
78417,0.02299436160990469
78420,0.0023151320437312917
78424,0.009654075645432494
78425,0.002974068746520211
78426,0.1293665155367845
78427,0.008664325756913373
78430,0.011679176960065804
78431,0.0023151382422452074
78432,0.005907502771867587
78435,0.021451514074318462
78436,0.0013125745850239023
78437,0.0006405825218413434
78438,0.03038063835679296
78440,6.149751917008329e-05
78443,0.0410031103604797
78445,0.01199314760749169
78448,0.022449259170855856
78450,0.010310156346528357
78455,0.05556610654121635
78459,0.02581549489000095
78461,0.024608532368009108
78462,0.03612512496550822
78463,0.014836002826030696
78464,0.09010607699558645
78466,0.003205715446813958
78469,0.005601227065597262
78474,0.06769980267679637
78475,0.015276752538514354
78476,0.23512046596388522
78477,0.022863258433539896
78479,0.021265378968770246
78482,0.003023029179152965
78485,0.022616390403951834
78486,0.004670045358883362
78487,0.08129623749369444
78491,0.005582858954277772
78492,0.04590010851816922
78493,0.02097925072974358
78496,0.09107660924899609
78498,0.02097896737049148
78501,0.0056354183442954104
78503,0.002872072802788328
78505,0.0033466390465066915
78507,0.105340744755486
78508,0.0035469768926766135
78509,3.3563612348036887e-07
78510,0.005104876015437657
78512,0.002849415284207289
78513,0.004795191499588983
78514,0.008208065789315126
78515,1.0560654039431045e-11
78516,0.03451564594333912
78517,0.004668788161703391
78518,6.014202238064851e-05
78519,0.002881252620605715
78520,0.010605209720259573
78521,0.11425764231504588
78523,0.006413245172910122
78524,0.04534498380119845
78526,0.0029862764150018974
78527,0.0035605888297476256
78529,0.0035341324509431267
78530,0.08907214924453905
78533,0.017976335360092546
78536,0.0006849264065387691
78538,0.008204801806373525
78539,0.004315714483537906
78540,0.0698734164498756
78541,0.003529221565221294
78542,0.0025170008215786065
78544,0.08275860699115291
78546,0.00709477224184919
78547,0.0032223215389728358
78548,0.1257062371651664
78549,0.06987543331639745
78552,0.0032562479539093984
78554,0.03505787542452041
78555,0.007872773324910085
78556,0.00422483666489778
78557,0.006067007930931112
78558,7.540433061126432e-05
78559,0.04081576729557739
78560,0.0036450619106997988
78561,0.027718883391681673
78562,0.0034445850009707586
78563,0.0022896884051863977
78564,0.028081827548009013
78565,0.0031353546594626316
78566,0.01586867044881548
78568,0.003405226073464265
78569,2.509633818025626e-05
78571,0.009901796002143895
78572,0.0013922228208371624
78573,0.0019621973532708346
78575,0.004787126677892032
78577,0.009490834877404477
78579,0.010380553721153927
78581,0.034790224939678274
78582,0.051694450678684646
78584,0.004021839620776786
78587,0.007213932227732035
78588,0.1338640205933594
78595,0.0020811600565847307
78596,0.10780885978709956
78598,2.5903442049699185e-05
78600,0.007709041279738157
78605,0.13347606697014944
78606,0.0041268473685187376
78610,0.005320967578473357
78614,0.002986232319508815
78619,0.00948056552978176
78620,0.004537574463394964
78621,0.031236394477475893
78622,0.14448617044015516
78623,0.013519519764317364
78626,0.0309401452172246
78627,0.012681490786972104
78629,0.01288643139845954
78631,0.004219849901333207
78632,0.0024264674569135477
78633,0.006766511342823372
78634,0.20423620845635415
78635,0.005076339409433601
78639,0.013549564428351174
78643,0.005005289602401909
78644,0.08182554619953232
78645,0.09851637016202916
78646,0.0061250794073346194
78650,0.0005408781901087519
78651,0.005463317343847143
78652,0.14559306535443597
78654,0.0009868746162040194
78656,0.2187597641739465
78658,0.13108981663195018
78660,0.0002103031031818636
78662,0.0071110862093501535
78663,0.006052524217280989
78665,0.031481354903603494
78666,0.006854325937604222
78667,0.03146117537016728
78668,0.0037039134393304124
78669,0.021512399918218583
78671,0.022099684806031604
78672,0.0003976209866431584
78675,0.04991797233750948
78676,0.0023006045711055946
78678,0.00524160689599312
78679,0.011495912981089816
78682,0.002726622518559005
78683,0.004142680785313815
78686,0.11387687553714554
78687,0.00273190611840836
78690,0.02363758376536749
78691,0.012241085534494768
78694,0.01571932454846258
78695,0.028987152072058053
78697,0.003290573006722081
78698,0.07492683018731562
78699,0.006031212456048863
78700,0.003562095738186205
78703,0.004979823581726858
78705,0.006234901592630474
78706,0.01747403043356983
78708,0.0475097457431366
78709,0.006781612812336344
78712,0.0027554898029702683
78715,0.0057612049332227844
78717,0.14185821443032584
78718,4.132375288645951e-05
78720,0.006214133593410623
78722,0.14035117840773909
78727,0.0004525829056177822
78729,0.005108396285573825
78731,0.006098355781203782
78732,0.06798642225130902
78734,0.010533135484961403
78736,0.01342533282246289
78737,0.005305859651225897
78738,0.0023887742812119
78739,0.0030363938863314658
78741,0.1281245706379343
78743,0.0044456915219414205
78744,0.08877270778704592
78745,0.0001069042190297288
78750,0.0033456610834823727
78751,0.011438226347181406
78755,0.007492463898019641
78756,0.023598394992880932
78757,0.02415917683207003
78759,0.1180029464687021
78760,0.01930282657869424
78762,0.004981249898452664
78765,0.004521041796538981
78767,0.023673127671049017
78770,0.018052224324887445
78772,0.004488552998888714
78775,0.01394900708561463
78777,0.0004777578257119422
78780,0.016563941207257397
78781,0.008280761733397491
78783,0.11476766622169021
78784,0.0008734075406369153
78793,0.033238897664836856
78795,0.006889769595336265
78796,0.015232867573244548
78797,0.04847829529993508
78802,0.006408756377601159
78806,0.03822444061143778
78807,0.03316285033078738
78808,0.02802846707712368
78811,0.0053402305299998145
78813,0.001613410288631736
78815,0.10349859921646645
78819,0.005047748308020954
78820,0.10908377733586772
78822,0.0049263550126709505
78825,0.010226500422000444
78826,0.00233820686463759
78827,0.005432823308210088
78830,0.13682546702723922
78831,0.010960884250556654
78832,0.0216043851939164
78835,0.00934721814588217
78836,0.004502983168985479
78839,0.020607128085141698
78840,0.008290934587983259
78841,0.011775079463209959
78844,0.07384488262960828
78846,0.003571847044661695
78847,2.5088666668207807e-06
78848,0.0038915027721867067
78849,0.03263585491365919
78854,0.18242951551848968
78857,0.01632369907976414
78860,0.004678311862124352
78863,0.0026777333959013593
78866,0.005105141457167205
78867,0.0037011824625831826
78868,0.11700246785297834
78869,0.005869281250699957
78872,0.007341712853372961
78874,0.0860165231062527
78877,0.004346986551207937
78878,0.0024565013542404575
78879,0.0004399506248890638
78881,0.0029338537826682142
78884,0.0027212736217106007
78885,0.029829127004324135
78886,0.00011622671601812433
78890,0.007538109323672655
78892,0.10756091517145891
78893,0.01277997313433622
78896,0.022689311480593454
78897,0.005336810559680406
78898,0.0883003256088775
78899,0.006501692794630264
78900,0.027858217785251525
78901,0.022054510007626982
78903,0.1608068706486629
78907,0.009293836537691263
78910,0.003034052763076717
78911,0.01317400544441107
78913,0.009442661004829966
78915,0.0019738756959026753
78920,0.006148375468052572
78923,0.005932011321800441
78924,0.007991572840533518
78925,0.01966257637145879
78927,0.003915301262978465
78928,0.00578497346762185
78931,0.003938705371776583
78937,0.021665823839415774
78943,0.003947276729561885
78945,0.002543886693267593
78947,0.02503878533577603
78948,0.017364871649556433
78951,0.020785045165819537
78960,0.053419745466813204
78961,0.09797321860256532
78963,0.0040893824371409865
78971,0.05188325496781936
78974,8.554871237046603e-05
78975,0.00453100383268203
78976,0.0024003080601451335
78978,0.004068243511484382
78982,0.13011061321255155
78984,0.003462239705003003
78985,0.004336904197374976
78986,0.00207829506453341
78987,0.004512542817641119
78988,0.005493658208426806
78989,0.004893693982123138
78991,0.01610264420795715
78993,0.010764552200487712
78994,0.018815763961937494
78996,0.0058468862532728445
78997,0.002722307225469559
78998,0.05337287902885789
79000,0.05720848051985606
79002,0.036427936369267735
79006,0.014765966563328688
79007,0.001893682236764777
79008,0.004595866356339338
79010,0.003414884009521382
79012,0.0023609076401256545
79013,0.012427547947255944
79014,0.019313549842144683
79020,0.009409220780472322
79021,0.00098305948888897
79023,0.0022689438497183897
79026,0.0031247037973392783
79027,0.018052224324887445
79028,0.003036496949510424
79032,0.026263634631013357
79033,0.0023150416670806567
79034,0.004287080450894764
79038,0.020553400808478495
79039,0.019374509189818624
79042,0.14714830589830377
79044,0.003874119222951227
79045,0.04152510130192573
79049,0.06320890703439402
79050,0.020583022136001834
79051,0.003947446278832521
79054,0.032841121557328525
79056,0.0013722988023963992
79057,0.036505364581487856
79058,0.0065344891260851285
79059,0.018552183243545132
79061,1.0679235130305216e-05
79062,0.0030246118944854653
79063,0.041554308689764854
79065,0.0017732030450615453
79066,0.007563536577161263
79067,0.0879134971632662
79068,0.0032629397289569485
79069,0.0031488907730466797
79070,0.0030365706822160304
79072,0.012553913563745585
79073,0.019284245468453108
79075,0.0030359089668977393
79081,0.03714117509231692
79082,0.1832001783775807
79084,0.00804154056944591
79092,0.09395104133283538
79094,4.586262503357597e-13
79097,0.006663532419446424
79098,0.0049429709444217245
79099,0.026254321188655203
79100,0.0031703827865800604
79101,0.07905365757186471
79102,0.004387925713171958
79107,0.011823499153011027
79108,0.1457424368116665
79109,0.004869107966772717
79110,0.0032033160523018654
79114,0.02637449403378475
79116,0.0002823666368776267
79120,0.004063489512396337
79127,0.10063310865242243
79130,0.0036116627234682023
79132,0.0007745057177749931
79134,0.003927560655432785
79136,0.03440527244408891
79137,0.004182130220637184
79138,0.0038302604157938545
79140,0.0035962219919843256
79146,0.00528540552762939
79147,0.004260163559685553
79148,0.004525368594022112
79149,0.025670851609510284
79150,3.069003032683755e-06
79151,0.1276369490492872
79154,0.10522932354090611
79156,0.011094790440161581
79157,0.011161964492092148
79158,0.0034271988399623473
79159,0.00639332117271763
79161,0.003385701628861591
79163,0.032613032423947655
79166,0.06223491437396637
79167,0.04984152382754093
79168,0.14042711683479134
79169,0.010403053843540955
79171,0.005589620853697308
79172,0.004318394117160472
79176,0.013230729786782565
79180,0.018062956173180492
79181,0.0034379828455577523
79183,0.011604946839530218
79186,0.056127954789733134
79190,0.005688926448400194
79191,0.002616917627992765
79194,0.05048128837715862
79197,0.29816459774761006
79198,0.13583145066018396
79199,0.008872072099948149
79200,0.023941891299991545
79202,0.0002881069440599282
79204,0.018254185571463914
79207,0.0020208954365970623
79211,0.015804149022823347
79213,0.020754593287131702
79214,0.03303013984356595
79215,0.003881783156237116
79216,0.027462435699281695
79217,0.14906661897327006
79220,0.005968184066476297
79226,0.0059207334402676315
79227,0.018539945547884035
79230,0.03184535261772465
79237,0.03065976305799475
79238,0.021450745787558068
79240,0.011027669413851759
79241,0.03824598784492238
79242,0.022660195948153373
79244,0.008021974771224816
79247,0.0393929205520495
79248,0.04342367327009601
79249,0.03972302615136627
79250,0.0009012208878215088
79251,0.011612771820615656
79252,0.024210819334949785
79253,0.018510953073271618
79255,0.007479023822172715
79256,0.004799858666696143
79259,0.0025163746430557072
79264,0.004255095792569736
79269,0.005064946089581045
79270,0.00932185391907327
79271,0.004050205556912962
79272,0.06946925945276958
79281,0.001448806228939811
79282,0.01638470924809364
79285,0.023862603861423803
79295,0.0060928699551843725
79296,0.0038806428965558817
79297,0.023478881804467205
79298,0.005842834290064558
79305,0.004131619161399375
79306,0.010877429095410524
79311,0.0034624638022054013
79316,0.022413976240141655
79319,0.0029507503194779
79320,0.0038783467451337264
79323,0.06026370012046242
79324,0.006162958631146077
79326,0.007364021136618377
79329,0.0038212484265284343
79331,0.08110119055224209
79334,0.03187625593481077
79335,0.0038096700398866797
79339,0.0765977909465992
79347,0.07326319705693507
79350,0.005083342743337945
79351,0.004054960729554613
79353,0.0434880571191449
79354,0.01751888824879887
79355,0.025386101645247017
79356,3.5659429776999334e-05
79357,0.09671597798635724
79358,0.03967272590224833
79360,0.025405624023112913
79362,0.0033938100855951323
79364,0.050403599056547656
79366,0.038313484697398814
79367,0.011157451954135277
79372,0.008552561918072223
79373,0.005771869899332301
79374,0.00593137187955358
79375,0.0052355995519445375
79376,0.016006805316627314
79378,0.0024728792794596376
79379,0.0028371400766619625
79380,0.004500085329986183
79381,0.0033231225156572057
79383,0.007415902225741901
79384,0.0073565434412307265
79385,0.007932594575137534
79387,0.0032646520131931686
79388,0.014295267387824303
79389,0.016029186313746172
79390,0.012542089662048086
79392,0.018052224324887445
79394,0.038332964423648475
79395,0.023903595118658517
79396,0.005850493278059331
79399,0.02033951410479488
79400,0.021698315139795095
79402,0.00010193776102664567
79403,0.0093415475989362
79405,0.014145760129347916
79408,0.00341527342853896
79409,0.02726283599738262
79411,0.030341903127718315
79413,0.04066710486923676
79414,0.0019254972808067253
79415,0.029120350586161182
79416,0.005503260858535318
79417,0.0017211195647723664
79418,0.005371630033722578
79419,0.006988324750133823
79421,0.001168983299440955
79424,0.0992045229657848
79425,0.004196202755841981
79427,0.0018251838589032883
79433,0.06094192285558501
79437,0.01084040947372081
79438,0.0019549781845635693
79445,0.00048686214276867163
79448,4.138551424632334e-05
79449,0.23596011887978027
79450,0.04176769569986212
79453,0.023773951966612687
79456,4.1480868531272884e-07
79457,0.00562155865404328
79458,0.09840265354467398
79459,0.0245262205513278
79461,0.11634524849653942
79463,0.012117778939856681
79464,0.004655267531337279
79465,0.009258714359515991
79466,0.04394700428237477
79469,0.019410137010691723
79470,0.002710639564158974
79471,0.06095727048013745
79473,0.004336122030541286
79474,0.005438598179218312
79476,0.032840703405189624
79477,0.002728728207030749
79478,0.006033085429768607
79479,0.021071800931082258
79482,0.026841807036108993
79484,0.004241314010507749
79485,0.003462265757972438
79491,0.12340179153950988
79495,0.008877712981538818
79496,0.0020229500007397086
79497,0.010715036945993418
79498,0.01694300968927091
79505,0.06752170991929045
79507,0.007913548817806456
79508,0.0035069473430338217
79509,0.004172639287858245
79518,0.007364321201226158
79519,0.003588734345666511
79520,0.003347775132950834
79522,0.028128529038606756
79525,0.10813635354466045
79527,0.005844455851052764
79528,0.00400800132818328
79529,0.0062154086328461795
79530,0.004004825294549176
79531,0.0044977883707488535
79532,0.0013256645776118243
79533,0.031984582323141726
79534,0.006657570481319643
79537,0.003836760079253773
79538,0.0028619598013584326
79539,0.00268040002169416
79540,0.007528258639122217
79541,0.005111032848012836
79542,0.0025374656787592246
79543,0.004162365276432482
79544,0.000995562417138544
79545,0.007872726360692603
79549,0.007480730238193395
79553,0.04159044868668643
79554,0.004191193978998895
79556,0.0015318296858415877
79557,0.0030365167710074406
79558,0.008100599380159562
79567,0.012368011132646713
79570,0.13813460669000807
79571,0.008658991976863773
79572,0.01222814499107977
79573,0.0047730449735095305
79574,0.009668909936738305
79579,0.004512387662932596
79586,0.023757060241477914
79588,0.000494027738519278
79589,0.0036836219657108396
79593,0.0023399736700047335
79603,0.1362726430413268
79605,0.0030998678012464074
79614,0.0028428665908127194
79615,0.06309817670081325
79617,0.14241521915215463
79620,0.026867025823261666
79621,0.01883538337601382
79624,0.0822614214386632
79625,0.002411272138411771
79626,0.023462498627104547
79630,0.022641299387634293
79633,0.004538183677052564
79634,0.0653107501701531
79637,2.546214115404139e-07
79638,0.0220170214674554
79645,0.00346089782338543
79647,0.005846689239909649
79648,0.02357663740448495
79649,0.04042435777842495
79650,0.0032308228352545907
79651,0.04516997088342768
79653,0.028661303761432527
79656,0.1652819384681617
79659,0.05150376448460321
79660,0.006378479644271108
79662,0.00396934309080113
79664,0.00018105619817631712
79666,0.0033448639759027557
79667,0.004255738774381029
79669,0.039994314534261596
79671,0.004396617247543233
79672,0.142888956446454
79673,0.038264813702157584
79674,0.004851104898876551
79676,0.0007134819656879568
79677,0.00625232112127743
79678,0.027129054484155507
79681,0.021284268932194428
79682,0.04573558002424892
79684,0.0037040445056073386
79687,0.00437728488936917
79689,0.010116305358221942
79695,0.1303805745813005
79696,0.004667542443501037
79701,0.007512029089626061
79704,0.0030466634972841243
79705,0.028654425983038845
79707,0.018052224324887445
79709,0.008099412094899207
79710,0.02732676878722106
79711,0.008035699574060924
79714,0.0030195519982338013
79716,0.10055095966523621
79718,0.15368151605702918
79722,0.08408644021697814
79725,0.07428367480600248
79728,0.004633160569425539
79729,0.02324170202585772
79730,0.11608904055349112
79731,0.0001705894156697375
79732,0.002073373672475
79733,0.013093998296655916
79735,0.03902368042681957
79736,0.00957450197964052
79737,0.23032428290368104
79738,0.06771310263298082
79739,0.06013032025284082
79740,0.00022264329343947776
79748,0.023704156589123254
79750,0.004003129054221235
79752,0.00347650178568672
79756,0.003100684347974243
79757,0.008315911472536117
79759,0.0027715202258952517
79762,0.1333061381660087
79763,0.018052224324887445
79765,0.13705863690374084
79766,0.022551154407653824
79768,0.018052224324887445
79769,0.00430553408705411
79776,0.020277023163798067
79777,0.0014377887295411302
79778,0.009476977003632323
79779,0.018052224324887445
79782,0.023468877970417468
79784,0.0038816485994745188
79786,0.006096692191393526
79787,0.023032282320591374
79789,0.00319564073134259
79791,0.004390456351350167
79792,0.019286502086144266
79793,0.1043444850786111
79795,0.003462323739760075
79797,0.10356385994068186
79798,0.0063808578714268215
79799,0.038027906595183604
79800,0.025555430206934935
79803,0.009847951076535818
79804,0.004926664113323877
79805,0.017843373524374272
79808,0.008548656084569025
79809,0.02457794916683617
79816,0.035817647809621996
79817,0.005129423762941035
79819,0.0021316573234465776
79822,0.02819410307070122
79824,0.019031673596332028
79830,0.04962666650849747
79833,0.11117778516676335
79834,0.013749463190004772
79837,0.0029996062049284446
79838,0.028897175763535003
79839,0.0030365706822160304
79840,0.018632916711900867
79841,0.0011853506980945775
79842,0.018052224324887445
79843,0.028896449432573985
79844,0.034256949732748475
79846,0.005168715368121696
79847,0.008225723158085407
79849,0.01993652564755279
79850,0.002998069416000893
79851,0.014129138330084156
79852,0.0017718300104471792
79853,0.0070028448665388566
79855,0.04441787838863179
79857,0.0005680773525257789
79862,0.018052224324887445
79864,0.008691325715690998
79868,0.018692353431548053
79871,0.0027950345401424694
79873,0.028739649858838315
79875,0.023621159311673304
79876,0.0005365383441474907
79877,0.011476854456354836
79880,0.04253331055413945
79881,0.007449089718151569
79883,0.03138077456095693
79884,0.07196206754337206
79886,0.003405249309923773
79889,0.010059862628551353
79890,0.014715840767406367
79892,3.033630220309594e-05
79894,0.005408683235596665
79896,0.02662862906652466
79897,0.0008624105587037162
79898,0.011651502140790408
79899,0.005431640068372226
79900,0.1628388000288679
79904,0.004440428671336484
79906,0.05155965659439669
79907,0.0185730170173702
79909,0.0046377243605950835
79922,0.018052224324887445
79924,0.0050698488238841025
79925,0.0032521058758930403
79927,0.004269614544392146
79929,0.0020586031381304567
79932,0.14399230763922732
79938,0.018753659790541864
79940,0.00018442242728062245
79941,0.0022881839793538884
79942,0.02360632419251449
79943,0.008293083625458433
79947,0.0030491467729889046
79951,0.12327797865372168
79952,0.030059646132613846
79953,0.004271987874546481
79959,0.007134869103326525
79960,0.003622634197416381
79961,0.0031539932538379827
79962,0.006433268813998494
79963,0.003685682604261187
79964,0.023069781920424227
79967,0.004022644485982539
79968,0.003948068346191841
79969,0.005338671686809359
79970,0.0879134971632662
79971,0.12469071215392924
79972,0.01805373605314292
79973,0.027251680310268925
79974,0.02395634036690614
79977,0.004979228855036715
79978,0.03812435715317144
79979,0.025729344512668798
79982,0.018318045222349744
79983,0.004249660592012532
79984,0.0033119262177328055
79985,0.00325010922378862
79986,0.0030364641799919797
79987,0.025243356846610394
79989,0.007818429258602303
79991,0.05811660813283194
79993,0.002459045890128842
79994,0.0023171424723521807
79997,0.024977009447257052
79998,0.027940528493765715
80001,0.12787250267336497
80005,0.023758854086340524
80007,0.03142747841484711
80008,0.0045386443725075306
80010,1.6840148883705791e-07
80011,0.0011587965318503946
80016,0.02844593124593519
80017,0.13295719839739473
80019,0.0014730995385760965
80021,0.06654579118460167
80022,0.06142186378877783
80023,0.023731891955310027
80024,0.0031328187474461214
80026,0.0026700524499365863
80027,0.007654703277458799
80030,0.003405240301679851
80031,0.0328631356700526
80033,0.0043756462246180875
80035,0.019922785202456154
80036,0.04094789168318549
80037,0.051054857609986556
80038,0.0031749156624300587
80039,0.06856277902799561
80043,5.2012379250718296e-05
80044,0.011194084526228717
80047,0.01088529294952645
80048,0.002393261090333578
80050,0.06422011090060016
80051,0.10200214350985055
80057,0.004307011821491371
80059,0.0005435596132615398
80061,0.0021546487026380887
80063,0.00729973069563975
80065,0.005297362670350182
80066,0.005473456513561895
80067,0.019324161353142615
80070,0.03555907020253472
80072,0.016595470919023268
80074,0.00611421796687055
80078,0.005533079191821658
80081,0.01932421500594657
80082,0.05991422340197051
80083,0.03275586347956893
80085,0.019605988507725044
80086,0.004248042316698543
80087,7.028579643935816e-05
80093,0.005947251693862822
80096,0.0071949723795915205
80101,0.02065531404782669
80103,0.008037092127032287
80105,0.0065265346508961266
80107,0.0030365413485375923
80108,0.0794705256643095
80112,0.03391228832308709
80113,0.042439113261578315
80115,0.006868777582694029
80118,0.01784849016202041
80123,0.028019712351720225
80125,0.00014130282414820695
80129,0.02303580606728838
80134,0.009261524383445548
80136,0.0013489338952430438
80137,0.006651221804642057
80139,0.00625490782102044
80140,0.0011861947940040578
80143,0.003193776540701417
80146,0.000877140947217669
80153,0.0730334983297865
80155,0.004967596573109915
80157,0.021322133509221398
80158,0.00231424887237193
80161,0.009494767163677418
80163,0.0028382948228950315
80165,0.021771544069320272
80169,0.04798208934259521
80173,0.004714083260571483
80175,0.1708970131759298
80176,0.004602646435227646
80177,0.011616696083800568
80178,0.024482489988182067
80179,0.0015584202883442318
80180,0.007194933797285167
80181,0.013903019561803084
80184,0.004197289702093127
80187,0.004124814264392099
80189,0.0045689776174215055
80190,0.06691089067106415
80196,0.029752313566158515
80199,0.06526697457764359
80200,0.002544102240671856
80202,0.0689569916151189
80203,0.006526004417069284
80204,0.0032184661919976605
80205,0.0318874049636641
80206,0.004731707471400336
80207,0.003286054312802797
80208,0.015051644465059582
80210,0.000496824263766461
80211,7.076650495770262e-05
80212,0.10560968108912307
80213,0.003981249169512964
80215,0.002105924852182385
80217,0.031548167445444246
80219,0.00482884006068439
80220,0.044540374911370965
80221,0.013693334845290336
80223,0.004560221245493651
80225,4.17623820758936e-05
80227,0.007052774150169226
80231,0.004310846753937431
80233,0.002072091790902923
80234,0.00957403820307894
80238,0.0490243039785449
80240,0.1412160855192092
80241,0.00755780883196822
80245,0.045257555659958766
80248,0.006340924868820244
80249,0.005334402881084604
80250,0.0028741341546059617
80254,0.047402558220753795
80255,0.004203295765080847
80256,0.010014872127295092
80260,0.006157298674292562
80261,0.048322137804137334
80264,0.04193972756591739
80267,0.007079512425949842
80268,0.132935190896259
80269,0.11234902619776453
80271,0.006731440870460848
80277,0.07106779584090248
80280,5.7662148699775205e-06
80281,0.0362976345993168
80282,0.0009233742969595092
80284,0.012905023658167127
80285,0.034874074879798496
80286,0.026048156879398057
80287,0.0068825583896801445
80291,0.031939777079728865
80292,0.0035448385701682063
80295,2.480039224714518e-09
80296,0.02710360889385256
80297,0.003876757246381396
80299,0.051842255735186624
80306,0.004524712737877598
80307,0.03056493795574041
80308,0.0033582599793634945
80310,0.04969713196478758
80312,0.009103624802723413
80314,0.0846015700553169
80316,0.004250766487756448
80317,0.10516165804351604
80318,0.09468061923279857
80321,0.0039757173359633744
80323,0.04454775954364461
80324,0.02305949386145984
80325,0.00917247721728204
80326,0.14946404283923834
80329,0.028621056310582864
80330,0.003411554092726393
80332,0.01621355751799922
80333,0.03769507594717166
80334,0.06893913795113987
80337,0.013282042245914338
80338,0.0013718485086592414
80341,0.025744635297303902
80344,0.007016424465251597
80347,0.11152037029736105
80351,0.008851239861840473
80352,0.0033822211287334973
80353,0.04737449212849955
80361,0.003640282471947882
80362,0.0029653996482956577
80364,0.0057653194074969985
80365,0.048423406296978735
80367,0.0005930386474604202
80372,7.938096300628538e-05
80373,0.005529775050151063
80374,0.007274957284976961
80375,0.0086547730672332
80377,0.002940066004502504
80381,0.11223255405873907
80382,0.03252260718707024
80384,0.0015078253872060194
80387,0.04782399798252615
80390,0.002094341974247893
80391,0.005749320473993339
80393,0.00014387085204131987
80394,0.031534180157758045
80395,0.0393408350506918
80404,0.01952859444575698
80406,0.0031551813948180046
80407,0.036078698438991766
80410,0.045706005861974174
80411,0.006344390340776256
80412,0.006802654112775097
80413,0.017722807031169522
80415,4.109632977796732e-05
80416,0.00411017104025598
80419,0.008421146024423861
80422,0.08441003809483494
80425,0.012782777880415366
80426,0.03484749133083606
80429,0.0019959256789076254
80430,0.00011339538628078146
80431,0.0151840926205096
80433,0.0031301509207663403
80434,0.005405031890226918
80435,0.0009928612127272163
80436,0.02566775918047876
80437,0.04554667841497223
80439,0.0030364616799912095
80442,0.005384089922968245
80445,0.0382408765608768
80447,0.00024541755542972505
80449,0.024768851399434858
80452,0.004427433819706805
80453,0.007010257710274415
80454,0.004101675839169093
80455,0.0025266939718325606
80457,0.004251363406711271
80458,0.020607128085141698
80459,0.002049435430745727
80462,0.0048672041047911315
80463,0.0041228594381148105
80464,0.006188084055900184
80467,0.002398540017890089
80468,0.0201171934709878
80469,0.003231072719930885
80470,0.08999667285459381
80471,0.02317072773696347
80472,0.005423130685641702
80474,0.0074021252189164135
80475,0.01167045093673784
80477,0.08924012780263273
80482,0.007680501139439568
80483,0.007046690497188339
80484,0.026564738046568295
80485,0.016722886310357267
80486,0.019941842150913918
80491,0.03721236389702955
80492,0.0076370553645450584
80497,0.00557424805388431
80499,0.01682060668823941
80504,0.03364625826080238
80505,0.023787811217118066
80506,0.05421595826189889
80508,0.00515215372680337
80514,0.02491538980363451
80517,0.0029828610800442996
80520,0.008095601021291948
80523,0.003277507906301864
80524,0.03361625506509688
80526,0.030644433137185317
80529,0.010287639938061822
80532,0.0019190809961294139
80534,0.03738360844914373
80536,0.06694451340702284
80538,0.003076453211355322
80540,0.03934811684613788
80542,0.02575912285317163
80543,0.006136244323311852
80546,0.0035309317580831073
80554,0.00828037014073615
80555,0.05237218367839162
80556,0.006746657597158633
80557,0.007739409220604358
80558,0.018106724717219684
80560,0.10100336654469341
80562,0.034489466458609154
80563,0.010438849837743585
80564,0.006236907507546735
80565,0.002250953149613784
80568,0.029894149632935865
80569,0.0008404432226755313
80572,0.016371541178746875
80574,0.003036383975966692
80576,0.006568184597454102
80578,0.01856600115667884
80579,0.013067989294730924
80582,0.00407589628441992
80583,0.020090305642662818
80584,0.02241749324874655
80585,0.0027151572369315804
80588,0.005729929700767018
80592,0.004654037093219776
80594,0.11705065909768095
80596,0.0035316248757749614
80599,0.0045589235729869195
80600,0.1286614377829379
80602,0.05212235987250676
80603,0.015929159646543838
80605,0.007293037694016771
80609,0.005482386087791885
80610,0.03084471397128282
80613,0.09490146472731041
80616,0.019041887776895767
80617,0.010818763377682259
80618,0.005846759817357805
80619,0.011838558354896313
80620,0.005296114456867557
80621,0.11112540158905986
80622,0.009416927432095903
80623,0.11253423891564977
80624,0.02889215250969069
80626,0.0006056160260533467
80627,5.010384400642901e-14
80628,0.01225907948104038
80630,0.06342494408236053
80631,0.0027717296411055433
80632,0.005132901894303828
80633,0.023080374752888287
80635,0.021037674316897733
80637,0.00206404764189186
80638,0.02114882657245263
80641,0.013933298336787758
80642,0.004201991165259107
80643,0.04219269177212644
80653,0.004989550928378601
80656,0.004166170732520574
80659,0.0006256754730395409
80661,0.001517413104242662
80663,0.003965788170292544
80665,0.0025288571049891023
80667,0.003920092396916673
80668,0.03198864556375414
80669,0.09025141334360028
80670,0.0035673871327376377
80672,0.002986232319508815
80675,0.086202396408768
80678,0.12019646008416594
80684,0.12229200652450911
80687,0.005450139566613179
80689,0.005513606049740706
80692,0.0029032395346390454
80694,0.0176312320509031
80697,0.15259455549841067
80699,0.004908123309825829
80702,0.006730040166003942
80703,0.10927850925213246
80706,0.0052335752260101315
80708,0.013348304248320862
80709,0.016149755220366855
80711,0.07655526937592014
80715,0.0026687995013009156
80716,0.011592064602530327
80717,0.021770496523062413
80718,0.004352659523801782
80726,0.011139046384964749
80728,0.110702811862327
80729,0.09300170884213918
80732,0.005893551944813558
80734,0.017450729638091023
80737,0.00042505033251598545
80745,0.013559448892275878
80746,0.019041606285503093
80753,0.018052224324887445
80754,0.0001287089130975464
80755,0.026614721167717147
80756,0.002360824628937494
80757,0.03588487535631468
80758,0.04851619378070829
80760,0.006525612839445914
80761,0.003105599441183809
80762,0.004007220477340517
80763,0.004371488451698131
80764,0.10239414937129707
80765,0.009672804674422306
80768,0.015261405448994058
80769,0.03393428572935593
80770,0.003036424936841183
80771,0.13223409595218377
80772,0.0046563550071769145
80773,0.029209081056562693
80774,0.03861770188095966
80777,0.005767379044083437
80781,0.005338753247592868
80783,0.006709219607217896
80784,0.011275259651299989
80786,0.025376311886877802
80788,0.025830073187224273
80791,0.004662839692290105
80792,1.6279408330863497e-05
80793,0.0001714985054040716
80794,0.05911076780105395
80795,0.003801473651284134
80797,0.0012374020057541997
80802,0.10944455465791601
80803,0.022920659842931096
80805,0.007177133249143692
80808,0.0048677702633656734
80811,0.015125363609760321
80813,0.005128258720396865
80815,0.013650844296595289
80816,0.031628327856101764
80817,0.003396113610055501
80818,0.12036003809427764
80821,0.034980017196374176
80823,0.022061686341939737
80825,0.0044720509610065564
80829,0.007734828034178213
80830,0.15094874192011337
80833,6.610086091616915e-05
80834,0.017722386007202936
80835,0.011139409856358098
80836,0.0169746856584311
80838,0.004499940445123367
80841,6.562218873596994e-05
80842,0.029536650708554126
80845,0.0702020373001774
80846,0.13072413978987796
80847,0.0025960095236862353
80848,0.002986301786550017
80850,0.05202669006457431
80852,0.0033300434567265285
80854,0.14036502668896775
80855,0.0034994330280995155
80862,0.004832133712208086
80864,0.002539413431516182
80865,0.025433592095211604
80867,0.004390902236614698
80868,0.006503483324532999
80869,0.1342287330108489
80872,0.00300057904183927
80877,0.015689287919033724
80878,0.009237981635675376
80879,0.027986528867562862
80880,0.016804478577277095
80883,0.0022580180318927615
80888,0.03176313055070306
80891,0.022622927486132566
80893,0.08181995135637199
80894,0.005757541712381598
80896,0.0507527970497531
80899,0.08380444545115347
80900,0.0034571140716015
80904,0.011611728336460984
80906,0.03276224341201093
80907,0.003247629601058389
80908,0.006096540045200334
80909,0.11221513246701154
80910,0.022255674334094432
80911,0.013258308037675576
80914,0.011358934349278007
80915,0.03767764311878711
80917,0.016586378579266814
80919,0.059317241257987575
80920,0.0018198708124891893
80921,0.06008158597559744
80922,0.016810810106728753
80923,0.022309837338821432
80924,0.022361850307948388
80926,0.020646376523180156
80927,0.10442264359310685
80929,0.2836111989837385
80930,0.003335387129920722
80933,0.007715724086329035
80934,0.02005566632811844
80935,0.0031593232734058265
80937,0.004821543283615532
80938,0.13130887201563082
80940,0.006547116473158371
80942,0.001641323096768035
80946,0.0186681112003351
80949,0.006144323457194467
80951,6.381551544577922e-05
80953,0.004611983653407534
80956,1.6685690339899576e-07
80957,0.0027243623495737442
80960,0.0044976079547941385
80961,0.039238166801412365
80963,0.02601738945646697
80965,0.0021307681662913894
80966,0.1165638187091686
80969,0.002270428319016387
80972,0.003980889346377336
80973,0.09278063187328148
80974,0.049443499871373565
80978,0.003990112411143444
80981,0.03597179322132959
80987,0.018052224324887445
80989,0.0005861433863592344
80994,0.02498093496918846
80996,0.015147422939145571
80999,0.0032694711335744743
81000,0.0018965808846420611
81001,0.02258439192245066
81002,0.004490953716651628
81004,0.00021641077478886772
81006,0.03683725454831617
81009,0.012006575421838394
81013,0.02467877445265804
81016,0.00956690388791156
81017,0.0047345518875364515
81022,0.008929887750261083
81024,0.12395040975926043
81025,0.007486044640581581
81026,0.07025294557838402
81028,0.002881657632483304
81030,0.02705773799364335
81031,0.0005985831192838641
81032,0.0060907467602941395
81033,0.006975945719688937
81034,2.0449919014060487e-05
81035,0.00785627652841264
81038,0.015699930072166916
81040,0.011917884324258726
81041,0.10133880251248284
81043,0.002999792915062234
81044,0.13867885834548122
81045,0.049734146582851906
81047,0.14535628201100087
81048,0.03256007059509693
81051,0.0026377940288769444
81052,0.009750317210283882
81059,0.008975481251289563
81060,0.038209757473509146
81064,5.9413141568703356e-05
81066,0.01080754250140978
81067,0.02882156884643323
81069,0.04436796631414705
81070,0.025061711698992982
81071,0.00294471219842654
81073,0.005674020704282248
81074,0.004875605163114426
81077,0.0024224972800385275
81078,0.0040513551574555004
81079,0.008194334640571623
81080,0.0036794720297349697
81081,0.015175242543162932
81082,0.006340662647511288
81083,0.004500005875613489
81084,0.006737839262979622
81086,0.0038217136824616623
81088,0.007878289259630727
81089,0.0007062221464884831
81090,0.018514442907782466
81091,0.00191885224564803
81094,0.011414190198360137
81095,0.011818661722628807
81096,0.025226266173143944
81098,0.022591143772801584
81099,0.0031114418648915975
81102,0.005467103817219578
81105,0.018052224324887445
81108,0.00828883371345812
81109,0.02098366699157357
81117,0.028122692385219528
81120,0.009058817642283756
81122,0.18062552349621183
81123,0.045273353442293045
81125,0.006457687993617839
81128,0.004103762563260289
81129,0.09533850424517996
81130,0.06521300921036448
81131,0.003334787132714651
81133,0.002826330206929469
81136,0.0027690061065145334
81137,0.010751521085572669
81141,0.02577709181463795
81144,0.002828981389884634
81147,0.10445142566157148
81148,0.007386039777772661
81150,0.003897448882963669
81154,0.020846768918913284
81155,0.0007112916692144537
81156,0.006390224651781573
81157,0.017977786479712436
81160,0.0038018978865842316
81163,0.0005505926517109996
81164,0.008448396960992748
81165,0.0022962393539327462
81166,0.007297884217397401
81171,0.0032196100776349878
81172,0.02153395663342887
81175,0.012748376706099648
81177,0.008877329882788198
81178,0.008807292394002462
81179,0.0049210335458594245
81181,0.01772368387544996
81182,0.009542222912383975
81184,0.11247678035691079
81185,0.012370313566705008
81187,0.1020593839733638
81189,0.0028520290247228868
81190,0.004038922276739034
81191,0.0065344928908383755
81193,0.004862072409904575
81197,0.11329933710852089
81198,0.12068271115342499
81199,0.06091842688026965
81202,0.04231517301718598
81203,0.10010035354183767
81204,0.11827967816402395
81206,0.00458842887099273
81207,0.004230920636654567
81208,0.018052224324887445
81209,0.0035827406926094547
81210,6.288262637734565e-07
81211,0.0017554289020429831
81214,0.02149366198136591
81215,0.00413713091571152
81220,0.025371938952698278
81227,0.002337212587122484
81230,0.005422293018024743
81231,0.24886713111032888
81234,0.0029283318674881895
81235,0.13087448027239906
81237,0.03756717744791114
81239,0.004387538885375095
81241,0.00498170826016092
81243,0.03192638815317549
81244,0.004084718692920371
81246,0.054019162328013855
81247,0.01056603195624568
81248,0.17462985554498697
81250,0.007490003171139541
81252,0.04661227588537516
81255,0.1467170908037008
81256,0.036075679958673786
81257,0.12417980392263123
81258,0.023789192119942675
81262,0.006284208847222785
81263,0.00011429153534250663
81267,0.03909301963347288
81272,0.005938635893570671
81276,0.003398633178659436
81277,0.005403519672120259
81280,0.002323503908969462
81281,0.021160183991633427
81282,0.056563121212746724
81283,0.0003684615605104985
81286,0.003949953632260171
81287,0.003998382974145975
81288,0.0072191328770830135
81292,0.008491909306245939
81293,0.021689557372231116
81294,0.003390102278157652
81296,0.003982946942126578
81300,0.003872671652068125
81302,0.04848782709719862
81309,0.02385490151654779
81313,0.046264272106911856
81315,0.005874308691287303
81317,0.0061203743957914235
81318,0.006312023691074552
81319,0.023462607049018293
81320,5.768234773275922e-08
81321,0.07359655442545976
81322,0.006814720479604524
81323,0.14372340819328536
81324,0.004922059090665338
81327,0.029656337889030025
81328,0.050251888926462165
81329,0.004494949881869154
81331,1.662898200810397e-10
81332,0.0020219131354216376
81333,0.0033583612167933743
81334,0.008128515618333807
81335,0.0026254770823437032
81336,0.0033913929045809926
81337,0.015868945965404276
81338,0.14945654563555147
81339,0.002840508025350889
81341,0.005245696187628583
81342,0.036365212450433074
81343,0.007828051877206157
81344,0.0029712161641207327
81345,0.0056005088555707875
81347,0.02825670868314222
81348,0.1376184402864839
81349,0.018052224324887445
81351,0.008270836130249298
81353,0.020607128085141698
81357,0.0005196665635097751
81360,0.003036524963495455
81361,0.08269748981023169
81362,0.002355302060695498
81366,0.0035734666516448353
81370,0.11968255720149097
81371,0.01908862498406035
81373,0.020775199181169372
81374,0.24040996399315828
81375,0.0017717198672599908
81377,0.022591613418415223
81379,0.05004835624952468
81380,0.0034096854762110528
81381,0.0031553170286173714
81385,0.004943724746707499
81386,0.00432869923494558
81391,0.006922062722570591
81394,0.012750058324762597
81396,0.03909301963347288
81397,0.0029862560289283502
81400,0.0425080610415641
81403,0.020279748364746608
81404,0.005576255692729165
81405,0.04471794795150297
81406,0.0335649237701325
81408,0.0028868256591279584
81412,0.034970156861108374
81415,0.05453694314697344
81416,0.05425345798403059
81419,0.06012162503232537
81420,0.001169918059429318
81421,0.009050914721085422
81423,0.007252122142857399
81425,0.01854305099626831
81426,0.14983192823094502
81427,0.026038926771964628
81428,0.006229825326614286
81430,0.002676299591149371
81434,0.07460437299368512
81437,0.11088876217620097
81439,0.010050600919265077
81448,0.13798588463965925
81449,0.022541419462979845
81450,0.11987741101427368
81451,0.14657156431467372
81453,4.0072264787561796e-05
81454,0.12256416111599208
81456,0.11016352778842789
81461,0.03263750772108739
81463,0.03753955473506483
81464,0.023830823496012777
81467,0.04970813505752405
81468,0.07702476759064832
81469,2.2242003013149075e-07
81470,0.04046454106737897
81472,0.026030073255922787
81473,0.011416955421174333
81474,0.005285517783128162
81475,0.01597055034904777
81481,0.005271798395062131
81483,0.0030169254853152413
81484,0.13432223563710338
81485,0.013661847549245335
81487,0.09175773516242412
81489,0.006210672154733954
81490,0.0026211395499581777
81492,0.00915307890248555
81493,0.0002922251578741025
81496,0.03006384387346928
81497,0.1433388814043495
81500,0.002159646708705554
81501,0.003899697257281674
81507,0.09209488047322303
81508,0.026808183749246678
81509,0.00299912459692037
81512,0.11376315746624834
81514,0.01743681475350094
81518,0.0006077678768889504
81523,0.0028427970852322603
81524,0.03440527244408891
81525,0.019563857094953244
81526,0.0072696736384449765
81527,0.006160058872401647
81530,0.0006420206598007071
81532,0.015414995046442394
81533,0.022720280796182445
81536,0.00850023358124793
81538,0.06583116267125998
81539,0.006610362421209937
81542,0.02588863790081346
81543,0.03113507846561883
81544,0.0037559794659926026
81547,0.0022892302856956873
81548,1.7647925744738942e-11
81550,0.002361043824940162
81551,0.05523092150812457
81552,0.004321033330001968
81553,0.013858517526097123
81556,0.02513408327703493
81557,0.0033360908114681417
81559,0.020443590487398747
81560,0.0035846428747908733
81562,0.003716557204128454
81563,0.043314179154343574
81564,0.03855007419262502
81565,0.004149273630228287
81568,0.023334015751313126
81569,0.023462498627104547
81571,0.014772244119360579
81572,0.0023750106020163394
81574,0.021603049046700375
81575,0.00491909842997274
81577,0.00021082551291263504
81578,0.004061176954692574
81579,0.03453040959700764
81581,0.06543054872672684
81582,0.003123858452173397
81583,0.10638842044378197
81584,0.0243053547686922
81586,0.0017889356171598134
81587,0.027249997576937357
81589,0.010757251271439484
81590,0.005721908730068323
81591,0.05097718442879483
81593,0.02537235666410348
81594,0.012150421649971651
81595,0.003408501506765309
81599,0.0052911423285610295
81601,0.08609614888401744
81603,0.005693722531168294
81606,0.017817457364649774
81609,0.04764236809625595
81612,0.004762474527571665
81615,0.003903564208622372
81619,0.13347606697014944
81620,0.03475334270294085
81622,0.005072284876367854
81625,0.051188070143563746
81628,0.0054506121696716705
81631,0.004943945800791285
81632,0.0060050563362726425
81635,0.021816070849090874
81637,4.997698347958157e-06
81638,0.010674895167391603
81639,0.0025015898393155453
81641,0.0037940191574044532
81643,0.003767688061234582
81644,0.0001526497439684452
81650,0.005612629820881312
81651,0.012081604355007608
81653,0.11017753047567254
81656,0.005103787673777197
81657,0.013439295558381187
81658,0.0288767611883622
81659,0.08015925596499747
81663,0.0018590114490492934
81666,0.12127212785723973
81668,0.020607128085141698
81669,0.005459411711150129
81672,0.009850767747870356
81674,0.004945136138771003
81677,0.00383106253970003
81679,0.025901439380631257
81680,0.00513423006977535
81683,0.05379802997358576
81684,0.012577846836980964
81685,0.005637762724592946
81686,0.005710783983005552
81687,0.0068868888474885055
81688,0.09172793227157519
81689,0.007338502727403896
81691,0.03822958761174197
81693,0.038133434375877
81694,0.0033316856785399933
81695,0.00829672850113952
81696,0.037506837604411127
81701,0.018763966059417166
81704,0.038358455761521054
81705,3.1941802488998156e-07
81706,0.10959844985219877
81708,0.004457290681542078
81710,0.0037670419980394324
81712,0.00011338794812457854
81713,0.10507560682884867
81714,0.02558671000182243
81715,0.007138034484307927
81717,0.0030363938863314658
81718,0.013132423580458711
81720,0.003181963305554477
81721,0.05291453588223792
81722,0.0029862764150018974
81723,0.04840017235360121
81725,0.004828778190280827
81726,0.007333410040670567
81727,0.017562171663677097
81731,0.007931459394833567
81733,0.03421304343160086
81734,0.07817552900546412
81735,0.0025041294367672234
81736,0.013448878216514913
81737,0.005972027244815049
81738,0.13704784980801432
81739,0.004197966090416408
81740,0.024482489988182067
81742,0.005846590395187616
81743,0.08737884105062725
81744,0.018052224324887445
81745,0.0035471326637126306
81746,0.0036318405683240865
81747,0.004340916550964481
81748,0.025667074521446735
81751,0.10925548017541532
81754,0.07298527960129517
81757,0.004131378432967671
81762,0.1189914301103775
81764,0.003641300972597035
81766,0.0023739037434033342
81767,0.05225096331346506
81768,0.004635816964751992
81770,0.02022065516581353
81771,0.050035639946527634
81772,0.03806934686139367
81773,0.0033644294552430806
81774,0.002914014571960432
81775,0.015298132935798424
81777,0.00693855666891209
81778,0.004731629263000493
81779,0.018052224324887445
81780,0.005045525671314049
81782,0.0028310125956591925
81783,0.13254555101179877
81787,0.007914030365172705
81788,0.003267407101745793
81789,0.006178349304460378
81794,0.019942036232447346
81798,0.14320961447856526
81802,0.0022815131317203297
81803,0.0107390140018831
81805,0.14020814061529951
81807,0.019698016955947167
81808,0.004792346349789931
81809,0.1398123784797884
81810,0.005463920049092963
81812,0.0009158481440511356
81813,0.022756581275064927
81815,0.005927679176181486
81817,0.046002565146198056
81819,0.03440527244408891
81821,0.002704714608391028
81824,0.004323979854567262
81826,0.0042354637582574925
81827,0.04599434014819142
81829,0.0231552973427407
81830,0.007845096804782367
81834,0.006272570964683019
81836,0.005266263176017366
81837,0.02347683731015822
81838,0.08047754047022879
81839,0.14039524709304502
81841,0.07415742788326453
81844,0.0041511506774524675
81847,0.1423234922053447
81848,0.0001240124112654072
81849,0.025175336074362693
81852,0.013567212734640056
81853,0.003608136507557607
81856,0.04783851591695214
81866,0.005085518754273468
81867,0.0010705207472986485
81868,0.005850420778277426
81870,0.1367585858238704
81871,0.007801599425290742
81872,0.0038887645947281533
81876,0.02760599854360666
81877,0.07192638246078673
81878,0.020607128085141698
81881,0.00389405449815871
81884,0.0036866771545060423
81885,0.08516093770094184
81886,0.0014921875557568564
81888,0.01545040592391767
81889,0.02363047357334519
81891,0.003889945729287305
81893,0.004246514068936834
81894,0.03160341461588319
81896,0.0022558789651627603
81897,0.0029459032128752536
81899,0.01884905674064947
81900,0.004301699398248608
81901,0.020023038376643945
81902,0.005007777711804932
81905,0.0385072120470418
81907,0.0020208934557962863
81909,0.265520255384605
81910,0.005213425554030996
81911,0.11977540089367834
81912,0.024836637018505237
81913,0.004411059233260713
81914,0.29888835788011
81916,0.004136987988891459
81921,1.552159955170956e-07
81922,0.10492622460226718
81924,0.03305969583692623
81926,0.1525384555737781
81927,2.155987580695019e-05
81930,0.009708961354780247
81931,0.03788690540886758
81933,0.0026088647741670428
81936,0.002672383603907037
81945,9.014111501208074e-07
81947,0.03559095074706868
81948,0.0335894662871458
81950,0.0203730206665748
81952,0.017868903472913707
81954,0.007132615379782561
81955,0.001425282838349522
81957,0.0037385616480223763
81962,0.024482489988182067
81963,0.06222602200727728
81964,0.05026776574090898
81965,0.01909812116431749
81966,0.10261233417876028
81968,0.3909891098780728
81969,0.0043966300804938645
81970,0.0218302113916636
81971,0.045140192924527506
81973,0.005298313712412354
81975,0.009348333289831211
81976,0.004281807645088098
81977,0.0006235451886500138
81978,0.09434473840147577
81979,0.0034347207283422043
81980,0.05437014506113749
81984,0.0024308323799701118
81985,0.015045685300187722
81988,0.006933469841782531
81991,0.008394500467575887
81995,0.04371101409082859
81996,0.09458022854780576
81997,0.008340369821700487
81998,0.009177293779896381
82001,0.13774645095986357
82002,0.04792603324440969
82005,0.039289916761505304
82007,0.04812250115410373
82008,0.003036598696879222
82010,0.004099231579945677
82012,0.004119644505679388
82013,0.008777494190363316
82014,0.0031043082519010344
82015,0.03460383812986163
82017,0.004969541537152394
82018,0.005344990455176251
82019,0.0058962899834433665
82022,0.016101201914460777
82026,0.13583211961001662
82027,0.01064700160441427
82029,0.11395704929237213
82030,3.584444489470577e-07
82031,0.003405357410703311
82033,0.03350176304083499
82035,0.037843048754637544
82039,0.020194932157963474
82043,0.003620843506149903
82044,0.024547213134556187
82045,0.06083540740326351
82046,0.004535394647555082
82047,0.018052224324887445
82048,0.03253700421948612
82060,0.026617583506154053
82062,0.046658262953359016
82063,0.04260984350869073
82065,0.1306515582695372
82067,0.00044036565103526716
82070,0.004264967347280022
82072,3.471887274272281e-07
82073,0.030475716840462217
82074,0.0033154254136966745
82075,0.002998154781325634
82079,0.02530877342175137
82086,0.03861689327186073
82087,0.018420861913015348
82089,0.008021916081757773
82090,0.00491361697596462
82091,0.030544193167511554
82092,0.0030353212906785313
82094,0.006992684446228326
82095,0.00698007746880488
82096,0.052460705153076784
82097,0.002479516178116572
82098,0.023462498627104547
82101,0.007785719863589001
82102,0.007195098866182671
82103,0.0034629797327057864
82104,0.008249537850926025
82106,0.04878879924101492
82107,0.02498551085146995
82110,0.025546149864406908
82111,0.02895539488562564
82112,0.002235858638784937
82114,0.09431459112322207
82115,0.010264121176676824
82116,0.026542666498835958
82117,0.0010280026627207258
82118,0.019618338262961662
82119,0.003821933993944787
82120,0.0004394896281993566
82121,0.0027392525492982555
82122,0.0031006596370064324
82123,0.002839448162112414
82125,0.020306827631210153
82127,0.005402392634898545
82128,0.030804333816117455
82131,0.03134027690629121
82132,0.10361493943568201
82134,0.07204998834651109
82136,0.11165089135255002
82139,0.004830603256476786
82141,0.00045632903974469153
82143,0.06251672826324714
82146,0.0057801967095579086
82147,0.011830544878844704
82149,0.027777515962864763
82151,0.006649440431892381
82152,0.045997961478452726
82154,0.021662004788753218
82155,0.0028216117246740845
82159,0.015580839552960952
82160,0.0033926658952412392
82163,0.002295474093204428
82164,0.0018162595163432693
82165,0.01597415685376147
82167,0.02122034847288585
82169,0.006344123330574339
82171,0.019682615146962755
82172,0.004122605995493098
82174,0.0018389982131327366
82175,0.005190381524312297
82176,0.02435537477694554
82177,0.10230705778072657
82178,0.013475493517176567
82181,0.020226553843648985
82183,0.011110437219757949
82186,2.9927521107119888e-05
82191,0.004800589375237262
82192,0.10408816163937559
82194,0.17521662967617396
82196,0.042585340271432806
82198,0.16461575978015908
82201,0.014471931525821595
82202,0.005635731462482961
82204,0.02714072274812805
82205,0.0030312320801813633
82207,0.003973614293875393
82209,0.0009810894242438717
82210,0.002639931439733486
82214,0.05818304404102971
82215,0.009753348247885832
82216,0.006081998829450963
82223,0.08748407138819464
82224,0.009853354871284952
82227,0.02634824106042105
82229,0.10710921791562804
82231,0.12823338092601153
82232,0.06824854808857542
82234,4.3135428959598405e-05
82238,0.14870104899072553
82240,1.8932164234457796e-07
82241,0.012384157627404302
82243,0.025607835157804272
82249,0.0030365706822160304
82250,0.0420703325124783
82252,0.003974540064136847
82253,0.009171721749129742
82258,0.0031331202357521614
82259,0.02194798261252123
82262,0.0017490707623243598
82265,0.005213285759496028
82266,0.12759760838988374
82267,0.07285614394697346
82268,0.0023891780259279807
82271,0.010264868839191154
82273,0.005524396656004809
82274,0.0037708107708870372
82275,0.13389562820640744
82281,0.06455157815519101
82282,0.02639624898549841
82283,0.00021673528127910053
82284,0.01078233081372114
82290,0.0010968655914306768
82291,0.04671580360451854
82292,0.018115477853807568
82295,0.009497126186305245
82296,0.0033376413836397082
82297,0.007328147764705199
82301,0.0035460492157047712
82302,0.004928793628343383
82304,0.0012709291602653718
82305,0.007563110947529207
82306,2.6075565216811292e-05
82307,0.06659633874778838
82310,0.005129863994688126
82313,0.0008329493302476927
82315,0.02242716076137187
82319,0.05567659975649059
82322,0.0034328811690637873
82323,0.0018446283425439317
82326,0.011108345174970512
82329,0.001896392193536811
82330,0.09878041784357261
82334,0.005362161980485822
82336,0.10793748938382906
82337,0.020575184321309486
82338,0.0050535892736329
82339,0.0024926224599556165
82340,0.005736120954820415
82341,0.04542579465770823
82342,0.08082399783714536
82343,0.005063775610472387
82345,0.051706457197190886
82348,0.035774680785497684
82350,0.02156242100282543
82352,0.0035665759390303042
82353,0.004009691694503706
82355,0.04921707918887694
82356,0.03880256793651257
82358,0.0033333753448768224
82359,0.029328800822777282
82360,0.018052224324887445
82362,0.001797447562623385
82367,0.06642942548696029
82369,0.0031343075453985404
82372,0.00513255725075274
82373,0.02157616824440727
82376,0.00473032806492888
82377,1.1983269491603783e-06
82379,0.0032374741188442736
82386,0.028562322274100684
82388,0.01684005046008451
82389,0.13539886044737018
82394,0.01222202488870823
82395,0.008718803123926668
82398,0.003720292953554183
82399,0.05718293128798551
82400,0.02394057200753242
82402,0.004128549782692631
82406,0.0031959404194128083
82408,0.005313411962961029
82410,0.01918935104944263
82411,0.026472574624973527
82412,0.009017307453510932
82413,0.005319401389640156
82414,0.010698446590038378
82417,0.0022776734742955248
82422,0.012558486897541242
82423,0.09451261200767329
82425,0.005400713595884565
82426,0.025444533726765077
82427,0.11641355359550647
82428,0.00326600325902053
82434,0.03437123954946046
82435,0.09880623632434288
82436,0.00244229841006932
82439,0.003906325782881413
82440,0.0020756179171951346
82442,0.006091985119559347
82443,0.00845795570325565
82444,0.006259285585282555
82445,0.12262805501361385
82447,0.0007542896690402235
82448,0.018052224324887445
82450,0.013506961543989601
82453,0.04014922516428646
82456,0.13622769157714973
82460,0.003070994363128135
82461,0.003015199401548346
82463,0.020607128085141698
82464,0.10583027449163473
82466,0.04366254780326677
82470,0.004022937273279979
82472,0.007600749553866995
82473,0.003979460898586628
82474,0.0196991560067571
82475,0.012831470911977465
82476,0.01919941511613649
82478,0.004642170950822192
82479,0.009193255402957465
82480,0.0036552804763440127
82481,0.056844584127204854
82484,0.020674135733530656
82486,0.004562722623897586
82489,0.018052224324887445
82490,0.01288553965936746
82494,0.051465120985557035
82495,0.050251888926462165
82497,0.00151386939082367
82499,0.009823215467136924
82501,0.026665274292483634
82502,0.004945554685665254
82504,0.015113174096056387
82506,0.024482489988182067
82509,0.07960667991098876
82510,0.0029862560289283502
82512,0.1274372282080752
82513,0.034789174299585196
82514,0.005273128431725617
82516,0.0015866255670037518
82518,0.009349570837092641
82523,0.025281311495964784
82524,0.005293287867018378
82526,0.11958843768974657
82528,0.015326488106549782
82530,0.003593132177342106
82531,0.016090181490176717
82537,0.11325537761143209
82538,0.00752648575843927
82539,0.03698651526009601
82541,0.01803399285370968
82544,1.421790418285197e-05
82545,0.005918168002018439
82547,0.00481562097679666
82549,0.003964192359539711
82551,0.0030722736248972606
82553,0.1298307259384316
82559,0.005062121707002573
82561,0.10845078684147345
82562,0.0454511786360106
82563,0.0923218113023592
82564,0.013694049465812236
82565,0.00250378897414482
82567,0.0029401609945172674
82568,0.029705484738222834
82569,0.0036044763883397316
82570,0.0011593451465287724
82572,0.003447245817004788
82573,0.0037249278723161527
82575,0.03604348509210367
82581,0.060380890479334204
82582,0.0037080075076325342
82583,0.003941499139119571
82585,0.003161890361638974
82587,0.013776538937761268
82588,0.036638826458711075
82591,0.00047416263930604135
82593,0.004541622754063323
82594,0.06036014814660065
82597,0.0021524968286320855
82598,0.02474525551995958
82601,0.004539821867199948
82603,0.0037000196121573354
82605,0.00561775369429528
82606,0.05891286458337802
82608,0.08002802407441574
82609,0.002365815438013873
82611,0.017640905387856145
82612,0.10983334715123444
82614,0.003165223181305893
82616,0.011783460602397707
82617,0.004816773307239713
82618,0.006972427903320093
82621,0.0031182192390030667
82622,0.026665274292483634
82623,0.10630362716355825
82625,0.0019383436541125674
82626,0.0181496221289819
82627,0.016549402677386565
82628,0.0392874602536996
82629,0.0054327570327356856
82632,0.0043176391542990205
82634,6.135248460104353e-08
82637,0.033708344737700145
82642,0.03416667626324434
82644,0.005735425437108172
82645,0.09785762115070445
82646,0.12480023408820844
82647,0.00157347705967688
82650,0.0004033558157807103
82654,0.0002013088601741904
82658,0.024845707250507255
82660,0.022730492815734898
82661,0.0029902040320539834
82663,0.0037856704530695074
82664,0.002287571688574182
82666,0.00592059943838964
82670,0.006093136522848942
82671,0.005349107694433049
82672,0.13984253234046337
82674,0.018633404768670356
82679,0.0030364904753861985
82682,0.015113101551770562
82684,0.02346864811768961
82688,1.3837780386285462e-18
82690,0.05405731539798415
82692,0.08089070926966115
82696,0.03559535544404746
82697,0.03091670245373207
82698,0.034916583373789806
82699,0.030289784857354753
82700,0.02091471683587054
82701,0.03556763874108442
82704,0.005873491112842565
82706,0.026090769201176756
82707,0.029222459552551754
82708,0.016881640100874677
82709,0.0051718746814701224
82711,0.009434680481976574
82713,0.013210333963342145
82715,0.004381607201558011
82718,0.038399301040821135
82720,0.03358342069380849
82721,0.003920359348780914
82724,0.0015156335321089651
82725,0.0003980078484448162
82727,0.01703069338819936
82729,0.024151473651077178
82731,0.0005108533839440217
82733,6.340247881838325e-11
82734,0.003413358711324855
82737,0.05280640901327095
82738,0.07955085845423944
82740,0.0371131526568986
82742,0.002315209026249926
82743,0.01068810861072097
82744,0.105457617476649
82745,0.0033045587965937645
82748,0.0045832702597434815
82752,0.017250987409121944
82753,0.010099435797605355
82754,0.00013315291248766514
82756,0.0033643244620109344
82763,0.02255406664361755
82764,0.017971225617056774
82765,0.009914222276483281
82766,0.004139571269952991
82768,0.003085028293158842
82769,0.003495448345464505
82780,0.02440618585527413
82785,0.018052224324887445
82787,0.005234254476739023
82788,0.11371241009303935
82792,0.025747050609314478
82798,0.015108597967177393
82800,0.0007552213168274323
82802,0.10124276862760352
82803,0.004470518457566907
82804,0.11933716327716291
82806,0.0042061675420065805
82808,0.02624696562927371
82809,0.02502967514406331
82810,0.009372048570025228
82812,0.010762502586896667
82813,0.0001005581233937153
82817,0.004008950003439367
82818,0.002391975314668465
82822,0.024130918737000427
82825,0.005134677972394897
82828,0.0018933856898389091
82829,0.0032845999156360306
82830,0.022241196498718547
82831,0.0033944998014783625
82832,0.009711213713328802
82834,0.015120044099082798
82836,0.03331363810902864
82839,0.005022059457547861
82842,0.004073781132994231
82843,0.030541306051377004
82845,0.0038827062273182294
82852,0.09836838983958089
82853,0.0059037527182920066
82854,0.0021365387130239375
82855,0.005769677933450618
82860,0.03844960281150123
82865,0.006967811774453658
82866,0.016732348131584383
82870,0.004562360052385464
82871,0.05979511790503325
82873,0.023388429877077725
82874,0.019952717907898637
82876,0.005192284826869834
82879,0.1471600117075197
82880,1.198364623678629e-08
82881,0.018052224324887445
82882,0.003143255505236342
82885,0.0043203744099836955
82887,0.006862040716436934
82888,0.013694049465812236
82889,0.012040226478012572
82895,0.0011876796497452418
82898,0.0077268351259951185
82900,0.0041306765171680625
82901,0.023956589700377267
82904,0.07037637260839216
82906,0.012048827146781805
82908,0.13401901964035132
82909,0.025347265862213496
82911,6.35039189587323e-05
82914,0.057099043025706404
82916,0.002573456367006368
82918,0.0037830800765591573
82919,0.005850145377046533
82923,0.0030565737785798737
82927,0.11017763361302257
82929,0.003036524963495455
82930,0.0045487461121704684
82931,0.021992132556355893
82933,0.00013972579039937854
82934,0.022901639611645448
82936,0.047349572862923725
82937,0.009962285871053718
82938,0.11243005756704805
82939,0.008586711855638342
82940,0.009881464697131843
82941,0.002743617296949725
82942,0.15895987400997322
82944,0.02582952275291884
82945,0.024761067664743553
82947,0.0035777069503423464
82948,0.08288352025385688
82949,0.015501883862237678
82953,0.10431347711177467
82956,0.04455389313102481
82957,0.0041467037251801874
82958,0.00028704013544656365
82959,0.006845183715794807
82962,0.015317705556051761
82964,0.013676827142410412
82966,0.0023151594370895683
82967,0.017597979248035585
82968,0.005673979571539589
82969,0.042959233279898486
82970,0.03201794757252422
82972,0.01739951937926546
82977,0.03583608836403812
82978,0.010072373897074409
82980,0.0018347374104624688
82981,0.04928400084235972
82982,0.008351941932426629
82985,0.00396781230820914
82988,0.046277048098309306
82989,3.310343210743105e-09
82990,0.012977757691616344
82991,0.04827181222926259
82992,0.0261967934276286
82999,0.0014933308108854126
83001,0.06342089370641926
83003,0.12792736774081076
83004,0.059317241257987575
83005,0.004990362920609498
83007,0.0038731490219855555
83008,0.036831100377101196
83011,0.019413248269002214
83014,0.013504063100625583
83016,0.13466064015368595
83017,0.0247243444441612
83021,0.00410609980864698
83022,0.03978335274388416
83023,0.004037088515554347
83024,0.0757998959462465
83025,0.050251888926462165
83027,0.003722380985803038
83034,0.01700342865026953
83037,0.003602425604342584
83039,0.05119799042999631
83041,0.030080501969117216
83047,0.12279562682896816
83048,0.0013916832923896632
83049,0.005481790148243378
83052,0.07544680624504324
83053,0.0010402375380288641
83056,0.02260152515545676
83057,0.11711797080499368
83059,0.0038738938258684103
83061,0.08260437806220353
83062,0.10400940955859798
83066,0.005037092161640502
83067,0.037031513435067005
83069,0.013173313090717838
83070,0.1330206593296479
83073,0.006239927184107597
83074,0.006954506808220935
83077,0.002666994004253039
83078,0.0036361288428456494
83079,0.008691557838564574
83085,0.005795541204539227
83088,0.0029984284602591576
83092,0.020010688040087505
83093,0.024229509037752932
83094,0.057944667747551845
83098,2.022410368957091e-07
83099,0.005129690791615168
83101,0.003955737415753363
83102,0.008710843068870015
83104,0.10833241477286312
83105,0.15152999427603658
83106,0.005043413661266653
83107,0.003992677551556266
83108,0.004996647316505916
83110,0.019971069406866344
83111,0.002636892236318686
83114,0.006785210003087846
83115,0.0009921114754081622
83116,0.002125394701560282
83117,0.004499858462196837
83118,0.004846372560586759
83119,0.007950930586260375
83123,0.002160945693695563
83127,0.00177105450853804
83131,0.002754497825535567
83133,0.0037205068423219597
83135,0.12255735200877807
83136,0.009429777139284792
83141,0.02550805325901075
83142,0.09623638933452924
83144,0.04562813953452745
83150,0.029940551738185373
83154,0.042277249912384816
83156,0.06327735594484482
83161,0.012840611974536354
83162,0.025231051568276795
83166,0.06703479450504633
83169,0.023462498627104547
83170,0.07379845793765266
83171,0.00016289277697326354
83172,0.002226190164606344
83173,0.05012957878052898
83174,3.9052448920383785e-07
83176,0.049450555915114255
83177,0.0071946066170698285
83178,0.004406336310923264
83179,0.09388769783380158
83183,0.12611846947482083
83184,1.0860834075799265e-05
83185,0.003100746790035233
83188,0.047568885680451665
83189,0.18127750811710236
83190,0.08264130905300629
83191,0.010750762969753061
83192,0.010442029702929638
83193,0.13115268454168674
83195,0.003749912951132773
83200,0.029870790074387255
83202,0.06712774717556712
83205,0.0021651214781502337
83207,0.02449789905531115
83208,0.004775362226827812
83209,0.02866441361399941
83212,0.30154612995814356
83219,0.05170244583952232
83221,0.013284427397621302
83222,0.003738554306403427
83223,0.014796199126205375
83224,0.004858199545249011
83226,0.005532198459264101
83228,0.019134488905796047
83229,0.006546833396203525
83232,0.027280586394552872
83233,0.004858452718163768
83236,0.003939299162157111
83237,0.02057811405772934
83240,2.399394856691633e-05
83241,0.1375795208699584
83242,0.0011404168947502953
83244,0.0049210335458594245
83245,0.05226862399116752
83247,0.058868976005419106
83249,0.04871100124107276
83250,0.033511972002925564
83253,0.0038908400441403524
83254,0.008389385457010247
83256,0.0023006106751751803
83257,0.0017527931386966975
83259,0.024482489988182067
83260,0.04007101430039142
83261,0.016615200139396723
83263,0.036075679958673786
83266,0.029531791791378947
83267,0.008554299527148361
83268,0.024482489988182067
83269,0.012421472466399696
83275,0.020292186112469985
83276,0.2581880598589277
83278,0.0036370498150310516
83280,0.011153654307521813
83282,0.004292644881406033
83283,0.005154889669063588
83286,0.00274301189172691
83287,0.002986437807380037
83289,0.005106948702280609
83290,0.002911784814711838
83291,0.013317364227827966
83293,0.0032600043009201854
83295,0.0046192603093298
83297,0.016084292388651264
83301,0.011989434215671254
83302,0.03079343387466447
83303,0.025939174029445466
83305,0.018223140324116784
83307,0.001440818225488474
83310,0.03305969583692623
83311,0.11222608866761606
83312,8.313399062167672e-05
83314,0.1319070752497739
83315,0.0720954639547827
83317,0.05519461339638452
83318,0.14110753656754688
83321,0.023066514481695263
83323,0.004789198758670731
83325,0.0066150515226244
83326,0.0013116448278554513
83327,0.0007881731415912981
83329,6.205794414354112e-06
83330,0.018361194431279766
83331,0.0018885463234992533
83334,8.438978740177064e-05
83335,0.008922316224096461
83337,0.100284673203779
83339,0.061199890367573
83340,0.06352136332022056
83341,0.02242910376610504
83342,0.004834406863437671
83345,0.00891494122618197
83346,0.0060450718745653975
83350,0.0025930639214311194
83351,0.10055095966523621
83355,0.032037765564459295
83356,0.0033609635670412536
83357,0.022488006539468756
83358,0.011392615558099414
83360,0.00782814781183766
83362,0.012008705789828933
83363,0.016298922671285913
83365,0.002283483233379876
83366,0.01599517118503345
83367,0.010284057042893681
83369,0.007120388846342906
83370,0.001109104741306709
83371,0.003462265757972438
83372,0.023036510465088426
83373,0.09329135398414577
83376,0.07282648937068535
83378,0.02258268303166456
83379,1.0716790666071663e-05
83380,0.05670223992934262
83381,0.0023061426723465376
83382,0.10289563494592747
83383,0.12748541789512755
83384,0.04757848605447009
83385,0.006397724945836546
83386,0.12143897024056022
83388,0.01975713869416399
83389,0.007640223914854187
83390,0.004811815209867349
83393,0.004120578644816987
83395,0.022790835369034756
83397,6.573404218244583e-05
83399,0.005629844741554025
83400,0.05847586444111239
83402,0.006988245516430356
83406,0.003461280575008616
83408,0.007796393836086406
83412,0.027418987845617294
83413,0.0032596614986831985
83415,0.03456895191915277
83420,0.021973293474277265
83422,0.035886743290437166
83423,0.019468255029960527
83426,0.019890382196180088
83429,0.0030887015449916904
83430,0.004253579311326604
83431,0.001599543122170142
83433,0.03330875169961761
83436,0.018052224324887445
83438,0.008237162873987597
83439,0.0012090270884998755
83441,0.012252803725002212
83442,0.1279665970327495
83444,0.002925035959698771
83445,0.004142917565028254
83446,0.004045297844948663
83447,0.02869583849399693
83449,0.02326681620947731
83450,0.018052224324887445
83451,0.030289784857354753
83453,0.004064689612386687
83454,0.0033676079185067384
83455,0.12547867549564803
83456,0.007627830535818546
83457,0.006040290878534301
83458,0.035815308052014015
83459,0.014414187938450958
83464,0.2088223578049929
83466,0.0168074423862829
83468,0.002446746019311683
83473,0.10762159468508502
83474,0.0043828982686320754
83477,0.011137243660846634
83478,0.062333687373988866
83479,0.002742706202572895
83481,0.018437384296022874
83484,0.016276182878154962
83486,0.03220965038398788
83487,0.14445316291882698
83488,0.13685138278015968
83489,0.11740625796144791
83490,0.015275961037322778
83491,0.0933036361768149
83492,0.0035273489207609436
83493,0.0023914963651776003
83494,0.019602811573729662
83498,0.04325059710356321
83502,0.01208318911506998
83505,0.14123834268947502
83511,0.018052224324887445
83515,0.04435155341604186
83516,0.007139199966292269
83518,0.14644353777413632
83520,0.003889409635883895
83522,0.0048680191031418
83523,0.01508637312396285
83525,0.011131803704761441
83528,0.01852327432956263
83529,0.002993772896892904
83531,0.1286081490583816
83532,0.0026606876102637836
83534,0.05565833862384839
83538,0.024170374891715665
83540,0.01625225268292139
83541,0.05954051119943005
83542,0.0037731101395949945
83543,0.005257148326015764
83545,0.07155256081010698
83546,0.03909301963347288
83548,0.007041735685178007
83550,0.002443435487263042
83551,0.002471242570773643
83552,0.07094313146836123
83554,0.018052224324887445
83555,0.02403537938967169
83556,0.012361527120652931
83558,0.037333036260574014
83559,0.004355541055803382
83561,0.050887805226469386
83562,0.0036258176129298704
83563,0.011141770710956856
83564,0.018711996458133106
83565,0.0074597524235054825
83566,0.01703748209595059
83568,0.025825220728093977
83569,0.0075300190489464595
83570,0.018087127724575904
83571,0.0037783505195169856
83572,0.0029075103602386504
83576,0.017599628363844426
83580,0.05903816302169777
83583,0.002253766786183573
83589,0.00697470888917025
83592,0.02144255803131833
83594,0.0020523789624582386
83598,0.009679093892731416
83600,0.011306031022923945
83603,0.006157517034880574
83605,0.0036074983936776467
83606,0.003947234343377609
83607,0.10055095966523621
83615,0.002265182254113892
83616,0.0033122694153297425
83617,0.018052224324887445
83618,0.002997442157428221
83624,0.024482489988182067
83625,0.02323438941133423
83626,0.0229913886885813
83629,0.004101063046088625
83631,0.007384628362591492
83632,0.008519600299285104
83638,0.0043080935397705016
83640,0.001240186249208048
83643,0.010114614397510945
83645,0.018208553251002187
83646,0.008432423224778296
83647,0.012240343914195583
83648,0.02787687867156591
83651,0.1023031463165835
83652,0.03467807297344031
83653,0.023195228896819256
83656,0.003463289452261269
83657,0.006554625855791056
83659,0.017938771418013782
83660,0.046754113555690716
83662,0.018113015238825317
83667,0.023399590285368754
83670,0.004766436387387762
83672,0.0027356228801125914
83674,0.026472016877330133
83676,0.02343559162551386
83677,0.016867139012297368
83678,0.013370323305425988
83680,0.004770149394681308
83682,0.007408651069907493
83685,0.002997966813047411
83688,0.018127418006247824
83691,0.010772897173221368
83693,0.009678852012104886
83695,0.004383733172425845
83697,0.005037247236449114
83700,0.07960667991098876
83703,0.0003512781590116345
83704,0.01557205851924497
83708,0.04185230538839551
83709,0.10363094547797146
83710,0.005905962624427925
83711,0.006729514726047532
83712,0.07908052573722736
83718,0.038555519818649145
83719,0.02626007715018994
83720,0.07101217809482167
83721,0.002315209026249926
83722,0.012248160294242824
83725,0.018310741355194494
83727,0.003036505141945131
83728,0.0011759857295099497
83730,0.0043863384297672305
83731,0.0031966202575529354
83737,2.3406870391165776e-06
83741,0.0006659519173109026
83742,0.046062448645258706
83743,0.006024858164215421
83744,0.005803154456276887
83747,0.008846130557700444
83748,0.11507620474700218
83754,0.0162213480758778
83755,0.1704618864559653
83756,0.0038686005139269004
83758,0.01678290908219222
83760,0.1525852917359362
83761,0.1065844217099401
83762,0.030059646132613846
83763,0.02178590336857284
83767,0.015577995719281137
83769,0.008213628704821434
83770,0.12646407239670374
83771,0.017460601544101687
83775,0.0032884445005065114
83777,0.1229244725927864
83782,0.0228007733492704
83783,0.019608389685711634
83785,0.13347200770021833
83786,0.0022065498295747994
83787,0.08457472513655913
83789,0.004555135767810408
83791,0.020564237673271174
83795,0.004438064401262971
83796,0.1019667758719949
83801,8.103134935336507e-14
83802,0.004983087126693935
83807,0.012368034046826496
83808,0.21166090958787637
83811,0.05398466877939767
83813,0.04027971265866704
83815,0.004579708832251675
83817,0.00762222348768474
83819,0.027881337602516845
83822,0.0010167577114268008
83823,0.06157587417958554
83826,0.019634082132391404
83827,0.003390441568650173
83828,0.003947228189872615
83829,0.014031219366932237
83830,6.740691217855472e-05
83831,1.2102406621100397e-07
83832,0.006717596916129077
83834,0.09514219596405754
83835,0.020004510821716375
83836,0.00407045256716423
83837,0.003926116360696245
83838,0.04742408027490334
83839,0.027785510234734793
83841,0.0006590873521003073
83849,0.0013897288668879492
83850,0.003529809727555568
83852,0.01939270223237082
83853,0.008158971632739546
83854,0.09693346564756775
83859,0.018052224324887445
83861,0.002585019007544167
83865,0.13790769212959322
83867,0.018192938858257852
83868,0.004309335950102975
83869,0.011807084313890182
83870,0.04576640057798942
83871,0.0032377111667971346
83875,0.031652354807471215
83877,0.0024601959573986735
83882,0.12272055096389708
83883,0.005768698402835212
83884,0.005826156973996917
83885,0.06565947411736037
83886,0.05086454179573278
83888,0.0027569960107356054
83890,0.01924175638274024
83891,0.01294238828529017
83892,0.007012172683029659
83895,1.1076127104978944e-05
83896,2.1429516472539156e-06
83897,0.01011417164015375
83898,0.008371766620943782
83900,0.0027196055602395647
83901,0.08115523079597695
83902,0.006478157631062546
83903,0.03440527244408891
83904,0.002218470368596164
83908,0.1340316903781172
83914,0.008865161515578517
83917,0.003261231979247307
83920,0.005007714481395956
83921,0.02416057439425577
83922,0.12646407239670374
83923,0.021194372076588405
83924,0.024475639653319777
83927,0.01993023987945124
83932,0.00037601651636350774
83934,0.004277974653009943
83939,0.04955730142784914
83940,0.00871969562558611
83942,0.0030731444945237838
83943,0.026163687895685253
83944,0.13381292786891524
83949,0.05059437760352584
83950,0.04210436338634872
83953,0.020441790154670174
83956,0.0034623404559940302
83957,0.004222606473190245
83958,0.002986232319508815
83960,0.022741826871223714
83961,0.04099413113493356
83963,0.0024213431021590797
83964,0.00980406695531518
83966,0.0050089571956388745
83968,0.018052224324887445
83969,0.00022351570152164826
83970,0.0038029031197196624
83971,0.00026741697203441994
83972,0.00614799531873629
83973,0.0024016372254284522
83974,0.008108901010639954
83975,0.03235675900917392
83978,0.005846732229605353
83979,0.002014318088475722
83980,0.007031791414929612
83981,0.12762898135283374
83983,0.019735045572350608
83984,0.000594436482608213
83985,0.03633986343776407
83986,0.0007975892415019186
83989,0.00859381856559091
83990,0.05262752802087421
83991,0.004108433757642963
83992,0.08205596817138255
83994,0.0017139069489001755
83995,0.05918144394737753
83996,2.9825430539349715e-06
83997,0.09164027683503191
83999,0.010132680932203665
84004,0.0823464407544339
84005,0.024984326699016592
84006,0.004740625116272141
84008,0.09326363633868331
84011,0.0022979918289436755
84012,0.003644621421920764
84014,0.025249353172898992
84016,0.0013226191833983505
84020,0.03066943575514732
84022,0.004240833866932893
84023,0.02302984726114965
84024,0.00937363830726506
84025,0.019481640019216987
84030,0.004421868872200866
84032,0.009634340279881776
84033,0.012285122150286645
84034,0.03440527244408891
84035,0.00246076684215125
84036,0.011200612174769423
84037,0.016894960189564864
84039,0.140109595126515
84040,0.01176289131639201
84041,0.011143542607222653
84042,0.00010113695847619185
84043,0.018052224324887445
84044,2.2389623913079123e-09
84045,0.02946651460258162
84049,0.004490466314471251
84050,0.0041003284236426655
84052,0.0295903421428604
84054,0.002505128358623625
84056,0.0037634899497614224
84057,0.05852360773579015
84060,0.002321184866842865
84061,0.012526422282143769
84063,0.07956501560237572
84064,0.0030309245592440633
84069,0.0046638779424185576
84072,0.003976271429206956
84073,0.08139726200884366
84077,0.02786838595352372
84078,0.021421746024827572
84079,0.0025947304142200315
84081,0.014285769797100698
84085,0.09170311815381274
84086,0.0004244974495967192
84088,0.006636818632314197
84094,0.05365161169254804
84096,0.004195585666566807
84097,0.030758176943808748
84098,0.005110132426353756
84100,0.050145716491343625
84102,0.057971200522111056
84111,0.13761627283104286
84113,0.02545736940094854
84116,0.0034624003974934804
84119,0.017853346262802865
84120,0.04133195906838341
84121,0.003161038237970967
84122,0.016363067798267142
84124,0.03009981929991334
84128,0.018149591376423573
84130,0.004499880077801061
84134,0.0035492999923586784
84135,0.0073270043905831455
84136,0.014918309616522189
84138,0.011157050950932184
84139,0.02104898433653561
84140,0.009528931262918719
84141,0.004275523831335686
84142,0.0019845871447563704
84144,0.00400789272080267
84145,0.021077939864528078
84146,0.0009523513031627406
84147,1.4995149341392834e-05
84151,0.0034941297110026985
84152,0.0033044614836453675
84154,0.00415068706990861
84156,0.012310300812745844
84157,0.044497271791344585
84158,0.19798532086598825
84159,0.019997745926336196
84160,0.054030004447399076
84161,0.0037459145212839187
84162,0.003164589301833989
84163,0.08856525894081334
84166,0.0015885093924425102
84170,0.05229590516747909
84174,0.0035800332484207907
84177,0.018052224324887445
84180,0.05805891493759657
84181,0.004899789043405449
84182,0.10544538707012871
84183,0.021598270169995375
84184,0.028549535667527978
84185,0.004137224649329955
84186,0.009201643368910745
84188,0.012664165635524633
84189,0.004286424877599977
84190,0.00086939879316154
84191,0.02185316897156687
84193,0.006656321591051591
84195,0.000776961875166585
84196,0.03192004898662431
84198,0.01956449563402686
84199,0.01573117209056136
84204,0.06433372061974105
84206,0.07664159219217971
84207,0.13776797023633255
84208,0.0094668931810992
84210,0.0030372253093495782
84211,0.005134208537655747
84213,0.0016934693427712738
84214,0.003165757618267289
84215,0.04426482217919426
84222,0.0447014020468894
84223,0.11046281028226647
84225,0.17939991957989546
84229,0.008052381233911035
84232,0.0038024149080517276
84233,0.004854708609030584
84234,0.002492452339427283
84236,0.07060365526499539
84237,0.01891492188556586
84243,0.008351958647713157
84245,0.028827339900220992
84246,0.003894536285450039
84247,0.07965110669958053
84249,0.026665274292483634
84251,0.00010735101249251277
84252,0.0053488892426102885
84253,0.009787898307329256
84254,0.004212909238882351
84255,0.15551252127484516
84256,0.02358710434786472
84257,0.0024350549741864033
84258,0.13347606697014944
84261,0.005006536346275323
84264,0.0133038604755265
84267,0.050995957524470566
84268,0.0024218817564540048
84269,0.004797001863754968
84272,0.054462562868188374
84273,0.003863739658741023
84275,0.007926946403420659
84278,0.007928057207115381
84280,0.013794054617845017
84281,0.025108307972677515
84282,0.0020186207389685067
84285,0.0030495631961027806
84287,0.013935205214753539
84288,0.042747554360186235
84290,0.006696858951707077
84291,0.13492077472600036
84292,0.002928543749339233
84293,0.0014903664353723856
84294,0.03190635814744034
84295,0.009130946479858357
84300,0.005991580306433623
84301,6.827917851023457e-06
84302,0.1225268148900685
84305,0.1405563488497548
84309,0.031666989431592685
84313,0.09130554207746003
84314,0.003947353128031016
84316,0.09777377013155004
84318,0.0083428613676812
84324,0.002520599206411843
84326,0.006912569820975298
84329,0.0008448791419440041
84330,0.10534819526728673
84332,0.13768555998092408
84333,0.014677871100461402
84335,0.028734351864324863
84338,0.0028915669887510063
84340,0.00013433350778208273
84342,0.00019507667573889686
84344,0.012728266273139242
84347,0.006054864787541397
84348,0.0058365718811562665
84351,0.03229571128089378
84353,0.0034724501960903564
84354,0.041106882442172456
84355,0.03688693120851576
84357,0.001102886864764376
84358,0.03376270766098012
84359,0.018052224324887445
84362,0.023462498627104547
84366,0.1458806578551006
84367,0.026799507295696533
84369,0.003036465898266548
84372,0.005230377467158208
84374,1.8220605497027032e-06
84375,0.13311240672332006
84376,0.011831497840686125
84378,0.007002144769673642
84380,0.023521042818208205
84381,0.015075524858370673
84382,0.009009464398051871
84383,0.0188502891131903
84385,0.002592268196024401
84386,0.006100247251942344
84387,0.0044269656670708705
84388,0.003066476990907448
84391,0.1348608084687236
84392,0.03580566538574834
84395,0.0013645613324068382
84396,0.004976994681291011
84398,0.12582212923758831
84402,0.03454823919428845
84403,0.026853278013501798
84405,0.004193730213220244
84407,0.003318634158537487
84410,0.008539164129785419
84418,0.0057218864933396806
84421,0.03073026040907622
84422,0.0041992670141448325
84423,0.0716805254720896
84424,0.005479853107141969
84425,0.0041696280050186945
84426,0.14870720279060778
84427,0.024436740069893593
84428,0.07183166572473168
84429,0.018052224324887445
84430,0.03483392485644701
84432,0.10490313470161726
84433,0.0392848909306528
84435,0.05525482158900026
84437,0.008508291131834284
84438,0.004415292853194703
84441,0.005651004538647445
84449,0.0046655904950118135
84451,0.04212997170186936
84452,0.00040972796964229726
84453,0.07853155933129528
84456,0.02731571687092963
84457,0.13525207006804535
84458,0.023115256450605665
84461,0.09242660892541238
84467,0.008658484338621172
84469,0.001977084036008348
84471,0.024482489988182067
84472,0.003438255764885043
84473,0.0037944074104857258
84474,0.0022680604196445198
84476,0.00019536812099585924
84480,0.006366897131701282
84483,0.027219041283564675
84496,0.005490938835212371
84497,0.023022203677823094
84499,0.025140181351330004
84500,0.09340272756664658
84501,0.04453887759152366
84505,0.030289784857354753
84507,0.0059643689512551955
84510,0.028623774353537638
84512,0.006402030848701329
84513,1.2733173585377743e-05
84514,0.06907317146358169
84516,0.007291883644508643
84517,0.0035857024864074027
84518,0.008046579151374519
84521,0.047790221685797725
84523,0.005017491051149587
84527,0.0035754678767851997
84528,1.5813742195937852e-05
84530,0.0064086023266755965
84531,0.0015833324320561292
84533,0.014458700473833885
84534,0.005072067998575504
84535,0.019222905888394443
84538,0.007962501107608521
84539,0.004378743822486797
84540,0.04958837450031887
84542,0.03400883029926485
84545,0.10603436691348332
84546,0.004267133854645641
84550,0.003023714404858176
84551,0.011007495790122376
84553,0.0012440490638774898
84554,1.3701868432861922e-06
84556,0.09928986400775133
84557,0.11579110938325533
84558,0.023897708040850313
84562,0.0042201392923215085
84564,0.04720977367379194
84565,0.03025174198807859
84566,0.0007833062464699496
84567,0.00673260887981887
84568,0.07745350147186322
84570,0.022929626469215144
84572,0.010712479912337787
84574,0.002902788016276502
84575,0.004743968489863509
84579,0.06221286316513854
84588,0.0025514846536485746
84592,0.003315950358688923
84593,0.00927163783283034
84594,0.005319609287338741
84596,0.0071514669552274245
84598,0.00038071278267523827
84599,0.021971195259630826
84600,0.007690733986531877
84604,0.005951390298041306
84605,0.004033832649200192
84606,0.04448948869304747
84608,0.08570964035755982
84609,0.045498947588688554
84610,0.0453655874625258
84611,0.034363799782003476
84612,0.015006428588458364
84613,0.024482489988182067
84614,0.005684959514898768
84616,0.010271300728012111
84624,0.0018890341702295522
84625,0.051017977354673616
84628,0.050454539750380306
84629,0.007893471251599365
84630,0.004993780653139991
84631,0.01481537634563106
84632,0.033245596655011395
84637,1.3362591949765706e-05
84638,0.06051727609587077
84639,5.9333392590161466e-05
84643,0.026792558284648545
84644,0.00011059058290529133
84646,0.010705537471854858
84648,0.023484190131157122
84649,0.004058744343011103
84653,0.03134600256457301
84654,0.05323285779201556
84663,0.02985585094870861
84664,0.010516979938562453
84669,0.03428818278446928
84670,0.003937596672888305
84672,0.025689775256944897
84673,0.0038355407877837303
84674,0.0034051990489875126
84675,0.0666356349179616
84677,0.003418690134424345
84679,0.00023546478268536458
84680,0.3215599056040844
84681,0.0030621942210698415
84684,0.0009624665356326128
84685,0.018052224324887445
84690,0.005713612092503365
84692,0.0029925096246540953
84697,0.03528322944719452
84698,0.07347183598165204
84699,0.12166620433536218
84701,0.0029135265931016945
84702,0.009557722577525265
84703,0.0010798799727052366
84704,0.003088826007519697
84709,0.06084362240807182
84711,0.005896667573183233
84714,0.010744125782383951
84716,0.01075960155039025
84718,0.034674624555288254
84719,0.0105881362242159
84720,0.005415308810411852
84722,0.004115548024414011
84723,0.004839968949209358
84729,0.027237702761783777
84730,0.011016830711246383
84732,0.0039851609695706865
84733,0.006663532419446424
84734,0.018052224324887445
84738,0.07785823633802841
84742,0.00805113268637353
84744,0.1453596400969938
84747,0.0010877389946930497
84750,0.005021858804574474
84751,0.04366390844543124
84754,0.006083789281862101
84755,0.08655029203974607
84756,0.1299032002298974
84757,0.00541023744870217
84758,0.12400570839826626
84759,0.025716374582519567
84761,0.002241792974789463
84763,0.004066454023148149
84764,0.005353485819994438
84770,0.011994801553488123
84771,0.004644571133301839
84773,0.03271880192609363
84774,0.06327735594484482
84776,0.3817277513431143
84777,0.004292359236588172
84779,0.004196594393444075
84780,0.05835660196290811
84784,0.015017537563006372
84787,0.0031679345741178018
84789,0.03423776964584653
84793,0.004816462281815716
84795,0.00350394096162225
84796,0.026915247783106718
84798,0.028005788759093875
84801,0.003036506860242808
84806,0.018835735212812555
84807,0.05751595242684375
84808,0.026942042271103694
84811,0.018815763961937494
84815,0.026665274292483634
84816,0.024349301766223935
84819,0.006340561740307676
84820,0.02572401552965321
84821,0.004581928573229261
84822,0.12028239618541313
84823,0.03652982853053162
84824,0.032338924476204935
84825,0.0037376073741382473
84826,0.009810022646569742
84828,0.0879134971632662
84831,0.005520867251729211
84832,0.0027296334510773573
84833,0.008244514926083971
84834,1.759805307964031e-05
84836,0.01624519483494138
84837,0.07487736457342734
84841,0.12417980392263123
84842,0.01268658239728978
84843,0.006062301666405333
84844,0.018052224324887445
84846,0.19417545326662952
84851,0.1345616620614967
84852,0.0023006045711055946
84858,0.016379052346408216
84859,0.014448036121847174
84860,0.01890332995653362
84861,0.003699985641504659
84864,0.02686399712682464
84865,0.004625527710514187
84870,0.023462498627104547
84874,0.009467348010985059
84876,0.002864375611221591
84877,0.0012394107849775177
84878,0.003752473585877303
84879,0.06009743920927921
84881,0.004431865146162498
84882,0.0028347306141768267
84883,0.009826706305840108
84886,0.015591777245403993
84888,0.005129671276609264
84890,0.003893254372598302
84892,0.024088839174954232
84893,0.04204548492076855
84894,0.026415247311203312
84898,0.04435155341604186
84899,0.04968705416374036
84902,0.023310083490574552
84903,5.5281192537699435e-05
84905,0.026060647060780154
84909,0.0046045559922716925
84910,0.11215870199478707
84911,0.24859191991981344
84912,0.02109057757723279
84916,0.00459464980978348
84917,0.01097160662852831
84918,0.03830667749197211
84919,0.030579666705637498
84920,0.003481253265649781
84921,0.03729531320705602
84924,0.0029984284602591576
84925,0.022706207069588313
84931,0.11532389410676137
84932,0.01675609634023205
84934,0.0028513311952634277
84937,0.003384296915374205
84938,0.0033164618228686323
84943,0.007927367945311013
84946,0.030944546715876996
84951,0.006455372807532997
84953,0.012719747472888603
84957,0.0026459766706283736
84958,0.009169517053029836
84961,0.014180894012674437
84964,0.06891226737027732
84965,0.145116050815567
84966,0.01166328243104038
84969,0.0047961057768729385
84970,0.0038193593649257086
84973,0.00013624363186038203
84976,0.018052224324887445
84978,0.006887808441370293
84980,0.005468383776847339
84982,0.148446404538388
84984,0.021084823710255624
84985,0.07665012561018318
84986,0.010730364229145613
84989,0.008702055982980602
84990,0.006664378364857274
84992,0.005846655219284197
84999,0.015546125905654925
85001,0.006737148567568946
85003,0.004018204048215055
85004,0.002511186096390654
85006,0.024114642163136565
85008,0.004189711781714008
85009,0.010981635309634686
85013,0.020371744211116267
85015,0.0012148310499367125
85018,0.00512949251554594
85019,0.1133742076901224
85020,0.03204034360734224
85022,0.010567969391217723
85024,0.021309493176848854
85026,0.0020266976064204226
85028,0.004772655940646395
85029,0.023340919447044788
85031,0.004721370581662945
85033,1.305259956196085e-05
85034,0.0061452704677898845
85038,0.12028239618541313
85040,0.011750094396254051
85042,0.012156383264342733
85043,0.0002868982396321291
85044,0.1209157673631104
85046,0.009690842362086997
85049,0.017945243766699318
85050,0.0014942123853098537
85054,0.004582720170038873
85056,0.0006171760375142628
85060,0.08868247729771932
85062,0.006371192880160722
85063,0.0022986794820917173
85064,0.016852999909981813
85066,0.006888085611428619
85067,0.02796660427325971
85070,0.08201085019406731
85071,0.004425540603317028
85072,0.009339042691382839
85073,0.005165819768011484
85077,0.02321736851764966
85078,0.010669300563472938
85079,0.05361196846624038
85080,0.0010271587534372573
85081,0.05061211243886569
85083,0.0038719038321313698
85084,0.003246987281562225
85085,0.004079937070237244
85086,0.041127234708159974
85088,0.006565435293919391
85090,0.004470093652459312
85091,0.0024785911760276955
85092,0.003404071686726696
85097,0.002211030045638513
85102,0.13205238439729852
85103,0.004217872519734054
85104,0.01269474663975109
85107,0.0007242942623618268
85108,0.012062572294297497
85109,0.0035969908562075072
85113,0.11408546422889192
85115,0.012194256820453019
85116,0.03505187214126579
85119,0.02626049886651425
85121,0.008828143525851838
85123,0.020607128085141698
85129,0.12722237894795566
85131,0.030056012314190486
85132,0.015127855446142452
85134,2.2491309292540556e-07
85136,0.011434472930934478
85137,0.001196549859973065
85139,0.01429369005535288
85141,0.004727468141351341
85144,0.1309561075249084
85145,0.009377493821852887
85146,0.016522064849669504
85151,0.010776716972630204
85154,0.024008183915226185
85158,0.02457802904795932
85161,0.0035985960394860034
85162,0.0188004575000635
85163,0.0037950348004741493
85164,0.003737654392910723
85166,0.19951335913244123
85168,0.1086857851710064
85169,0.0035316409455262714
85170,0.056018629564792345
85174,0.04271970937188293
85178,0.0413002767004242
85181,0.007050307941531064
85186,0.005816318906519394
85187,0.006869490995756299
85189,0.0029863791586879395
85190,0.0031519141601041817
85192,0.011119266660883705
85193,0.04115011994804509
85196,0.003442234974688152
85197,0.008201545243115047
85199,0.09714407754985158
85200,0.003036465898266548
85201,0.003036506860242808
85205,0.00326177713853465
85206,0.1460345815723764
85207,0.09721364190473064
85208,0.020607128085141698
85211,0.018721863737124728
85212,0.005129671276609264
85214,0.024626906163541917
85215,0.06666416322104404
85218,0.009632820259939218
85222,0.002680220045814765
85225,0.024581963895927105
85229,0.0008261231652191852
85232,0.0059601781878517645
85234,0.0042159528475093164
85235,0.00246636549138735
85237,0.0035208748550134006
85238,0.007315643071926758
85239,0.003933862559971099
85240,0.006193048681205329
85241,0.018052224324887445
85242,5.230826208612359e-05
85243,0.0040205152722619
85244,0.016726700759456488
85245,0.0021461260946715895
85246,0.002273333350304531
85247,0.03982581222698999
85249,0.05988277530596626
85252,0.009694105774925153
85253,0.025495730680383143
85254,0.02111405825951044
85255,0.020607128085141698
85257,0.003462902797021248
85258,0.0050485686713672715
85262,3.601643830320541e-05
85263,0.00030960309737292
85264,0.0023098721813846644
85265,0.0029066830692581935
85266,0.006477760815472421
85269,0.0014895268872303434
85270,0.0001592660158046173
85272,0.004393178423462164
85275,0.02873171020823751
85276,0.00984278981623544
85277,0.011274306629350297
85279,0.0022044426247790527
85280,0.0038715522570322712
85283,0.0031997767900076076
85286,0.0045968107169647235
85287,0.022923812942020737
85290,0.04657623684369769
85291,0.031724383224722534
85292,0.005556758057936917
85293,0.0034624638022054013
85295,0.03518492703565894
85299,0.004116687675038345
85300,0.011337148093605254
85301,0.08229234581570714
85303,0.13509471953204066
85306,0.0023913440920287294
85307,0.010196976377272654
85308,0.004533306754670629
85311,0.024536794163735796
85314,0.00028091193174499546
85315,0.029234475506304158
85316,0.00013054665922294448
85318,1.24709300464555e-05
85319,0.022056043671971646
85320,0.017202657173512742
85321,0.00998927066005471
85322,0.018052224324887445
85325,0.04500846996894957
85326,0.0008421886349192465
85328,0.007111106870454038
85329,0.014182257661716163
85330,0.019690097414447882
85332,4.9591084092344674e-05
85333,0.006437068255117053
85339,0.008744343753462959
85340,0.004839086684741441
85341,0.003938240494455987
85343,0.010426571829511535
85346,0.019891423208860885
85348,0.0009621950658762674
85349,0.0035609333563992487
85351,0.008546165180181146
85352,0.07170884376914863
85353,0.003142218544653336
85354,0.020436914017613456
85355,0.13612220505803588
85358,0.02449519997047603
85359,0.07622558650696817
85360,0.0006655350681771364
85364,0.005129690791615168
85366,0.01796749942401864
85368,0.003910231305434045
85369,0.0005338550478427912
85371,0.018090850371778933
85372,0.02042019795452802
85380,0.019717922842243867
85381,0.012143935604965683
85382,0.0005392402207432336
85383,0.0039002345382878347
85386,0.004682085812993132
85387,0.004499988739561678
85388,0.01540743149910053
85390,0.0010843160296096842
85394,0.0003569161843674336
85395,0.017722386007202936
85397,0.0022297342777853
85398,0.14954637978404803
85400,0.007343861457939243
85401,0.001422317154676953
85402,0.00782814781183766
85403,0.03086066060380987
85404,0.15592923999778727
85405,0.004098161883510088
85406,0.012459720928466563
85407,0.018052224324887445
85408,0.003036506860242808
85410,0.004718468037525445
85411,0.003316615487073527
85412,0.0031950343300310227
85416,0.012022010639297956
85417,0.01808137177812718
85420,0.004989198489366215
85421,0.001377033104103431
85422,0.13070454949506505
85424,0.16501210525917243
85425,0.004620802572423073
85427,0.006436231563330798
85429,0.01758290826382603
85430,0.02466782086886173
85434,0.02480763407195269
85436,0.14348872525643533
85439,0.002951333839796945
85440,0.0019209419262800358
85441,0.0036444440288727624
85443,0.0583940110412156
85444,0.006998648665331363
85445,0.1025615980744414
85447,0.003559241334910496
85449,0.027903605570244402
85452,0.002285731139022962
85453,0.009918386243464378
85454,0.013018768226383272
85455,0.0022301794594154303
85458,0.050411502153172236
85463,0.08603163436443942
85465,0.007224916578958825
85466,0.007982835056685268
85469,0.0922719156630634
85470,0.01268949649922327
85471,0.004144109288842832
85474,0.0016300315788269988
85475,0.020551173361067362
85478,0.004679264525332105
85483,0.08229992926916833
85484,0.0661608226854983
85488,0.0030079401878564892
85493,0.023886139961552554
85494,4.149495729288961e-06
85499,0.01879031316716376
85501,0.014886728613467458
85502,0.0019038608702328923
85503,0.0088293176987722
85509,0.004331472797670134
85511,0.02571335873142389
85512,0.004106854539796651
85515,2.922237016822344e-06
85518,0.15664344197651014
85520,0.003647348212326705
85521,0.006028451622493876
85523,0.018052224324887445
85525,0.004424477775796381
85527,0.1458009579165566
85528,0.0023685153954065277
85529,0.0014183296421043808
85532,0.05058948785031234
85535,0.08073453983203138
85537,0.03839317370581948
85538,0.0056437997383998705
85539,0.019570027243658212
85540,0.017199414685679572
85546,0.0023231094984659225
85547,0.030604678143753825
85549,0.02573031477330908
85550,0.0024206363557036713
85551,0.00439194407911684
85552,0.130118065249647
85556,0.010373667602211065
85557,3.011029330761647e-05
85558,0.009557917329168981
85559,5.199425788523156e-06
85560,0.01991352813775379
85562,0.007079902012418673
85564,0.06046375424317856
85565,0.023112712843901113
85566,0.07169246817534793
85569,0.00033233076791459393
85571,0.004766833977371283
85576,0.07702476759064832
85577,0.008853981792107425
85579,0.005865601811272339
85588,0.0002097632705071612
85589,0.04854288169032733
85590,0.027461753453752864
85591,0.003167953315829565
85592,0.004578423962430371
85593,0.0019850630401633414
85595,0.08122843599748744
85596,0.0036787007197990247
85598,0.07376136671962531
85599,0.003462473139902512
85602,0.10445621337872822
85603,0.022121537311829118
85604,0.03160108687877586
85605,0.08242594573403023
85606,0.0422728534560686
85614,0.0032325194590550393
85615,0.00309808693136165
85616,0.10987353002665821
85618,0.08660589714755532
85619,0.14900724783665298
85620,0.005768853303809197
85625,0.003947403890834815
85627,0.023174877045650126
85628,0.009412078946023063
85630,0.003999321748072515
85632,0.0051982525550852005
85635,0.005599946255196092
85636,0.0033041946285327427
85640,0.025275866626711534
85643,0.29266133176469533
85645,0.007490415303616028
85646,4.0060438232343446e-05
85647,0.006114435088416521
85649,0.005516682898467209
85652,0.03817774682165506
85653,0.07730986684673499
85655,0.007130991582450724
85657,0.05264486553618289
85659,0.003277908101561171
85660,0.004141207374580913
85661,0.09235928638450011
85665,0.0021375217215615343
85666,0.009060782292734534
85667,0.0029862685117874118
85668,0.05782770318310334
85669,0.005058162749852555
85671,0.0036621789324002953
85672,0.015989696560161557
85675,0.117121964389964
85679,0.019678049090219626
85682,0.0010838961800931563
85684,0.004398944397146382
85688,0.1341810041101789
85690,0.0023970692082161045
85691,9.260455896078237e-19
85693,0.0010974777852902425
85695,0.0029507239772337763
85700,0.025220885821555475
85701,0.014555390445252014
85702,0.12604080706206033
85704,0.0038739561496264467
85706,0.0191916625559449
85707,0.12739884568236107
85709,0.003611664737086784
85710,0.03568644821288718
85713,0.004603921326487613
85716,0.005129533767548937
85717,0.004823030296209426
85720,0.011232210681696888
85721,0.1110016313610702
85723,0.042418123775644655
85726,0.11757512764825578
85729,0.0298236744678401
85730,0.004839579092473357
85732,0.004875187752958551
85733,0.009809151801648087
85734,0.037048907394779465
85735,0.006460365240553222
85736,0.018248916995468153
85738,0.0029141719839669523
85740,0.004427017280069926
85741,0.007384030191001026
85743,0.01863499961887593
85744,0.11193141643142704
85745,0.0350139533515186
85747,3.0087073205343203e-30
85750,0.005169459349462213
85751,0.0032960113057894417
85755,0.032952313298758
85756,0.0037619023531724085
85757,0.005768243075266128
85758,0.004230985277170419
85759,0.08808148161747976
85760,0.013694049465812236
85762,0.018052224324887445
85763,0.0232837178235593
85766,0.011135779928236618
85769,0.05447045447409762
85771,0.0037511683029833537
85772,0.003233033406383306
85773,0.005298631077357749
85774,0.1107585596710807
85777,0.000142834357223786
85779,0.154273758584478
85781,0.0030891363538189964
85782,0.009047753438846014
85786,0.06856540940751488
85788,0.027811778230927925
85789,0.1019244405530731
85790,0.004416560701356263
85797,0.00482126198922832
85800,0.007257223359906582
85801,0.0018753746094253296
85803,0.06576269319061943
85809,0.12198701243783677
85810,0.007844868704769154
85811,0.002537146829297217
85813,0.002986406192943805
85815,0.0026245755231928277
85817,0.019692457300068664
85818,0.0034657180933370837
85822,0.04933700650709448
85823,0.005204119706477759
85824,0.006131319196247679
85825,0.031969401497093215
85826,0.011436639918155161
85828,0.09795865376645611
85829,0.005991188320327527
85830,0.005052301894482534
85832,0.019285014171036938
85834,0.013694049465812236
85837,0.1451773013827014
85840,0.005379304444501211
85841,0.007323277332717194
85843,0.11370836609715046
85844,0.06937423603671214
85845,0.010650405795709039
85849,0.0037865068784950088
85854,0.033072392513351326
85858,0.02940586680161696
85860,0.0022600632057252303
85866,0.006333743707184209
85868,0.010645419847163863
85869,0.006025524103598895
85871,0.009361343143976523
85872,5.479206789064342e-23
85874,0.002985374465551245
85875,0.007206347110727559
85881,0.027423850251526903
85882,0.007588354329598135
85884,0.004514450776669367
85886,0.035240480928684814
85892,0.010129522388986489
85893,0.027955821135447874
85894,0.0062024352758902
85895,0.003953178392635934
85899,0.0014029021866596059
85900,0.005017948460810689
85901,0.0036737941088509554
85909,0.0004031764776623923
85910,0.00762255427339777
85911,0.017826953851302358
85912,0.13347606697014944
85913,0.011619762580449737
85916,0.006236370602585641
85919,0.006520666237718556
85923,0.13449281995626558
85927,0.00042918093013094723
85929,0.005583774389754799
85930,0.003413406001747182
85931,6.080127209625322e-07
85932,0.09621002315894736
85933,0.10977653597681161
85935,0.0003231249282971745
85938,0.022474000670626354
85940,0.0037926858186295384
85946,0.010939114227675507
85948,0.0033978909440393642
85951,0.018261194870666374
85952,0.003893451874985117
85954,0.004806891324268552
85955,0.003036598696879222
85956,0.06502168580438
85958,3.220749564630286e-05
85960,9.156435618352956e-05
85961,0.04046737698593762
85963,0.004216327793881563
85965,0.025559751164993146
85968,0.06353756910589144
85970,0.003954903720852864
85973,0.04873063182531741
85974,0.02525147210597636
85975,0.041076890454581814
85976,0.03298623019410352
85977,0.02214435696383821
85978,0.022490571661852473
85980,0.005307143857722133
85981,0.0034622229892537822
85982,0.004884394755624308
85984,0.00567246242714252
85985,0.00404751118633511
85986,0.002093324595259193
85988,0.026683982507097265
85989,0.003513248758547195
85991,0.01427766517334465
85992,0.004711824781932132
85993,0.0015347512908239847
85994,0.022238849172144016
85995,0.1160887090061014
86002,0.0035242964007820574
86004,3.762572749802198e-05
86005,0.006798150831783264
86006,0.10294689690957043
86008,0.014804737915360737
86011,0.03231368450909126
86018,0.0026517472216178025
86019,0.02195224559659966
86024,0.021952814867887766
86026,0.00041872113141647833
86029,0.13227752021998596
86030,0.0021980623385556954
86036,0.007147241157860943
86037,0.004967438617809213
86038,0.002273333350304531
86041,0.046735375518513964
86043,0.010226478609262641
86044,0.002790825442884463
86047,0.0006424220067530138
86050,0.026665274292483634
86053,0.022462353587522417
86054,0.043319387372450543
86056,0.002672850943448156
86057,0.019120157644019534
86060,0.0067125899593171445
86063,0.019762701211052856
86064,0.05766424807868031
86066,0.00578297713787259
86067,0.027167626233336736
86070,0.00041595102188804033
86075,0.008499983563862395
86077,0.027503329208998138
86078,0.02207862066565606
86079,0.2385985396387342
86080,0.023462498627104547
86083,0.028831191913753003
86084,0.05457372299071605
86086,0.04089300693165593
86088,0.011076152760098237
86090,0.006807478058018492
86092,0.004395331899811094
86093,0.00013923280076821385
86095,0.014043454788589616
86098,0.03617956171289869
86099,0.07260055537837964
86102,0.004357482313159202
86104,0.004887361958321103
86106,0.015953808720905533
86108,0.023577622640694722
86110,0.030457445905741124
86112,0.13971658911211043
86113,0.016909557908658543
86114,0.00818339807194212
86115,0.006659301508939866
86120,0.023158634312338854
86122,0.00021388851645948894
86123,0.10693281378873545
86124,0.004245141482229603
86126,0.003399919640491143
86128,5.266890829931173e-05
86129,0.008583088093833402
86130,0.08412964066590907
86131,0.021857604352375937
86132,0.0007460624303160629
86136,4.132532810412606e-05
86138,0.00418881640293639
86140,0.002948917551429254
86146,0.08676937075766307
86150,0.018052224324887445
86152,0.008599882120943945
86153,0.001907884135580738
86156,0.06430325961140027
86159,0.01981460565790697
86163,0.011052850033945214
86164,0.004530722290680936
86167,0.01282232334263747
86168,0.0034282224510285577
86169,0.0036540602351376
86170,0.028217964258118535
86171,0.013430373367775278
86174,0.006600024316210448
86178,0.0045746672868690694
86179,0.008396594941268301
86180,0.04955494779514705
86183,0.07856689180844421
86187,0.048024524841680294
86189,0.006882022107329517
86193,0.026203422493185136
86194,0.005168952008643005
86197,0.13335752853452348
86198,0.0037375158802444705
86199,0.002154523663328076
86202,0.06832126851537824
86205,0.003082822700897497
86207,0.004128581691399959
86212,8.048320928503736e-08
86214,0.005465149418892892
86216,0.020292799571406575
86217,0.0038872616918907118
86218,0.016968513260117273
86219,0.0243647140841448
86222,0.004271436548157402
86223,0.003035375787239658
86226,0.005414025299019456
86228,0.00289627028440424
86229,0.0048531762893707356
86231,0.00272167737720124
86239,0.014110882294859543
86241,0.0036593505647367418
86243,0.006758856507327898
86244,0.0029104775038900983
86246,0.00595056282892926
86247,0.005029732139979905
86248,0.0030363986420127863
86249,0.010027536481385236
86250,0.004033573062122265
86251,0.013742625300121663
86254,0.018047970932008054
86256,0.0019888698794340975
86257,0.008185168820105634
86262,0.02863345465822913
86264,0.05516299411535048
86265,0.0002451026184871856
86267,0.04251198015693114
86268,0.006878940822534787
86278,0.06845952437646995
86283,0.0004855355147501204
86284,0.011266000216244106
86288,0.02809761827185198
86292,0.0021902961131294103
86293,0.005872119203913949
86295,0.008005600760284124
86298,0.037073204993329736
86300,0.08756251833387096
86301,0.009046622154829894
86302,0.001610092269159771
86303,0.007615091378064086
86304,0.028486762652403644
86306,0.09375764624506136
86308,0.004194739356731003
86310,5.24126747515308e-05
86315,0.020607128085141698
86318,0.022596746203844508
86320,0.004143193962922745
86321,0.023986969249838782
86322,0.0034846296761630604
86323,0.15065107357384178
86327,0.02813052345025128
86328,0.00034505407337285707
86329,0.00010157587807894525
86333,0.0034317930967020785
86334,0.004955520063256409
86337,0.0027010657205828455
86342,0.004981032270899492
86345,0.02756517761074132
86346,0.015208638292029038
86350,0.004089245677325295
86353,0.007267479912814212
86355,0.0030363986420127863
86356,0.01947265826217869
86358,0.047071035846650504
86360,0.06182472085640052
86362,0.10100336654469341
86363,0.015910306631668664
86364,0.150200045786821
86365,0.002793933044682152
86366,0.0029984284602591576
86367,0.03243989217288107
86368,0.00015935604177821637
86369,0.008010273602288032
86371,0.024482489988182067
86372,0.020366392242522204
86375,0.010681205830639732
86377,0.09682070353407482
86378,0.005897439464843113
86379,0.013444717983795922
86380,0.00300189638932654
86381,0.017206788053836852
86386,0.0037923500291396055
86387,0.008122954575554104
86389,0.1382857184977068
86390,0.04889439519625176
86396,0.14134908966795853
86397,0.10937746027095306
86399,0.002315209026249926
86400,0.004943640030738294
86401,0.027731145579523126
86402,0.0004117788684571952
86409,0.020802318774966765
86411,2.9252426465875515e-06
86412,0.0032204462269760895
86414,0.00562905575120652
86415,0.026994241854137457
86416,0.005832786632629248
86419,0.003483607809256504
86421,0.003825959151323839
86423,0.004534126417493673
86424,0.05059953664350609
86426,0.003607191333129638
86427,0.04412016049742693
86431,0.013694049465812236
86432,0.02532157422153357
86433,0.13450334616571544
86434,0.033268471949980775
86438,0.0013016496214229387
86439,0.0057737682297901455
86440,0.010863053519529712
86442,0.04218292122165309
86443,0.004394186387681198
86445,0.02366009453323279
86451,0.0024527543599411014
86452,0.004224151880889002
86454,0.021870512624879955
86456,0.1186688075879598
86465,0.003979607820692222
86468,0.004852557415611533
86470,0.005129327510834316
86471,0.002187019695787266
86473,0.03335827363694096
86476,0.016022940400952698
86477,0.13545747464970528
86480,0.016608258587505358
86481,0.029823019713804935
86486,0.0247055768883875
86489,0.003761983059418307
86490,0.0025244164417827994
86492,0.0037589671354689995
86494,0.0027748084815538243
86495,0.016738896967592815
86496,0.07541360752329096
86497,0.08715799457230926
86498,0.003278430111270481
86502,0.004926664113323877
86507,0.012603473955397163
86509,0.0024625144117159424
86510,0.011555033525929237
86512,0.009101447874020788
86513,0.01961789155258511
86514,0.05280470335556728
86515,0.050708675409185465
86516,0.038728127177911305
86520,0.025569568970846796
86521,0.004097182605583621
86522,0.04816880053104956
86523,0.01858076879572046
86524,0.002989296350209074
86530,0.25267082327043205
86531,0.011835269131634789
86537,0.050768077029681016
86538,0.0016865147449566466
86542,0.020970197014548372
86545,0.0035519989570154285
86547,0.0064333274915251365
86548,0.000687266103070476
86550,0.010599542483655256
86551,0.003875999891611618
86553,0.002412514449581135
86555,0.12028239618541313
86556,0.0045961875037886235
86557,0.005415658831907112
86558,0.005535405085159007
86561,0.02427603772196875
86563,0.03753375655447292
86564,0.0016595384222328252
86565,0.02764455660135821
86566,0.0247116078846646
86569,0.011716442892738333
86572,0.04907499645814187
86573,0.002271502131923163
86574,0.040091220434303625
86575,0.025015865654782976
86577,0.012102506233573188
86578,0.14772348072621677
86581,0.020704302772453276
86582,0.0035116727737648464
86583,0.009543172830098067
86584,0.000986145467442304
86585,0.00305584722020304
86586,0.003036383975966692
86587,0.13233905581487582
86590,0.003882701920716217
86591,0.04148565240895206
86594,0.0031515750480077863
86596,0.0034206473652893727
86597,0.022517891545423736
86598,0.025472009482278624
86600,0.09915106939223939
86601,0.004109874049641634
86602,0.00134506971110236
86603,0.004717633127864125
86604,0.03222865781331247
86606,0.010692929124924297
86607,0.0071272605661327785
86608,0.0070632144281178606
86609,0.004281957871098586
86613,0.17729996803378453
86616,0.0039341462263851185
86617,0.020915272812081723
86618,0.003947512083324004
86619,0.0028923056996769795
86620,0.006154451030234046
86621,0.28797401894234526
86622,0.008591159408052274
86626,0.040611514273825866
86628,0.000739972139022427
86630,0.006081100624128574
86631,0.012115315532852352
86632,0.01513607874701646
86634,0.1336059824182626
86636,0.0014713752739788058
86637,0.004593923732059883
86641,0.004893969155987033
86642,0.003049983486001185
86643,0.008133400435746724
86644,0.003924191992485363
86645,0.0012018341476385708
86647,0.010179157582667044
86650,6.84450428804705e-05
86651,0.006026996651429563
86656,0.020607128085141698
86659,0.13524712367658642
86662,0.0038329878879401645
86664,0.13965470385554565
86666,0.007391671133473658
86667,0.005114225830269356
86668,0.06529416663927598
86669,0.008310193058648802
86670,0.024482489988182067
86671,0.006200385358300725
86672,0.003694083082915014
86673,0.021454572392917454
86674,0.09253649168877143
86675,0.0071743327596216445
86678,0.01787256220513184
86679,0.004600096791785863
86680,0.015053211674351853
86682,0.010741042808664265
86689,0.11837552623065445
86690,0.11121828465842794
86693,0.018136483691280226
86694,0.016689457473800934
86697,0.005230043413594
86703,0.013092588220481158
86704,0.008135429758902184
86705,0.003267768553854703
86707,0.01579069062301334
86708,0.0003026056139053313
86711,0.0025630375708313746
86713,0.05096479204217267
86714,0.018335828959594756
86715,0.0032720551988710666
86716,0.009172821515219594
86719,0.003934026222057006
86720,3.511170499705275e-07
86721,0.11434322388924334
86724,0.011568742745066531
86725,0.10057568506119012
86726,0.0022967978210645923
86727,0.09671597798635724
86730,0.006091429152237282
86731,0.0022837282521072358
86733,0.0021636005133653232
86734,0.01883538337601382
86735,0.12179649828202582
86737,0.005704521638862862
86738,0.002801451330648809
86740,1.9098839469893194e-06
86743,3.047576626482601e-11
86744,0.006264248029161169
86747,0.0030289870384052784
86748,0.0031182778016249075
86749,0.02773083474676552
86751,0.0005573497529499011
86753,0.03563974815018384
86754,0.002795369271964741
86756,0.0006086320141099572
86757,0.03755547371526473
86759,0.01987254806015881
86760,0.001977653779440813
86762,0.006535656504185032
86763,0.30469097730090294
86764,5.816102571777368e-05
86765,0.00386189068432961
86766,0.013545849894377395
86767,0.027311751363348048
86773,0.0038162148485364365
86774,0.0009065730739836662
86777,0.03442763774799493
86778,0.004134705684017084
86779,0.011941806125432919
86780,0.13337310878422604
86782,0.0026423210461511363
86785,0.003491791105509148
86786,0.01557495650443021
86787,0.004287136403247603
86791,0.028555611746597882
86793,0.0034151126920155027
86794,0.006379261865203876
86795,0.005812433505230526
86796,0.020447427422422646
86800,0.071231754755339
86804,0.002923109456119839
86806,0.003245703640570877
86807,0.01603432083483837
86809,0.07461572665254401
86810,0.0638920905500359
86812,0.004312726226881078
86813,0.06850509406652255
86814,0.01202807049660865
86815,0.016646293728267838
86816,0.018052224324887445
86817,0.0023006106751751803
86819,0.011200213952006545
86822,0.05092414539751874
86825,0.011857380022626937
86826,0.11096753532024528
86827,0.05957676723776777
86828,0.1298293181149718
86829,0.04498757513786595
86831,0.009711297518671586
86833,0.0005366385186482861
86834,0.017257288276117548
86836,0.004052210270501667
86837,0.009014246746954942
86838,0.006161660230986058
86841,0.01511742633228355
86842,0.004136516724471796
86843,0.13388905425447123
86845,0.026205098112090965
86847,0.020898257569432543
86848,0.0046502182652987676
86849,0.017259112395877355
86851,0.014626350960716013
86853,0.02102405495761546
86856,0.03942456887759684
86858,0.12827614507454452
86859,0.170198025237325
86862,0.07507020082399604
86863,0.005316031502685464
86864,0.01884748784399471
86866,0.0036070370983137135
86869,0.006714748862325983
86870,0.1472758667095424
86871,0.002955395928090414
86872,0.032859947719034506
86874,0.1420312510101783
86875,0.034506556540377174
86879,0.0335230738450446
86884,0.006323098401719133
86892,6.274762066717617e-05
86893,0.07196206754337206
86894,0.004098990206858995
86895,1.4610743527628158e-05
86896,0.004221022494313282
86897,0.024800725405308963
86901,0.005057223056079697
86903,0.032936328390674896
86904,0.004730757566924471
86905,0.0046221002370218514
86907,0.005099671297934986
86910,0.13428409942600147
86912,0.0036969534921736007
86914,0.0006128692276833786
86919,0.018575533091597464
86921,0.005045215500251227
86922,0.15879348292603312
86924,0.00414221749358068
86927,0.16938879304228052
86928,0.0064405487001818395
86930,0.010343010188482831
86933,0.005236047846097961
86936,0.0038665534834173908
86937,0.013994697802868066
86938,0.10617427501664115
86939,0.0030435583733558268
86943,0.07514401002777728
86944,0.1468130979553369
86947,0.006557927219329637
86948,0.06284144466332807
86949,0.0626867524585559
86951,0.008332889952326127
86954,0.13109767919235463
86955,0.0066453751662044576
86956,0.004845332741546862
86957,0.026400326501712763
86958,0.0600400246480685
86966,0.005934454881247663
86974,0.005824496091715257
86975,0.00037848849403796355
86976,0.18232940469931855
86978,0.0007390429867359543
86979,0.003092842422297638
86980,0.004293276052150412
86981,0.011618964090744834
86984,0.013341878215271887
86988,0.00465601627134059
86991,0.012500939322234802
86994,0.004311055421690236
86995,0.018052224324887445
86996,0.1346132644224808
86997,0.03193736468507942
86998,0.00018239037049339916
86999,0.07961551579759223
87000,0.023170947308270098
87002,0.0038908184814121583
87003,0.028132415184981992
87005,0.0007297934452830949
87007,0.005477599282837434
87008,0.004960838709553511
87009,0.08203983886577225
87010,0.0248640579992004
87011,0.016089034613296627
87014,0.11499894747183403
87015,0.009575100893151552
87016,0.14257524234514826
87018,0.018229551912248416
87019,0.010640951767916094
87020,0.0026368571272145066
87021,0.002994965478602894
87023,0.039754672667024545
87024,0.020607128085141698
87025,0.0007719115038729068
87027,0.020607128085141698
87028,0.0024672252255577183
87032,0.0388778933530637
87034,0.00022620964426080668
87035,0.022677900875708944
87036,0.1466621717052491
87037,0.019735837168602017
87042,0.10145757932483329
87043,0.10422946413499547
87044,0.021053708956853424
87048,0.0035900502192113713
87053,0.023316034374373653
87056,0.004112406651089661
87057,0.010851355128092263
87058,0.030253462348981658
87059,0.0041490960164697974
87060,0.036944368436482314
87061,0.02269135473741941
87062,0.0007452385059436759
87065,1.275313440991931e-07
87066,0.004307341700065198
87067,0.004103364369394292
87070,0.003135651600828486
87072,0.0023541692666607474
87073,0.003947514304970122
87075,0.008569463360827746
87076,0.0009469760543784978
87078,0.009019051681824796
87080,0.08887927177482896
87085,0.0277028532487067
87086,0.008137474609752957
87087,0.04129637260764072
87088,0.0641500571074311
87090,0.01066744329809054
87091,0.006732372910055983
87093,0.0031058055215153007
87094,0.1135488754871199
87097,0.0633838749725422
87098,0.11316292114350925
87099,0.003535017130451659
87100,0.003997857027249414
87101,0.0030952448031902214
87102,0.006074464061982764
87104,0.0022379797724118343
87105,0.0056609113101488955
87108,0.04892763240538538
87109,0.012810310300100092
87113,0.003353500726185396
87115,0.03133256380405284
87117,0.008390465467513096
87119,0.010024166364506265
87120,0.0035137310199595062
87121,0.0004698918913369056
87123,0.006212877917366814
87128,0.004162306027879757
87130,0.1346132644224808
87133,0.00254170235053969
87134,0.06086900963058049
87137,0.13347606697014944
87138,0.01709565181499576
87142,0.12650930154981102
87145,0.013440377478159564
87146,0.003947488667283578
87148,0.020860086044152924
87159,0.0029528291457714
87160,0.13426682038923188
87161,0.024276332039273173
87163,0.00016243551487042882
87164,0.008858663007754378
87165,0.001217244284442888
87166,0.006255939527602261
87168,0.03597720559201876
87174,0.0001902291034896302
87175,0.025816694563248352
87177,0.008635125234574124
87178,0.0029900330171924766
87181,0.10582278694742896
87185,0.0034624190725720014
87186,0.016577687531118854
87188,0.006894883595720481
87191,0.015370477465905285
87192,0.024482489988182067
87193,0.037332524628462024
87196,0.0020410216950263274
87198,0.021400111994080005
87199,0.003652625431827836
87201,0.019576426183047266
87203,0.0018923740934933023
87204,0.032168299363084234
87205,0.003666737322731282
87208,0.06769931688575408
87213,2.298308197849335e-05
87217,0.023130744915427767
87218,0.015048520272966565
87219,0.0016188763123235628
87220,0.009423887106074181
87222,0.12442977283006608
87224,0.0065073013654890315
87225,7.078178698748845e-05
87228,0.003693893043314327
87229,0.005292670965021268
87230,0.07077176971705583
87232,0.014066937487248316
87234,0.021827401759961614
87237,0.06688201198557012
87239,0.029697155030262504
87240,0.013023015489600068
87244,0.005243335682733143
87245,0.019119561000500326
87247,0.004682166418946563
87256,0.13486020983433822
87259,0.018860015549527646
87260,0.019923358758572856
87261,0.04871640216194706
87265,8.366424939960629e-05
87266,0.011745126146594979
87268,0.006789889040997777
87269,0.012195436548579847
87271,0.1190840385875383
87278,0.026665274292483634
87279,0.00508651818879731
87280,0.0002060262227019141
87281,0.08032867324506802
87282,0.009110811446498107
87283,0.002926957352180588
87285,0.11032735272770525
87289,0.003262525430664456
87291,0.09910686826370532
87293,0.13753702409955826
87296,0.002949876037192011
87298,0.12588066930675518
87299,0.0019719767088262528
87301,0.001118296700996438
87302,0.01709195628493583
87308,0.1663803180627069
87309,0.0004386502587472077
87313,0.003211356179310426
87315,0.017023782468224037
87316,0.02615854786365518
87320,0.0016031167757843759
87321,0.004379521278720145
87323,0.03301399913243022
87324,0.06318748074966585
87326,0.10568582834191546
87327,0.030555688379366962
87328,0.12720375048509663
87329,0.020643824503715612
87330,0.0034052782289279958
87332,0.11071172289126902
87333,0.002425785992355067
87334,0.007054663406801102
87336,0.07423374729221444
87342,0.019437631887892857
87344,0.0846015700553169
87345,0.01990641355738536
87346,0.0031841039533694816
87347,0.004054190441330886
87353,0.14393479498880044
87355,0.00793216690771657
87357,0.07760594081741873
87359,0.008877716980070496
87360,0.09320737316309378
87361,0.006093634090598392
87364,0.005527455566415855
87365,0.011179477755539392
87367,0.009089020235433532
87369,0.0810683876502296
87370,0.01741906017660662
87372,0.01360549280519
87376,0.007360730480954516
87377,0.0030364723723385373
87379,0.003036521526880638
87380,0.011370379435558194
87381,0.005971928940278878
87384,0.005193745707034574
87386,0.027914371639761053
87388,0.05433415951254631
87389,0.11112618495565815
87395,0.0039472471613775486
87397,0.005627047545255654
87398,0.003301125327999838
87399,0.02311584495148641
87401,0.0029968089573499754
87404,0.02044398433962384
87405,0.008543076085932036
87407,0.018330745774812633
87408,0.00388468558253476
87409,0.03158217317241003
87411,0.04258185185667545
87412,0.0011086609145769548
87415,0.0012150940153555624
87417,0.0048572177095935086
87418,0.0002572086955310448
87419,6.104686196269834e-06
87420,0.0038082289356441462
87421,0.005602865534970854
87425,0.06301452320978873
87427,0.04255270590542653
87428,0.0012329837689844365
87429,2.832905561919838e-05
87431,0.005596921066605908
87437,0.135551612799911
87441,0.017909003892116398
87442,0.02846077647992633
87443,0.003789695248411204
87446,0.0016660457124445976
87447,0.02928491415777403
87450,0.03652010904416202
87451,0.0012949021532238445
87454,0.010177614925056927
87457,0.027106767211730082
87459,0.012284988732635107
87461,0.08070453846711756
87462,0.002266970035880473
87464,0.018052224324887445
87465,0.03271552194350044
87466,0.011928861925178587
87467,0.0022533439842770757
87468,0.004790992791911045
87470,0.0007820271269747076
87471,0.05995621643960886
87472,0.006249743599617964
87477,0.029597299957985178
87483,0.0006036062802506089
87485,0.005552792843002187
87486,0.044877469826572126
87489,0.0015149088788193334
87490,0.14298628707322764
87491,0.010893591578481925
87493,0.025466865600287342
87494,0.0058669572278562745
87495,0.00316788545012197
87496,0.1149198706880826
87499,0.06327735594484482
87500,0.03522286784091801
87502,0.012133805095744618
87505,0.007849041217344433
87507,0.0009592119225305398
87510,0.04693713019703261
87514,0.004500172379575425
87517,0.0286370015274837
87520,0.00234087889835376
87521,0.04089613268173913
87522,0.007668272818189753
87524,0.025508605330066506
87525,0.0007347450735360935
87526,8.033638740949907e-06
87527,0.05584756898957202
87528,0.00252670782717034
87537,0.13337310878422604
87538,0.032368495645904306
87542,0.014075912472075099
87544,0.06182170754212763
87547,0.0015299682723244942
87549,0.06691089067106415
87551,0.018052224324887445
87555,0.003036383975966692
87556,0.10707302090943481
87561,0.42307869129379555
87564,0.0029461560129086
87565,0.03285846396851649
87566,0.02658994358141434
87568,0.016569082723836427
87569,0.0031811357183114466
87570,0.06248551417267551
87571,0.004414732851233366
87572,0.002273140338664703
87576,0.0046899790443658265
87577,0.0006691011458926281
87580,0.009097397091826541
87581,0.005731337196055478
87582,0.026240225486151736
87584,0.00010804510901230904
87585,0.009212829276954543
87586,0.0063834581316985035
87591,0.014713484079502723
87592,0.0057218446569486416
87594,0.0015287505552259884
87596,0.00014183538188791513
87597,0.005572289585345896
87598,0.0039854510770068515
87599,0.03606798765331425
87600,0.003947490888916572
87607,0.02773047426174179
87608,0.004500145700049574
87610,0.00011116855612671491
87611,0.06650300166881873
87612,0.007645125878326596
87613,0.0064817198215240904
87614,0.0027672327055698427
87617,0.0015480811921224614
87618,0.005024968818921691
87620,0.03300291258663679
87621,0.07758421187376413
87622,0.013824086347932146
87624,0.00809148340663669
87627,0.01687110366064264
87629,0.04050455060541676
87630,0.004654848360682865
87631,0.000985667937635821
87634,0.00391244152935189
87635,0.007087686679161915
87637,0.004440468896606812
87639,0.03898646258080104
87640,0.016385244019414096
87641,0.0012135924017681863
87646,0.018527074176808222
87647,0.04772184699525244
87648,0.016867589524466334
87651,0.01937676306679872
87655,0.023366595718578954
87658,0.0033980525859512835
87659,0.007384353593402913
87660,0.007484442697755565
87661,0.03185814918952366
87662,0.003877898878429326
87664,0.011930069080828885
87665,0.05214723156685882
87668,0.06491869135365604
87669,0.10445236804763679
87672,0.05522781330411527
87674,0.01960450453831965
87678,0.0038758377448910508
87681,0.007640452011218649
87683,0.005353624046403438
87685,0.0031414908284289893
87686,0.003130006220805024
87694,0.044758672080825776
87695,8.472772516943049e-05
87696,0.007252838420123091
87698,0.019383782016572457
87699,0.034637207761855374
87701,0.003780111468810123
87704,0.06615956462124478
87706,0.007784201766179982
87712,0.025843771941792104
87714,0.13224086227836374
87715,0.009724708621354688
87720,0.021062691144390574
87722,0.007744075708874697
87723,0.01187334796753796
87726,0.013679106493211513
87727,0.03400859894596866
87728,0.009201552028130038
87730,0.0031120946940727933
87731,0.009420010108415372
87736,0.023000025744076988
87737,0.012385017425523677
87738,0.03025708998269282
87739,0.045756385649538676
87743,0.04483280365838038
87745,0.004037723896570309
87746,0.015880042503251503
87747,0.00016634047147499333
87748,0.01117817484768774
87749,0.018052224324887445
87751,0.035657796096544535
87753,0.024549275786273857
87755,0.10056251659927956
87759,0.0016341737249862432
87765,9.323384550715801e-05
87767,0.0011580363681239852
87768,0.014695993877605383
87770,0.10258718444173291
87773,0.10608389050360179
87775,0.0034624003974934804
87776,0.004164948784891132
87777,0.0045626293974229595
87778,0.019623822472556205
87779,0.016388371196610057
87780,0.025068254867416952
87781,0.01265647497463119
87782,0.02208033813267333
87784,0.08272013215653505
87785,0.0036868923096034477
87792,0.0029194133476795584
87794,0.011914718496172498
87795,0.09519313905335548
87796,0.0044998680044333345
87798,0.004634764647717155
87799,0.0022248572178266896
87804,0.003108226713649326
87805,0.011046245039374682
87806,0.002477232848660942
87807,0.020607128085141698
87811,0.012587141571112908
87812,0.002395986505520259
87813,0.04007576600494133
87819,0.017823650986156778
87820,7.677260558583046e-07
87822,0.005969835534185436
87824,0.00961230586415592
87825,0.021922389180355824
87828,0.05062402368455174
87831,0.017172079437534744
87833,0.025007713187802993
87835,0.0029348194529430494
87840,0.024202127029122195
87842,0.000322374552756225
87843,0.011408505847191247
87844,0.05071149516138625
87845,0.0636005330998319
87849,0.013672805018646032
87850,0.025797335274710703
87851,0.00529985793508452
87855,0.003301460307435504
87856,0.046233961969650864
87857,0.09713768724963624
87867,0.010677680635941088
87869,0.13361553628512396
87871,0.020607128085141698
87873,0.006683144151973757
87876,0.00011741260032531879
87878,0.0034575367729985378
87879,0.0013306599116813351
87886,0.00740614544006683
87887,0.002618848602942318
87889,0.01727385938469973
87890,0.004818595963392246
87892,0.022331996781639957
87894,0.0022687076285892544
87895,0.0021606314655108452
87897,0.029982749176418466
87898,0.002203871689200868
87901,0.0024256342079024174
87902,0.008725845756304392
87903,0.005198591369946298
87904,0.13944850428151231
87906,0.1338122466373768
87908,0.039858118305673214
87910,0.07582618664956364
87911,0.03795866055219217
87913,0.0064429587502080905
87914,0.0706614408204129
87915,0.0023071431179130363
87916,0.01137440981497697
87920,0.015974711521192647
87921,0.004194484501922452
87925,0.005556706388501752
87926,0.03519013196664843
87927,0.007138035541205791
87928,0.03440527244408891
87932,0.0026120731251786846
87933,0.03491802834069621
87934,0.0037690485778918157
87936,0.0008745636877305602
87937,0.013694049465812236
87943,0.11801956053818258
87944,0.00015660583629735088
87945,0.04406090807579219
87947,0.0019696946165039847
87952,0.023980733118904477
87953,0.01855178092908273
87954,0.002957732070773551
87958,0.004579306991734868
87959,0.12646407239670374
87960,0.07708566965454795
87961,0.14255762272198808
87963,0.002273140338664703
87964,0.04919158032069732
87967,0.0030349183259085685
87969,0.0053451239404420986
87972,0.016769336063416764
87974,0.002469938750103359
87976,0.059999261860928924
87978,0.08279984394692484
87981,0.006071213923486433
87984,0.008499753050149984
87986,0.02170478195078054
87987,0.0012404345440201923
87988,0.0049250547097366894
87990,0.015797269405363943
87991,0.003882917100187852
87992,0.017117761437450488
87997,0.0049342447068566895
87998,0.0034016895020844195
88000,0.004095484511129708
88001,0.21344509542448162
88002,0.004623722981452073
88003,0.0006380728878829395
88004,0.00875697459987255
88005,0.03309818177150405
88011,0.050251888926462165
88013,0.004264223770396687
88014,0.04190017080227155
88016,0.03546753730958678
88017,0.000774370078753542
88023,0.021738541750324265
88027,0.003775126865091319
88029,0.004101566088094168
88030,0.05940842053779257
88032,0.029642137035948535
88033,0.006998205960375616
88034,0.01961719277518824
88035,0.01783573031711348
88037,0.009243845259464588
88038,0.0342772879868077
88039,0.005949440877254954
88041,0.003291887866998719
88042,0.0038042610482998773
88044,0.008540331193857754
88046,0.004895097955146101
88048,0.012342810157531792
88051,0.019657451267776505
88052,0.004687817100656107
88056,0.024837446714497603
88057,0.007134031944619655
88060,0.020448903499020184
88062,0.003115926635305014
88064,0.14060508579620276
88068,0.019809619055404407
88069,0.001394322827141023
88071,0.004960043687912895
88075,0.014281220065596725
88076,5.904737163939745e-05
88079,0.02045935770992193
88081,0.1416539856849433
88082,0.02249121636155198
88083,0.0404939119376411
88084,0.026092980347171942
88085,0.03432541193814251
88089,0.01592741896258609
88090,0.043049704827739746
88091,0.2648223945036587
88093,0.13457636819304972
88094,0.0013036774050031626
88098,0.026946858904119225
88101,0.006233954789885407
88103,0.00404069415819779
88104,0.0025395857580115104
88105,0.014055579310163723
88106,0.003150075454799759
88108,0.14057011113756943
88109,0.015244860751626054
88111,0.004626846839303355
88112,0.015299753936925347
88116,0.0026832475851292343
88117,0.009579915533260585
88120,0.038370952235067014
88121,0.07794304441461321
88122,0.052390343137857384
88123,8.08933721141097e-09
88124,0.0038469396667824667
88128,0.005974680206980708
88132,0.001062682859412583
88134,0.03762432870851256
88135,0.021359062872716994
88138,0.0036770858871760597
88142,0.01663629597244654
88144,0.002429755451549474
88145,0.008754909781268664
88149,0.0026305266965751853
88150,0.019092692253928883
88151,0.3114085282389378
88152,0.0024819924575241997
88153,0.04695227864646884
88160,0.015625765341710937
88164,0.0029862764150018974
88171,0.0031963007481911956
88172,0.0009083264856589797
88183,0.006356301448680761
88184,0.018475589018103634
88189,0.005494497240104534
88190,0.03842943892019977
88192,0.15656265255172544
88193,0.03349250083182952
88194,0.01525930595496823
88201,0.005275341724589826
88202,0.0012813049372882852
88203,0.021215082520040177
88206,0.0008924352480472367
88207,0.058051429386201926
88210,0.1318014157448962
88211,0.151171801634412
88212,0.008330166901268957
88213,0.0003728506299584684
88215,0.021401706823011055
88219,0.0020368202650586555
88224,0.0017899998273981656
88225,0.0034182270057195167
88226,0.018052224324887445
88227,0.004885090440813541
88229,0.003243118668003914
88230,0.052679823645969626
88239,0.0034162365480115272
88243,0.004177079919339963
88245,0.02069809861794836
88247,0.04770107611414949
88248,0.0008790570166565877
88249,0.009544346137269375
88250,0.009836508481254285
88252,0.14977462374314698
88253,0.0036380275371671457
88256,0.0005885100780299673
88257,0.024073656108932924
88258,0.03288717807039371
88262,0.008686081121175955
88265,0.0056879603254805355
88267,0.0025374348326543976
88270,0.0033865781951020837
88274,0.009672028745854499
88276,0.0019695884850388723
88277,0.0055625847745974615
88280,0.017901719217993745
88281,0.15181242204859433
88283,0.004877581569788161
88286,0.004476779963742622
88293,1.122285283870209e-06
88294,0.005987025412320445
88295,0.02742489172955018
88296,0.004305628441503123
88297,0.02976086516965688
88298,0.011680430081825184
88301,0.031103925511908208
88303,0.03460177878703813
88306,0.09582021232408036
88307,7.878394037273936e-06
88311,0.0012941679559192204
88312,0.05674279173942794
88314,0.0812037904008579
88321,0.045771041470967916
88323,0.026160154035565774
88324,0.005979649062791391
88325,0.0033129070805153612
88326,0.13671351400872497
88327,0.00958485956596381
88331,0.01489276157305513
88335,0.0006532252179958397
88337,0.03481671259549471
88338,0.0027412787480578
88339,0.0006836339651353884
88340,0.002299651409131012
88345,0.02760167333602604
88347,0.02743648611982301
88348,0.0026639088098568166
88357,0.00500093762629346
88358,0.019802823921442458
88359,0.014017159714384303
88360,0.004272255975510735
88361,0.0008389128632205345
88363,0.003590834249578954
88364,0.006861506826435029
88368,0.002091508356615818
88370,0.003964616219958601
88371,0.023436844825872948
88373,1.5194772987883594e-07
88374,0.0005578583694042589
88375,0.008080733535434646
88376,0.0015864578934896728
88379,0.00504915538757699
88382,1.4977483280357755e-06
88383,0.01132601151606715
88385,0.11280037986931052
88386,0.003318651852211445
88389,0.005203601126860367
88393,0.0034622043152291913
88396,0.11478658828506925
88397,0.018052224324887445
88399,0.004095498066180849
88401,0.00904589546797172
88404,0.0038468587417707263
88406,0.0030661242097710087
88409,0.002281624721610449
88411,0.08907365028850234
88414,0.00402822380219564
88416,0.005854366687012592
88417,0.13235684315680615
88419,0.20992257195678174
88422,0.017130001778742292
88424,0.0016027932830669678
88425,0.005455315707997422
88428,0.004962512784595052
88429,0.012945484774387783
88435,0.04312111834799242
88441,0.028405911617849295
88442,0.004565004295269842
88443,0.005798003130452973
88450,0.02170524675240494
88451,0.0041950027385567685
88453,0.005633271249463508
88454,2.674657287692397e-17
88455,0.09131085061072562
88456,0.004036235900815794
88458,0.005394891439275888
88459,0.006080578126757739
88460,0.044303212846714624
88461,0.006461837929236223
88462,8.205007963740733e-05
88463,0.00288836185005654
88464,0.011653397087936663
88468,0.003363914246232418
88469,0.0030311453580110725
88473,0.0059426557414358865
88476,0.0031431897196463284
88477,0.04446950186571952
88478,0.0027043343089934078
88480,8.835943888481524e-06
88483,0.0277271025932191
88485,0.0064538793899138
88487,0.013867144745868098
88488,0.0036581345635354747
88490,0.0013738780568021405
88491,0.012081360919554581
88492,0.0017661366336498546
88493,0.0024191997424237006
88494,0.04481592987194348
88496,0.03283605387368866
88497,0.02324318990199591
88498,0.0006927159834371736
88502,0.012627953262723701
88503,0.0026613194345790304
88504,0.018052224324887445
88511,0.0017205585987774882
88512,0.041632788073486804
88513,0.09210948618906246
88515,0.023754269411752377
88517,0.0030895512521876937
88522,0.008775972454139065
88523,0.004195966008621212
88525,0.0029573124268115186
88527,3.09981238528807e-07
88530,0.02714406748295622
88531,0.0059694217901606755
88536,0.03175874716495716
88541,0.0232238485182679
88546,0.02620225702729518
88547,0.017499323676242302
88548,0.012882870360695223
88550,0.005867397005359303
88551,0.0034885397634851676
88555,0.0005678581777563146
88556,0.02405160386816948
88558,0.005933976461279299
88559,0.026497902132927922
88560,0.030592083045882634
88561,8.743791759245365e-05
88565,0.00897482293423844
88566,0.08866487475245945
88570,0.013603369460677408
88571,0.0022556445764680077
88572,0.05063052150982954
88573,0.001135088008579557
88574,0.003409085376440457
88582,0.003957439761513038
88586,0.031696605365461254
88588,0.00933261545312039
88590,0.026264255893852822
88594,0.10825992834214491
88599,0.004734790713707185
88601,0.036056602409106325
88602,0.0004745015502309333
88604,0.0020952284265720873
88605,0.005133371850808374
88606,0.00695198873214161
88609,0.0055419469992336965
88611,0.07574749094308614
88612,0.004386853027973549
88613,6.098281588774102e-07
88614,0.01195479128116276
88617,0.0021312573222702857
88618,0.003916336275978836
88621,0.04089093589843637
88624,0.002977864872434767
88627,0.007378718973716123
88630,0.0041706258685897096
88631,0.11840402338186387
88632,0.001025229403959768
88636,0.005624894848815973
88637,0.019617695276877
88638,0.14372463380590836
88639,0.0025666618719362463
88640,0.03243563788036254
88641,0.004076024673539561
88643,0.037488117149300344
88645,0.0003597117818773674
88646,0.004445086086407879
88647,0.029059216162941066
88649,0.14501973238662222
88652,0.2034337259389683
88653,0.003462377805607087
88654,0.03440527244408891
88655,0.046605033673660964
88659,0.005357149167265161
88660,0.0021701926499376337
88661,0.06040340254160845
88662,0.00861460295077029
88664,0.0036358544470559296
88666,0.12122905533248506
88667,0.0349277598042928
88670,0.0024449944124381095
88671,0.05063126981814915
88672,0.003984626505710486
88674,0.02550340363286249
88676,0.020607128085141698
88677,0.01831722580614882
88679,0.02476689632918462
88680,0.032345220278053775
88684,0.00014402336571102853
88688,0.003988578387132329
88690,0.0046229703418511564
88691,0.007892123176295477
88695,0.10265499626082177
88698,0.0030041818767956928
88702,0.0024039286903499023
88703,4.2791171135699556e-05
88704,0.003037057333223366
88705,0.020016225553061637
88709,0.03359068672420302
88712,0.0028616504209215705
88714,0.025704367033834337
88716,0.003299096788857784
88717,2.841647537655867e-05
88718,0.004153422993430897
88719,0.1681667030275508
88723,0.01359368365846159
88725,0.022014682115354504
88726,0.03877427738711327
88728,0.003432036755975088
88730,0.13995008785843815
88731,0.014162341296109531
88732,0.012157038076091534
88735,0.018052224324887445
88736,0.008543132922688448
88739,0.014942684195012
88740,0.0401784593091829
88741,0.004611564202716303
88743,0.003193809827161328
88745,0.003462452506037705
88747,0.0032370935424294437
88748,0.051328554554269205
88750,0.04332715894453994
88751,0.01597170668081069
88752,0.09888863294003528
88753,0.003997048574382633
88755,0.07775425071256162
88756,0.15803734155878432
88759,0.04083021163293818
88761,0.0034153259065287473
88763,0.047191532387414636
88765,0.03623392824894818
88767,0.01236718322964338
88768,0.003034900232205264
88769,4.878490485125143e-05
88770,0.003124058503402047
88771,0.008039895950871961
88773,0.12761123876400954
88776,0.004892083230292306
88779,0.014169024796734497
88780,0.003793184426757007
88781,0.07710244178011269
88782,0.056113755932779216
88783,0.001073015734378777
88784,0.013285670280457506
88785,0.004816821069282443
88786,0.13163026235090172
88788,0.03012809319226685
88794,0.0032371187103232076
88795,0.11629462298988122
88796,0.00022195385386303195
88799,0.06185050762113604
88801,0.002421223799534188
88803,0.13002701703370248
88804,0.0036038975842976407
88807,0.0013082860423440582
88810,0.0018660597168722712
88811,0.028811346212141303
88812,0.008183731720296818
88814,0.004782907042776247
88816,0.0036919313692393785
88819,9.786311263080176e-06
88820,0.012061378297244355
88821,0.015925470286279764
88822,0.002287571688574182
88826,0.004190331273841112
88827,0.011366994676467573
88828,0.02346336918711913
88829,0.0040469056763617365
88831,0.0879134971632662
88832,0.0244176142540743
88833,0.005313358921670289
88837,0.005165913931859359
88840,0.0006664310667325041
88841,0.02952275567342889
88842,0.0059875828079631955
88843,0.007194624196819601
88844,0.018052224324887445
88845,0.06406335040306921
88847,0.006856363051640364
88848,0.004650795615123725
88850,0.0022369384481133827
88851,0.005663100223896292
88852,0.004203844824068756
88853,0.003156509199011636
88854,7.198401035442503e-06
88855,0.022164795339836427
88857,0.0150897298202063
88863,0.018555505279986728
88864,0.019027797355467477
88867,8.605411634331819e-05
88868,0.005761442536944376
88869,0.009190041073694505
88870,0.010143622380643931
88871,0.009097718400957792
88873,0.021230886092502142
88875,0.0062252089453723
88877,0.00019095697208797773
88878,0.012355929580664357
88884,0.003580067356128412
88885,0.013096847514127142
88886,0.004500099935168555
88887,0.05067917025090282
88888,0.020786181137556575
88890,0.0003476207552716172
88891,0.03932930102514141
88892,0.006910152634988052
88893,0.024482489988182067
88894,0.005327720793190101
88895,0.020108692725345146
88898,0.038179327851089594
88900,0.00666370781629939
88903,0.0037496221567984434
88904,0.08749874841953757
88907,0.003422879164294169
88908,0.003868625834066719
88913,7.771314265306685e-19
88914,0.004100276980105944
88915,0.012541250543248556
88917,0.12878087584898668
88920,0.020607128085141698
88921,0.012305177656536439
88924,0.014685527782261149
88926,0.00797201596088355
88928,0.0003808421765780821
88929,0.01931348865767521
88930,0.0021825048077730937
88933,0.1346132644224808
88934,0.00428990761146603
88936,0.03440527244408891
88937,0.004528446323237359
88944,0.007761665351712656
88945,0.020972623009213622
88947,0.0017970677446136265
88950,0.06174883413880961
88951,0.05993816429103332
88953,0.004483356660836075
88954,0.003234058374704895
88958,0.03647640916042893
88959,0.05882804154701699
88961,2.423591814372104e-05
88963,0.004490040204637181
88964,0.09526589947288298
88965,0.10583883627075359
88967,0.07591928165340775
88970,0.032134574321614845
88972,0.003360003301813506
88975,0.0030533006593004707
88976,0.008473809648988773
88984,0.03909301963347288
88985,0.027529920348025604
88986,0.023462498627104547
88989,0.0054930416379670235
88990,0.1872141091487458
88991,0.03564430176667311
88994,0.023126771409766517
88995,0.02915934534251127
89000,0.03774576270214294
89006,0.008445493345719144
89007,0.003405226073464265
89008,0.008299192501810536
89009,0.0030364068341830557
89011,0.020490261696737577
89013,0.004692974284176118
89015,0.006594560217908003
89018,0.14223531253428473
89019,0.009717358057541639
89021,0.13363892326558433
89022,0.018052224324887445
89023,0.00023883214525587473
89025,0.08710262600082827
89026,0.022013170292727702
89028,0.12894904474029523
89031,0.0036344836136771638
89033,0.02552167248962626
89034,8.575530962840901e-05
89035,0.0017554289020429831
89037,0.046348893329137476
89041,0.03374428321310798
89042,0.03540842143278115
89045,0.02506163069457802
89046,0.030563211298891606
89047,0.0034624077765497275
89048,0.0003022712139367519
89049,0.012538849012998904
89050,0.003683865340306738
89052,0.00021787093388080282
89053,0.0017782414488584258
89055,0.024208528633614734
89057,0.009434443356398339
89058,0.03471953334115313
89059,0.018052224324887445
89061,0.006761792014389161
89063,0.20222226850384478
89064,0.13905292543512077
89070,0.005171264231267424
89073,0.02818728735994455
89074,0.11907483348222449
89077,0.04409488188526373
89078,0.11040802239997748
89082,0.00585165946247548
89089,0.010468312938436773
89090,0.003383489623079319
89091,0.0030816426140124705
89093,0.001472671733695307
89097,0.0020034726358138947
89099,0.11150079899663114
89100,0.014445121345476736
89102,0.05959745256013032
89107,0.10460499667916395
89109,0.0413599422357293
89110,0.005588976500560498
89111,0.0021447641597882173
89112,0.05109186003826424
89115,0.0961944549103327
89117,0.004140424688120205
89118,0.025940661431605786
89121,0.009498376053567492
89122,0.00028390938146449486
89124,0.003825231625678289
89128,0.13630420489939027
89129,0.006408327172410851
89131,0.0018685257301792443
89134,0.01482418854374397
89138,0.00302335617261984
89140,0.008370363664886384
89141,0.12646407239670374
89147,0.12939268752850064
89161,0.0241269232221342
89166,0.03644376241106917
89167,0.08971894132257839
89169,0.009915527369977212
89170,0.0030131204663776754
89171,0.0019143719769989561
89173,0.007045081091537087
89176,0.004778682206472301
89178,0.005535855228725658
89179,0.14565328775389005
89181,0.1087498384947547
89182,0.006838465401971969
89184,0.035006053423809746
89185,0.01673331962548099
89186,0.021820531894474225
89187,0.003135101174207895
89188,0.0005901912909525535
89190,0.36781054816099495
89195,0.1629241436279678
89196,0.030877731032161477
89197,0.07688946232495453
89199,0.0031553237287052
89201,0.002586963030629095
89202,3.0697781937578436e-07
89209,0.01051585409043662
89211,0.04435155341604186
89213,0.004508563360931627
89214,0.1330050403960079
89215,0.002480338604940273
89216,0.014279015767058967
89218,0.020654529663328293
89221,0.001136562810610026
89222,0.0030314087816256862
89225,0.043764407541551746
89226,0.018052224324887445
89230,0.0386077249347682
89232,0.033143349541103546
89233,0.002986406192943805
89236,0.0045403756634061505
89238,0.0037545564884275437
89239,0.006539166578192408
89240,0.12852855252350145
89241,0.03523008737235641
89242,0.02573879888381034
89245,0.005445852547306164
89247,0.09716421949697202
89249,0.00908296199588361
89253,0.15099527414862338
89254,0.015947514639914343
89256,8.945058878833041e-05
89257,0.02442958754384746
89258,0.009214221016605828
89259,0.003947488667283578
89260,0.0025702943862664263
89262,1.1406073218519173e-05
89264,0.03416009483128342
89265,0.021283279663161535
89266,0.008602828714096263
89271,0.011116547079281692
89274,1.139781659231962e-06
89275,0.02219480451049031
89281,0.00574439250593057
89284,0.0023006045711055946
89285,0.009697334438664933
89287,0.010178522622692246
89291,0.056786022037808026
89292,0.018568951049217502
89293,0.046156279506802796
89294,0.0003120344988083872
89295,0.13217239449624857
89299,0.14319621723457213
89302,0.007505521442848202
89303,7.197994994587492e-05
89305,0.03006662677626799
89308,0.0031744208654642374
89311,0.007110638431046084
89313,1.7279696595265027e-07
89315,0.005747473970277248
89316,0.027831564393679824
89318,0.018052224324887445
89319,0.006408638399612855
89320,0.006371759201233384
89321,0.001529938168482917
89325,0.10814685060532543
89327,0.08372748036304391
89328,0.054511561075706476
89329,0.0032615985886191006
89330,0.04018651434758365
89331,0.01918597064437002
89335,0.0021693742153378625
89336,0.03305969583692623
89338,0.03032863872111961
89339,0.026121752840221488
89342,0.014001561400006381
89343,0.018052224324887445
89344,0.005597920948705534
89348,0.0033222885271834406
89349,0.00358731468162727
89350,0.0006581533711955854
89354,0.03909301963347288
89359,0.005754688928205448
89362,0.04204054029913633
89365,0.023432577882625854
89366,0.0038911810242353395
89371,0.10978276060360684
89374,0.003433497150042878
89375,0.029003090387232897
89376,0.003992004139050461
89380,0.15469628846529418
89381,0.003268476400286941
89384,0.007378887084061777
89386,0.3648148031073117
89387,0.0037666336808603548
89388,0.0034087535394081085
89389,0.08990914754459546
89390,0.004522822354441911
89393,0.009495317266251677
89396,0.13206544281043714
89397,0.018052224324887445
89402,0.005678226778692986
89405,0.008911025715606794
89407,0.0030635271735430375
89409,0.002112246103856737
89410,0.02443450890905446
89412,0.008187344292309679
89414,0.024293051250526033
89415,0.0058810089685018664
89417,0.0010854287938304888
89420,0.0069461401065982736
89421,0.007998648274224076
89422,0.003967415678046061
89426,0.01652215061579855
89435,0.09671597798635724
89437,0.019511543373847064
89440,0.004293679893618243
89441,0.15787534350065807
89451,0.009224623351022419
89454,0.0450499970085383
89456,0.006408638399612855
89458,0.008185326185067118
89460,0.002995879834924752
89463,0.0031910223647174133
89464,0.00041411639410649295
89468,6.63947233231537e-05
89469,0.045956625547745315
89470,0.008631052519724588
89471,0.1314046202871108
89476,0.004499979197070308
89480,0.0002200814599673463
89482,0.11273274774464731
89484,0.13795195504683247
89485,0.020851493247020833
89487,0.0015146953437741013
89490,3.828453220363832e-05
89494,0.00015469812410723451
89495,0.02466916102438852
89496,0.040051226422462276
89497,0.011038747202521095
89498,0.026211590884746477
89503,0.016475245483640325
89504,0.00762432497691038
89509,0.019676309034230077
89511,0.04023004503730077
89512,0.004229065394805902
89514,0.005120240405216094
89520,0.03736237536834285
89523,0.1587992016438801
89526,0.2371216010242202
89527,0.0033786934602115896
89528,0.004339393736420599
89529,0.01340151656909508
89532,0.0014565621115999283
89533,0.004998172670694913
89537,0.001541032933190151
89539,0.01153019410920181
89541,0.039756507448239185
89545,0.002793138288049589
89546,0.003636875180779079
89548,0.02787348166872731
89549,0.008080684232233452
89550,0.04939977379989266
89553,0.015139938327400121
89554,0.09387342331475937
89556,0.0029863238347267594
89559,0.023462498627104547
89561,0.0051053994690594216
89562,0.018996859510985106
89563,0.06000030093690456
89564,0.07960667991098876
89569,0.053651085743003715
89570,0.0041382583698088725
89576,0.012832516498348006
89578,0.03991412895403675
89579,0.009173719585659986
89580,0.004896285860198066
89582,0.13078948175382527
89583,0.005221240623007688
89584,0.00847931273057299
89587,0.004679738038665897
89589,0.02990258710347027
89591,0.012990322178991986
89594,0.02149366198136591
89596,0.015752923892424442
89597,0.001383237392969409
89598,0.038772382919199065
89600,0.030989697022202452
89601,0.09736199334068495
89607,0.002921562357602141
89610,0.023719274508030522
89611,0.01294777202344929
89613,0.032311394949955406
89615,0.00563173490641271
89617,0.014703200556545679
89618,0.007407938176398958
89619,0.13698270227451792
89620,0.015580839552960952
89621,0.003945631852601623
89624,0.02090495161646619
89629,0.004133524671554464
89630,0.00391570067050449
89632,0.0010683719272742177
89634,0.015825301026697765
89635,0.18822616074432091
89636,0.02500444142093481
89638,0.014452669899985181
89644,0.04435155341604186
89646,0.00914318468845082
89648,0.04024919129860564
89649,0.0034622284095638823
89650,0.004151488907427064
89651,0.0034622229892537822
89652,0.014673717667621922
89653,0.03292498050739984
89655,0.2296238192252389
89657,0.02249880572509548
89658,0.00916645510164567
89659,0.1437288022910067
89660,0.018052224324887445
89670,0.03308154520440124
89673,0.00026425168222921606
89674,0.0030225080449018393
89675,0.1559879822209871
89676,0.020555627957710564
89678,0.005602534995112844
89680,0.015291388695874831
89687,0.007546318177006472
89690,0.029538443841065923
89691,0.0007352721679822764
89692,0.022741074390856774
89694,0.0153009265121365
89695,0.07714001633518316
89696,0.0048535980088666945
89697,4.936245056972448e-05
89698,0.005689588735200394
89699,0.0037950743182424028
89703,0.07399447417235744
89705,0.06551139475824265
89706,0.018052224324887445
89709,0.10595544789596388
89712,0.037495575728121476
89713,0.007172527725134598
89714,0.12954252010559503
89715,0.02004043500047296
89719,0.008615994659150686
89721,0.007313137888854407
89723,0.007180755401738848
89725,0.004667150605586852
89726,0.026397300654611575
89727,0.04137502806314247
89728,0.019636875286928403
89730,0.03162982097937605
89732,0.008309697281956423
89733,0.005040412684411305
89735,0.0389439049388527
89736,0.00856381551180012
89737,0.004487229174309004
89739,0.016510509527234336
89742,0.03421408717308707
89743,0.007719924395758537
89744,0.03547387157046346
89745,0.0006467130964521562
89746,0.009024000327070188
89747,0.025340922730828826
89749,0.015786071385332046
89752,0.0043219942429937475
89754,0.008180848905888409
89755,0.027511777490648613
89756,0.006773039376208397
89757,0.030134473557491208
89758,0.045985824396619426
89760,0.007948083162246244
89762,0.004336946529582074
89764,0.05443575916835908
89765,0.007306664141725228
89766,0.022319734599144405
89767,0.015556781916594981
89768,0.004156445376922967
89769,0.007786439466094946
89772,0.01677595732644488
89773,0.0020655697944525005
89774,0.04288942493452838
89775,0.08073453983203138
89776,0.02874079902375549
89778,0.07552193046965758
89779,0.02533340951979128
89781,0.005899556271157512
89783,0.03305969583692623
89784,0.03087923955709101
89785,0.13425524552840498
89786,0.00645901184984752
89789,0.02039186611611741
89792,0.02673899369959052
89795,0.005128600307852902
89797,0.023778855170680485
89798,0.002265310946574952
89801,0.044548763831045786
89802,0.003355681311278766
89804,0.01802536216902368
89805,0.003755707964954037
89809,0.004275278856525769
89813,0.015800053573113468
89814,0.0012398251629144777
89818,0.002002477410594253
89819,0.008380874373896667
89820,0.1185387296331093
89821,0.17804885566141643
89822,0.003462213652228937
89824,0.008376755692533744
89826,0.0032811329875918082
89828,0.0029582877935190703
89829,0.02343443213890287
89830,0.13525207006804535
89836,0.026496049143618725
89837,0.006325481830435343
89838,0.010109565057553654
89840,0.10490313470161726
89841,0.003987538140294925
89844,0.0044541423849467675
89845,0.0012324917512405447
89848,0.0056742999609074
89849,0.006558006112920214
89852,0.006699588433935042
89855,0.002852450627277253
89856,0.004210883858975642
89857,8.160643559650414e-05
89859,0.0014602665391691579
89860,0.0038992030664555016
89862,0.04322430967416204
89867,0.0074793763094119095
89868,0.0030212192625440346
89869,0.006415918445560034
89874,0.002286751100849595
89875,5.866374418430172e-06
89876,0.004957563875098571
89878,0.0049248296605144065
89879,0.03600166358884919
89880,0.023592079391020714
89881,0.0030363904498645466
89888,0.00046758085011822673
89893,0.004287175838516492
89896,0.1348608084687236
89899,0.11213334199710373
89900,0.004816662917487202
89903,0.009171501394379784
89905,0.0017777473468583123
89906,0.10913158602714687
89907,0.004593801296659785
89908,0.009399447453704609
89911,0.005385879039302682
89916,0.004293640021436245
89921,0.013618981532050514
89922,0.05629740433478649
89925,0.13175117721746435
89928,0.01549023095184363
89932,0.024173899930346413
89933,0.00906707724587439
89934,0.0029943813380158505
89935,0.01707800719549762
89936,0.007344921950927344
89938,0.02263569481460763
89946,0.03440527244408891
89947,0.006187442759811177
89948,0.007848359888826852
89949,0.02329623766932586
89951,0.0031817983438763497
89952,0.004358876966440211
89959,0.008062950924000467
89960,0.006321461789817877
89962,0.09528874585300176
89966,0.10382054746941174
89968,0.012589184282001556
89970,0.005424474890541007
89971,0.15980833849614154
89973,0.1389368776277402
89976,0.023153280753402235
89978,0.020607128085141698
89979,0.017763127717869198
89980,0.0029072382316071943
89982,0.04790689927338273
89983,0.017766605341208386
89984,0.01538631255210014
89985,0.006948380619411106
89986,0.13106390665883885
89991,0.008684364633965174
89998,0.09231825443950867
89999,0.0704018158425608
90002,0.002417227192603365
90003,0.031160578177609335
90004,0.003947406112420302
90005,0.00021905411612836248
90006,0.007541427463107238
90008,0.010854059848718817
90010,0.0031932452182962924
90013,0.003898207030636857
90017,0.2336771154433259
90019,0.004702973746346359
90021,0.010991693219600225
90022,0.0017917473309794186
90023,0.14077365952197346
90024,0.003001579051028298
90026,0.13538510210108035
90028,0.004757060523368042
90034,0.028779743853236537
90038,0.026237713008586166
90040,5.9984310669842384e-05
90044,0.1340316903781172
90047,0.005462347169306071
90052,0.03243154386070577
90055,0.12957487398781778
90058,0.005723787953965793
90059,0.008290321398468027
90061,0.004176148456295358
90062,0.03311360210480331
90063,0.005907340262849761
90064,0.0005996557919536179
90065,0.10598083581627271
90066,0.005976011327688879
90067,0.056161921795407056
90071,4.8767393844698746e-05
90073,0.0032643505627169443
90074,0.003480074887974822
90076,0.0013584067915996003
90078,0.004141165252596784
90080,2.6515479928061416e-05
90081,0.010909882910891452
90083,0.061939762040193816
90084,0.005000594078058803
90089,0.0028837286834222037
90091,0.008454407391557504
90092,0.14910522908702234
90093,0.11934921514984596
90098,0.08433378233315925
90101,0.004488878319916649
90104,0.0038808392559043984
90107,0.003052747223374267
90109,0.027839498404269733
90110,0.010708930533082448
90111,0.04071938052366893
90113,0.14230636378794728
90114,0.0310485048349795
90115,0.007243069264413428
90118,2.329796376059081e-05
90119,0.004206783915069473
90120,0.011935267376911503
90121,0.004862475519600644
90124,0.0030232833471030116
90129,0.005045405634880341
90132,0.003695870044085974
90133,0.019128592086130713
90135,0.010355131937912095
90137,0.00471015601936311
90140,0.01652439752649387
90143,0.003755214582144944
90147,0.004448027712656319
90148,0.08707873397585636
90149,0.025776872179892482
90151,0.03263919312902884
90154,0.0021366126789144034
90158,1.4115575189169215e-12
90161,0.12646407239670374
90164,0.003451215128120909
90166,0.0029209461661829222
90168,0.00504182865128854
90171,0.10362384119860404
90173,0.013079192196462735
90175,0.011204554841467543
90177,0.006476292883536229
90179,0.03457417510341411
90180,0.007600359285298094
90181,0.027324842232030848
90182,0.003058540228564178
90183,0.03936052242375983
90184,0.04234041382128344
90185,0.024482489988182067
90186,0.004800922034505111
90188,0.0036429071659024163
90190,0.005360911208502082
90191,0.0012256037425131692
90194,0.0007545234745918629
90196,0.008622679706827382
90200,0.0045648520156668405
90202,0.10539505782898635
90204,0.008641644554532167
90205,0.15131929494960333
90208,0.0023039997701791333
90211,0.2214924817953588
90214,0.00340534318200008
90215,0.00415145888516404
90216,0.0030314905701018914
90217,0.029775449986845184
90221,0.008160669644605557
90222,0.005668636819084921
90224,0.018052224324887445
90225,0.08041212966692694
90226,0.033874867946082333
90229,0.021627146356144804
90232,0.0031405981695571076
90233,0.022529308931614072
90238,0.11884648462075384
90239,0.002639931439733486
90240,0.0029379456880578476
90241,0.0026874242016281125
90247,0.014073519885473963
90248,0.02232174650501731
90249,0.1255011152954671
90250,0.005851539405176723
90251,0.004590991292993611
90253,0.007670196296676245
90254,0.1337689530590137
90257,0.004593481254999835
90260,0.024955007576977745
90262,0.012384633797351675
90264,0.001311234605321281
90268,0.020401978773005883
90270,0.014804124258393394
90272,0.005662613206564661
90275,0.005948792051715351
90277,0.008895491411379451
90278,0.012484667095490263
90280,0.02240789244155076
90282,0.021117055326755542
90283,0.003947353128031016
90284,0.010075542817403162
90286,0.056798277298634695
90288,0.0006354125829406365
90291,0.08941188991834412
90292,0.01330612690591443
90293,0.009835509900225628
90294,0.0054546148454516575
90296,0.11185353039958375
90298,0.14836881839274707
90300,0.015132945999486072
90301,0.09713326473922115
90303,0.0015316656192641612
90304,0.015093338511116616
90306,0.00294471219842654
90309,0.13805853344088248
90313,0.05407605122544347
90314,0.1086245093089734
90315,1.8734659074085808e-05
90316,0.014890938583046484
90319,0.02534211861190043
90320,0.0027845186622737356
90321,0.003051584961363064
90322,0.0035175117193283153
90323,0.020985984622321024
90325,0.008850464801208215
90326,0.0013862050078674618
90328,0.00013850785350531236
90330,0.007469207406580747
90331,0.11823297351028329
90333,0.09659349859420693
90334,0.006041846404529717
90335,0.05228263784482242
90341,0.0022506820407773463
90342,5.605174584840631e-05
90343,0.07767145813797079
90345,0.00015853433177585884
90346,0.0008645569188276803
90347,0.059035376631842176
90349,0.02086091622968326
90352,0.0041251479272343345
90354,0.018052224324887445
90358,0.004410836776387224
90360,0.0006330040752201883
90363,0.004231337522407249
90364,0.03670911443918254
90366,0.002780963860326888
90369,0.01694058454117286
90371,0.02504451236906041
90372,0.002261631721896261
90374,0.003036598696879222
90378,0.014168980209030058
90379,0.010900117595442021
90380,0.007578637445728161
90386,0.002709903832335833
90388,0.024973960736781164
90389,0.0015179590713072012
90392,0.05795650238533603
90394,0.011918680785022296
90396,0.0024705717679251336
90399,0.006319156944333875
90405,0.06297590267033049
90406,0.0817016212262717
90407,0.003391890857542458
90408,0.0012627438515393132
90409,0.016121842570387852
90413,0.006986922369376246
90414,0.015323152924665595
90415,0.021871536926920357
90416,0.01366112830647531
90418,0.1198952842844886
90420,0.010181317256037093
90423,0.3522779606359559
90424,0.06376894528244281
90425,0.09114214325362686
90427,0.009836508481254285
90430,0.07712869687435572
90431,0.03989913691303502
90432,0.007139247537037617
90435,0.025158763620267182
90438,0.03591638358298195
90439,0.0007246217074736175
90440,0.029218634823403776
90448,0.004500066244615793
90449,0.03815875273411714
90452,0.024778224871967836
90454,0.013881505364537809
90455,0.052370081814857534
90456,0.018052224324887445
90457,0.0524134499222392
90459,0.0561058046064191
90460,0.042272208606999144
90463,0.010149347770178332
90468,0.04082266732638315
90469,0.01507543044390484
90470,0.006311988385002152
90471,0.08673628325282394
90473,0.06089190777304934
90475,0.05964970730049839
90477,0.03576932653377995
90481,0.004929311203421756
90486,0.0023593099400844014
90488,0.009991171039070445
90489,0.11279873305287423
90493,0.0030413804588343813
90495,0.14964661110627536
90496,0.04908668422480033
90497,0.004542951158577263
90498,0.002046962062043816
90499,0.07761326764707653
90503,0.003073861733995151
90504,0.007566063265024229
90508,0.09686741218149526
90513,0.0021003020801678937
90521,0.0027518463791837916
90523,0.0337612882572779
90524,0.005706724280601624
90525,0.006501051310423035
90527,0.14162351354449393
90528,0.15358105728576768
90530,0.017190399753123052
90540,0.03447958608539273
90542,0.010248172407193572
90543,0.00012012028696557756
90544,0.004138402778667424
90547,0.01232898762081442
90548,0.001016421639896765
90549,0.019812146354458514
90550,0.11827066615248351
90553,0.004673329816051059
90556,0.0017397753002908229
90557,0.005127699747352748
90560,0.0874003882074543
90562,0.013694049465812236
90563,0.002784784808241477
90565,0.002667546589324834
90566,0.1383530267518607
90569,0.2328551146365198
90579,0.02170524675240494
90582,0.12516423140704597
90583,0.023462498627104547
90584,0.011125725701186874
90586,0.006156341741999105
90588,0.07967110976203343
90590,0.016344801277443612
90591,0.004588623195261606
90593,0.004051382357096796
90595,0.03214772719171315
90599,0.00744936818615299
90601,0.0017820552275296306
90605,0.07631996271775972
90609,0.024225264391120594
90612,0.00552902034958917
90613,0.0037978790610692457
90614,0.005629434314679302
90615,0.007698997991805101
90617,0.03479294869345174
90620,0.03444511462530056
90623,0.0029481147101885503
90625,0.03350781244667974
90628,0.004922002890922577
90629,0.018225454390470415
90630,0.005674223511709413
90631,0.003947376543270627
90633,5.6202688353832355e-12
90634,0.057767019933310675
90635,0.001968053107102509
90637,0.0815064149880463
90638,0.0018500742451087568
90640,0.004959375668138591
90641,0.002920780565996407
90642,0.0032311267369146378
90643,0.02753596568513604
90644,0.12448089110236116
90645,0.016313108289166947
90648,0.0016301282919499842
90649,0.05488923545747371
90650,0.01700911817556689
90652,0.0054500866044044005
90653,0.0012352071079784548
90654,0.022584311470605568
90655,0.007602764491456903
90658,0.0012152468108203357
90659,0.00928251758317258
90661,0.11433467370952546
90662,0.007273876467177779
90663,0.02618265969831221
90664,0.04166515059906704
90666,0.014504895222684121
90670,0.03187741955580854
90671,0.021264419254517
90672,0.09341714778160932
90674,0.01635778765207676
90678,0.003726547721188479
90680,0.018052224324887445
90681,0.0038829316539767175
90689,0.0006094667818274537
90690,0.004538526240225957
90691,0.00232789403830592
90693,0.010709694293909128
90694,0.007696732362103981
90696,0.002205049224847373
90697,0.007504064754143669
90698,0.022331336748615878
90699,0.03568794049289991
90700,0.022177353055371028
90703,0.08118849755829081
90707,0.0012938541059885594
90708,0.006018898870688034
90709,0.018052224324887445
90711,0.003251396572946883
90712,0.018211894326909332
90713,0.03254981998871804
90714,0.019588478558458373
90716,0.1330765826705793
90717,0.002598081176865855
90722,0.018052224324887445
90723,0.0610356956448638
90726,0.0037501159429467966
90727,0.14680586508216076
90729,0.04471971734698117
90730,0.004328631527714576
90731,0.006381460813214762
90732,0.008282221058296265
90734,0.05606609073737793
90735,0.0879134971632662
90736,0.05196443157355436
90737,0.0005092886544269477
90744,0.042339256477942344
90748,0.00505460890357971
90750,0.001574494436253542
90751,0.019227468440490288
90755,0.0034429531772601093
90757,0.005129608285426641
90763,0.005300285709101603
90766,0.13833802332398346
90770,0.0006871493429727507
90774,0.0106457980998138
90775,0.004293062472070018
90776,0.005514687929652984
90779,0.10502295057638414
90781,0.003982917339165495
90784,0.033361219432542506
90786,0.029872242609464462
90787,0.002815710871338549
90791,0.014510599408073704
90795,0.024155429520189654
90796,0.004152671556643566
90802,0.005541785286306036
90806,0.03609788942372396
90807,0.06923858029328905
90808,0.07907239216359978
90809,0.0021071125439655987
90810,0.010698910402403223
90811,0.016099428271475587
90814,0.003036496949510424
90815,0.006594526959116897
90816,0.015790486327478943
90819,0.03342222007482316
90821,0.10306638081607217
90822,0.0017972126214709967
90823,0.014302957166468159
90824,0.13817502468645598
90826,0.1257032274974087
90828,0.016802648482578193
90830,0.004789755058893968
90835,0.0251038690193905
90836,0.07002626063321028
90837,0.019082573135402143
90841,0.0012844747317221354
90842,0.00013742703244992336
90845,0.022899096875431655
90847,0.0030363938863314658
90848,0.0064907574483568055
90849,0.024210496821529245
90850,0.005600400905556177
90854,0.004941532878695077
90855,0.10479103297270172
90856,0.006194204660744362
90857,0.007378160289769143
90858,0.014859080576594191
90861,0.024255870022873136
90862,0.01952039974394422
90863,0.015295296773348949
90864,0.004080487386960974
90865,0.003036467616542098
90867,0.00048252531768214
90868,0.07391974811176973
90872,0.016469584136431535
90874,0.0305199502742918
90875,0.005829604205938138
90880,0.02576062959722681
90881,0.013926509504126838
90882,0.012855444943415112
90883,0.0002045918713999073
90889,0.0038530873275092014
90890,3.330268084005547e-05
90894,0.003266312189076639
90895,0.007579482840515422
90896,0.00326012210545433
90898,0.004297068032386242
90899,0.004234516293495966
90900,1.613413508702341e-07
90905,0.0032599614745113404
90910,0.015373559581021979
90911,0.004449197187151781
90914,0.01410375583277
90917,0.0030365724005506846
90918,3.0007243937443462e-05
90919,0.011624171689925541
90920,0.004862729486503741
90921,0.004403196410765206
90927,0.012323618577667323
90929,0.024849857018989046
90930,0.00948418758613956
90931,0.004733132077415813
90932,0.0031236665347536717
90934,0.0023201260507698836
90935,0.03480479635012105
90936,0.0026746370763184413
90939,0.023549618946588698
90940,0.10881093096269616
90944,1.441030467274198e-06
90946,0.04003738020554014
90948,0.024222859814286117
90955,0.006560715360521919
90957,0.011152055538251156
90958,0.005472581776728018
90960,0.019527286972958774
90961,0.00324528949891027
90964,0.0040252595393292226
90966,0.045736448390951104
90967,0.05600531983547682
90970,0.01265422787395092
90971,0.00015059336897207853
90972,0.0019312432095753417
90973,0.12032055871744239
90974,0.0675775271818359
90976,0.005565588900541215
90978,0.10750752344390559
90979,0.003103814474536445
90981,0.00016552799879534247
90983,0.0052923915026266396
90984,3.098095293346291e-08
90986,0.2703578597889129
90987,0.16110812551095235
90990,0.007195039281185311
90992,0.003462335035509134
90995,0.01762401327406162
91002,0.004165130285767562
91004,0.016695728102143557
91005,0.007163826731892589
91006,0.004302052013316877
91007,5.70982008734313e-07
91008,0.0017676986750843413
91010,0.013747064191456606
91011,0.003108745145860809
91013,0.009038059761321078
91014,0.0011152682668244492
91015,0.0016027221860979313
91016,0.0012674687722506617
91018,0.00903768289672207
91019,0.0025737161166395016
91021,0.023269454491432064
91025,0.007068384065104504
91026,0.15431463902699927
91028,0.09991538447243437
91031,0.002946653429934672
91042,0.026526665752466694
91043,0.09671597798635724
91045,0.00017526228668945877
91047,0.04071400165302249
91049,0.0029424025582053173
91050,0.006669104260747549
91052,0.03089247251217754
91056,0.0005376708959855453
91057,0.020410209277508064
91058,0.006451169939699652
91059,0.012191430968270078
91061,0.030722353095781828
91062,0.0039461364054300145
91064,0.0032493362734798996
91065,0.0037676006483446027
91068,0.0396110199432369
91069,0.004238452886222816
91070,0.003774945390486778
91071,0.13122091327776803
91074,0.0029733658338904627
91075,0.11274227092227697
91081,0.003332996943871756
91082,0.0002433020049486704
91084,0.003056973680292219
91086,7.159357699005773e-05
91087,0.018052224324887445
91088,0.00395161737635658
91089,0.0025988860738569665
91090,0.006815139382525115
91092,0.0029244665882272023
91098,0.00022286104997428066
91100,0.004269886932612537
91101,0.005381227524790633
91102,0.0038030350963679416
91103,0.02328676863295139
91105,0.03822690824133452
91107,0.02304958392436611
91109,0.005915736271586522
91110,0.0073929567308321465
91112,0.01810050087955946
91113,0.0079656172021349
91115,0.10669501499632304
91120,0.01584439852357554
91122,0.0008107079899288989
91125,0.02041857846303704
91128,0.004695827029626834
91129,0.003638002076225849
91130,0.03945874218766858
91133,0.018052224324887445
91134,0.019949827719340597
91135,0.009084384254515982
91137,0.13632551932804068
91142,0.0030364068341830557
91143,3.789238625319444e-05
91145,0.005228083966576551
91147,0.041844454427259536
91148,0.06333186200087895
91150,0.019982432678608383
91153,0.1397333805377043
91155,0.015342547882130714
91156,0.011952497100256204
91157,0.08170336529419037
91160,0.008521238764657803
91165,0.0045981987017723516
91167,0.004472933329794996
91168,0.11112540158905986
91169,6.0451579876057146e-05
91170,0.003084243310032706
91173,0.004433946710642922
91178,0.022742772183274165
91179,2.4367706948327544e-09
91181,0.00012286530917306407
91182,0.02580844752392191
91188,0.006031103673360184
91191,0.003481884188866828
91192,0.020857579075452996
91193,0.004400369939823774
91195,0.003471405578831037
91196,0.019935294680805005
91198,0.0035466307681768718
91199,0.018587004431479884
91206,0.09528874585300176
91207,0.012722887103755489
91209,0.01705916771000819
91210,0.018052224324887445
91211,0.009448954347357394
91212,0.0056282441790871185
91213,0.008022906209253574
91214,0.031172566739580652
91216,0.06786720921644732
91220,0.003235734081583801
91223,0.09331927259478044
91226,0.01629133258507199
91228,0.06639375920680297
91230,0.01913814151490973
91231,0.11505544439657875
91234,0.006074464061982764
91235,0.0012257888923814756
91237,0.020607128085141698
91238,0.0021071292626649056
91239,0.004170481050009607
91240,0.0076250973682658475
91241,0.005185691651157614
91242,0.0021846864427993032
91250,0.017176214474926104
91251,0.038405160693666625
91255,0.023014042228913102
91259,0.00622995305889848
91260,0.0030365379119042875
91263,0.0023005971852195443
91264,0.0024059348999921145
91266,0.0020399634399750595
91267,0.0034486978208724613
91272,0.0028571845331797885
91273,0.018930832954441028
91274,0.0007996206653083523
91281,0.1392929565964709
91282,0.011207438653534114
91284,0.0635908863596892
91286,0.08851818481852738
91288,4.107476296524263e-05
91289,0.0020850079542417367
91290,0.0008059336825004679
91291,0.00411535046920765
91292,0.005045637366319186
91293,0.02557366510492534
91294,0.04139202106661237
91295,0.00303636111792188
91296,0.1512071644349525
91297,0.08864385956728031
91299,0.0020697199694866926
91301,0.12787348509589386
91303,0.018982513910083897
91309,0.01387175617387077
91310,0.013706567052036128
91312,0.0031499284064405142
91315,0.021451550371996538
91317,0.004576476669197589
91319,0.02427219580571051
91320,0.07973364338611723
91321,0.05377394041788716
91322,0.030132316060616973
91326,0.005015005835872809
91327,0.003948164157527275
91332,0.017537696842774328
91333,0.004767486004329732
91334,0.007725316478146255
91335,0.038705550083822815
91336,0.002405606323234475
91337,0.018052224324887445
91341,0.1508438228341912
91343,0.00405553679140256
91346,0.02065529510713679
91347,0.0019382348682087116
91349,0.01133753961984659
91350,0.0021177882577315447
91351,0.07856023752227313
91352,0.04451558619333707
91353,0.0075639483974152015
91355,0.11399656857595901
91357,0.05637034989193479
91360,0.02984210083357707
91363,0.0658891833662526
91364,0.10397612726796357
91367,0.004493851572923949
91370,0.01482365615935256
91371,0.0622625067120918
91374,0.003405672454403186
91379,0.0327154307305762
91380,0.017722386007202936
91382,0.002597380175199176
91385,0.00010927659256835227
91389,0.030323063956275
91390,0.004018154928727732
91391,0.011666320077257259
91392,0.003495216668407022
91397,0.0031238153680006814
91399,0.044291139273908
91401,0.01106165203345957
91402,0.017465610914826495
91403,0.07209678104067004
91404,0.003763940765848698
91405,0.008110804830047558
91406,0.014664362498795823
91407,0.0041975460300306775
91410,0.008244779611949412
91414,0.004995015875191114
91415,0.026119233622484216
91416,0.0015162054970547735
91419,1.732331944912923e-08
91421,0.031940594785873105
91424,0.018052224324887445
91425,0.03571546247301643
91427,0.0067931190610382546
91428,0.003926150561711109
91429,0.06882823175488106
91432,0.003036184529211653
91434,0.003171451011308449
91435,0.030976584463168404
91437,0.009290703233162051
91438,0.011728228516639294
91442,0.006507071074197543
91444,0.0879134971632662
91448,0.12813678034250525
91452,0.007852658673592632
91455,0.23093814604359977
91460,0.14320869242349027
91462,0.02676181805391712
91463,0.003976721771750872
91464,0.05978766301735358
91468,0.002109515345352782
91470,0.007036433308934034
91474,0.004441634903647803
91477,0.008000415913339366
91478,0.03371332098422599
91480,0.005057675486542659
91482,0.01014595519494212
91490,0.009563057429540316
91492,0.06104392113941908
91494,0.042498221545678276
91495,0.05136093396696487
91497,0.0024634509532917904
91498,0.023051002637926355
91499,0.11933427562774288
91501,0.109974894250913
91502,0.001872985781430559
91503,0.004592469271151153
91505,0.004592667449847505
91506,0.030625395650793436
91508,8.581162393917665e-05
91509,0.004626609637175221
91510,0.0034715103116822817
91511,0.019370528995209458
91513,0.00570323913339738
91514,0.05257248549971924
91517,0.009380364924574119
91518,0.005022282670424984
91520,0.004087102848234868
91524,0.01421093353397639
91526,0.13683899549545908
91529,0.0015739533986198829
91530,0.0029308378999882865
91531,0.00316547315212197
91532,0.004487343170286882
91535,0.013768630440644927
91536,0.023952136310059737
91537,0.02177031886309952
91539,0.005178411065702836
91541,0.0024384955878481414
91543,0.06507416535476865
91544,0.1168510875686361
91546,0.036168602812569346
91550,0.0013901899400890765
91552,0.003149267086670409
91553,0.002407621071575311
91554,0.05106561393538087
91555,0.11461986624146828
91557,0.0352379670961628
91558,0.12292866242597081
91559,0.055701695695697516
91560,0.053526554281696295
91561,0.004365394360029504
91562,0.04186176987097138
91563,1.0217928909231897e-05
91564,0.10760829651240657
91565,0.027523131933786537
91568,0.011338057133255365
91569,7.942526737268379e-05
91572,0.14612127677919914
91574,0.013873092820458023
91577,0.028298004860438795
91578,0.022959222518390266
91579,0.003574226122617877
91580,0.009722102467300889
91581,0.021543266265019234
91582,0.01112049834098306
91591,0.005431410894117172
91593,0.04943133551933554
91594,0.004137711249528598
91595,0.050759500805041845
91596,0.01156425305094963
91597,0.0012594987131617978
91598,0.14086538800318607
91601,1.8341444020146198e-07
91607,0.0012349498595543638
91610,0.003368569733128886
91611,0.0060771346054486215
91612,0.032068169222850586
91615,0.008045011485224893
91616,0.025417022762316662
91620,1.7958340974907129e-07
91622,0.02829543751840649
91624,0.009453430466829038
91625,0.003954206763922016
91626,0.019119466500188097
91627,0.027343311934766693
91628,0.02008829715387325
91630,0.10490313470161726
91634,0.018410219594673823
91635,0.05788978903696961
91643,0.012350672435070832
91644,0.026822294918558157
91649,0.01919667138534264
91650,0.003462239705003003
91651,0.05764907941036699
91653,0.009563656078095752
91654,0.024171976640249067
91655,0.006659486970844965
91657,0.10561915274918728
91659,0.025935472212630498
91662,0.0022695088078136805
91666,0.019536850516934875
91668,0.005129451263872975
91670,0.0016659059539795992
91671,0.004082730783363934
91673,0.0024292394137811588
91674,0.005469528442556179
91675,0.0035421366744335927
91677,0.029856093802510798
91679,0.01950129656487961
91680,0.010821559988548064
91681,0.0055295306895703404
91682,0.0064084745939503845
91686,0.004124245532567016
91693,0.01651105034920637
91694,0.0046542301929987425
91695,0.0031560841750632404
91696,0.00985608319827648
91699,0.07356284994453707
91700,0.0034253588235057092
91703,0.004273401703073779
91705,0.02520276899591043
91709,0.016462437222794186
91710,0.005689346355322572
91712,0.10462737759769705
91713,0.01985863688078122
91714,0.01597091375761582
91715,0.006669867008295922
91717,0.002368061363539936
91722,0.030003013923262715
91723,0.003075892437101372
91725,0.08305843870107095
91726,0.10313504637828944
91727,0.00024318322577732013
91736,0.013488531006523802
91737,0.02242736611182306
91739,0.07171815552836106
91740,0.010400240236794039
91741,1.388806934358848e-07
91745,0.025261969066193296
91746,0.0800305053764189
91748,0.0030248032321041553
91749,0.001130258773124394
91750,4.568617641543829e-05
91752,0.005013501353368181
91753,0.1311593100232512
91755,0.012026484280404039
91760,0.002272361160146995
91761,0.03188245551260155
91763,0.04611295188159258
91764,0.018052224324887445
91765,0.031436397148407944
91768,0.008370517482361782
91769,0.02240183766939062
91770,0.0219133219069023
91772,0.004068257951229574
91773,0.026176396157042835
91774,0.008672011516788545
91776,0.004817157862686708
91778,0.005767389247060468
91779,0.02432366396745412
91780,0.003654429463632788
91781,0.0071548289118625215
91782,0.005123377184667314
91783,0.012770553059371295
91787,0.12127789565510796
91791,0.005023344179310992
91792,0.00320686176069573
91795,0.032919962565573314
91797,0.18394493524393235
91803,0.012454536186062449
91804,0.0029968089573499754
91806,0.011493701754020015
91810,0.02822246678512333
91811,0.00405317073138564
91812,0.048281428825096485
91813,0.0782075793866506
91815,0.024916294829908966
91817,0.14530191807674772
91818,0.008843749205553943
91820,0.001157023197474037
91822,0.0026170143603861753
91824,0.03575022122814482
91825,0.003998541214661211
91826,1.2825302414538662e-06
91832,0.0032833007862492314
91833,0.0008137657949451089
91835,0.006296053240001551
91836,0.020652160860285936
91838,0.007875582029407524
91841,0.014419730217342667
91842,0.00633520550994981
91843,0.004657694240557544
91846,0.00479142000176017
91848,0.005205287010765265
91850,0.0031500449158167886
91851,0.008260537796805587
91854,0.046558123964264335
91855,0.002227003823755787
91856,0.010456669364267002
91859,0.07308781697281846
91861,0.03840624216475475
91862,0.00010178110336167678
91863,0.010878185025368336
91864,0.007881585871671183
91866,0.08325653385481263
91870,0.02524607881471796
91872,0.004003328424212674
91873,0.004809343603018605
91876,0.027230074932183854
91879,0.02190982670432953
91880,0.05599934345947919
91881,0.00443682591068721
91883,0.09342502182457343
91884,0.0032889443973960464
91887,0.004056087486734222
91888,1.097089679824462e-05
91890,0.007835419762450458
91891,0.021268162030136224
91892,0.07814829437827948
91893,0.007476467039316412
91895,0.013242632934742328
91897,0.05032389852108529
91900,0.025153735081621588
91902,0.050639528734021416
91905,0.0210930219889404
91906,0.024682309151604475
91907,0.008205983104154288
91910,0.003036524963495455
91912,0.0040342662289347105
91913,0.008371400824575242
91914,0.006305732231860187
91915,0.020799311852408183
91916,0.01072169402933916
91918,0.007837049422300327
91924,0.040442889296692514
91926,8.146749698551075e-08
91928,0.007338203550984473
91929,0.009868945444746119
91932,0.005065441493568571
91933,0.12028239618541313
91935,0.09521077888725309
91936,0.004729415500992655
91939,0.003536363933280349
91944,0.129728593658115
91945,0.024892069767473653
91946,0.008161528305081451
91947,0.13071469892008375
91948,0.0020642053934057545
91953,0.0026645177600366516
91954,0.03448903223821187
91960,0.003947524902222287
91963,0.03626031687012349
91964,0.018052224324887445
91966,0.002401559409731658
91967,0.07156908632747246
91968,0.0035973585443137804
91969,0.006378610468946655
91970,0.018052224324887445
91971,0.13081744558833458
91972,0.024870333014496475
91973,0.00018096937916739608
91974,3.393979993295591e-05
91978,0.003839779011543296
91979,0.0009055818742464711
91981,0.0043915215801213605
91982,0.005157338318274946
91983,0.1340316903781172
91984,0.14212060809611998
91986,0.0025050746901710812
91989,0.05048236441467057
91992,0.020954436846934373
91993,0.0006726240013813289
91994,0.007620592638715467
91995,0.004626780089349887
91997,0.003471692296443252
91998,0.007917737519356607
91999,0.004660699372827058
92001,0.007023900058975094
92002,0.13877002242200143
92003,0.15414615764002904
92004,0.05775136634107392
92005,0.18058496762785228
92006,0.005156293582525299
92008,0.006840846076025126
92009,0.006061212130025634
92012,0.05713815786880485
92019,0.00414104656848312
92020,0.00016449694729727855
92021,0.02037643121714984
92022,0.010488976168191874
92024,0.014093968139228499
92025,0.040416967853405254
92026,0.003947329712929751
92027,0.0020240670066120933
92028,0.002995999532959665
92030,0.003122647123773921
92031,2.8376360279571978e-05
92032,0.0232149328462878
92033,0.13337310878422604
92036,0.0023082459760430554
92037,0.028254897991842814
92039,0.004125506308795084
92041,0.02255155226295332
92044,0.00023852703523195338
92046,0.035824195235779836
92051,0.0023154830789507827
92052,0.001640699600452287
92054,0.01620703674369684
92055,0.0018997707040813404
92056,0.03146175064327058
92057,0.005708054712575241
92058,0.07196206754337206
92059,0.00014092814320093027
92060,0.014244190105657476
92062,0.031851592617193156
92074,0.002497796011536422
92078,0.009274779092391697
92082,0.0037225788348504542
92085,0.009114576016669845
92086,0.0028434160599626382
92088,0.0025723595994140295
92089,0.006054702513556505
92092,0.01676989876195593
92093,0.0063885307030488924
92094,0.0779751889330862
92097,0.11738996776276737
92098,0.02580406165074722
92101,0.03903757598472423
92106,0.015053182215663168
92107,0.0632567087061001
92112,0.005873528654901547
92114,0.0030588937841776504
92115,0.13973984616195625
92118,0.00023080739804744876
92119,0.046733546859445786
92120,0.022021393570503717
92121,0.051087279980529386
92122,0.005215970114455893
92123,0.04140815263132519
92126,0.0015671606275094224
92128,0.05296202847503576
92130,0.003026962332824616
92134,0.008049909421648098
92135,0.02714406748295622
92138,0.03012173309635235
92140,0.008510543938403715
92141,0.0204386776035678
92142,0.0006593529968005943
92143,0.0008003441357894983
92145,0.05216751759524319
92146,0.015837718119023753
92149,0.06443684910382433
92153,0.005042268941156216
92157,0.07724508180757608
92161,0.08925984309360506
92164,0.10100336654469341
92165,0.01642946931921145
92166,0.013291081241862472
92167,0.00826692631238321
92171,0.0051295807836571755
92173,0.0031553085513346428
92175,0.007974333351650981
92177,0.025642924520965622
92179,1.5596813098902123e-05
92180,0.003629647758759354
92181,0.002230562983803675
92184,0.00419187241033499
92186,0.01351650977628381
92187,0.0777721140846209
92188,0.01170821360758134
92189,0.0052941310208727286
92190,0.008877333881148891
92192,0.011384655090808377
92196,0.12405688033062602
92198,0.0225039886727261
92199,0.016352893331160207
92200,0.01814050860702577
92201,0.00413880823105167
92202,0.08230380866064202
92206,0.001713706308195474
92211,0.027530353159353513
92212,0.026728323513515683
92215,0.10813736569748496
92216,0.006943619110041352
92218,0.0059947868966161505
92219,0.09961303244834355
92220,0.0039394705712813526
92221,0.00284649525714976
92222,0.003588123264025692
92224,0.1000409380715694
92227,0.011047335487521332
92229,0.0063075539360915945
92230,0.06815246624289231
92233,0.17243351789070008
92235,0.00352568658863862
92236,0.0030365495410917174
92237,0.0029246255093888117
92240,0.2080842761723321
92241,0.018052224324887445
92242,0.02611268538710462
92243,0.08423567975123894
92244,0.0284293565180858
92245,0.007748045230361474
92248,0.10682637730762135
92249,0.004151137805373721
92250,0.006966215201753139
92256,0.005983825110512858
92258,0.013806537667777898
92259,0.0029862527054209916
92260,0.003971147819694153
92261,0.026088059994882968
92264,0.015431356161657542
92265,0.09198201058074724
92266,0.06025195858195728
92269,0.002986208610276949
92272,0.02809051710578485
92273,0.03685229152584992
92274,0.024537786691800886
92275,0.006265653696876337
92278,0.003182416946529207
92281,0.004985178152625668
92283,0.018052224324887445
92284,0.0019314241893915037
92285,0.005565462385263449
92288,1.9146575679872885e-05
92293,0.07267376973043356
92294,0.004534297191919321
92296,0.024901294414694786
92299,0.003986774567736059
92303,0.09729256499257685
92304,0.012067466016579214
92305,0.02822516914676328
92310,0.0032362522696745173
92311,0.0019585002776847
92314,0.0023379361264821725
92317,0.006136382986323128
92320,0.18301057182280908
92322,0.0391451724229757
92323,0.01448993679378536
92324,0.020607128085141698
92329,0.00710461221690683
92330,0.0023650763978526916
92334,0.006741141956951662
92336,0.026665274292483634
92337,0.06808643058335034
92338,0.14715334369524663
92343,9.561053957301145e-07
92344,0.020531498524698964
92346,0.01515449227210902
92350,0.008584445951256226
92352,0.024470361600371547
92353,0.0051878016185671165
92354,0.05500683166564596
92355,0.01964047682556755
92356,0.009870215268126885
92357,0.0027228860972739743
92360,0.0585537505178757
92361,0.005672801511805595
92362,0.0033833336652514456
92363,0.002505991261819678
92364,0.053276943596889254
92365,0.005914508696703577
92368,0.14985253520986602
92369,0.0030090694246067157
92370,0.00045602231251230384
92371,0.022170045926206083
92372,0.015067415761495912
92373,0.08742632272572091
92374,0.013281576252840837
92375,0.0075437684603092805
92383,0.006341025781766048
92385,0.0030365167710074406
92387,0.12236152951034689
92388,0.0035162650187966753
92392,0.006935747533595583
92394,0.011395918000076647
92395,0.03730447580148374
92399,0.03359841323169658
92400,0.0032459323029842926
92401,0.12336346995114578
92404,0.0720680503108694
92406,0.003342590759902199
92409,0.010644406691899902
92411,0.003036496949510424
92414,0.005219071293922665
92418,0.03915778131397755
92419,0.0029900248443888635
92420,0.027316476877244932
92421,0.06857118991671755
92425,0.0007862211192915373
92426,0.0011064315641159976
92427,0.0011854559380542692
92428,0.01656132120090524
92431,0.002921490627240231
92433,0.0070721774041784535
92436,0.029665741581957644
92437,0.003663752193141871
92439,0.1392022043664981
92443,0.0029862560289283502
92444,0.000742527069064422
92447,0.004615025465545605
92449,0.001397732010755826
92450,0.06074460230414315
92451,0.02883974736347276
92458,0.0030027397414666354
92459,0.148275230052513
92460,0.0008861631134015324
92462,0.033909113877382414
92463,3.5742418587489347e-06
92465,0.002836588337980485
92467,0.1193194806569565
92471,0.024162145482153622
92473,0.011401277693535206
92474,0.11282369865265643
92477,0.020016037969211607
92480,0.0012604261412788311
92481,0.004168045095717878
92483,0.04338397873743289
92484,0.002366277422461663
92485,0.004850187793414397
92489,0.03812283957156048
92492,0.07150258685265228
92493,0.02039365538574363
92496,0.010172704691227882
92499,0.01829290364175476
92500,0.007247984350423434
92501,0.07764213910793687
92503,0.004811759797919528
92505,0.0053632440112281856
92506,0.02818740052991341
92507,0.0343752151004755
92510,0.003032893141620069
92513,0.0035623933428988765
92514,1.8606297396718574e-05
92516,0.15068296191740446
92517,0.002017547849639479
92519,0.015653311602436625
92520,0.15285246227931734
92521,0.017765490656556228
92522,0.038931300714947284
92523,0.030655727318857268
92524,0.046202215629267275
92525,0.020548140083742197
92526,0.010119658771888656
92527,3.5271139473073535e-06
92535,0.003976053662119117
92537,2.951043068925604e-07
92541,3.5059089853721033e-06
92545,0.012598697767820955
92546,0.010962574069343997
92547,0.014453280381863071
92551,0.0063672179881365506
92552,0.004339497874420231
92555,0.00047258737132268344
92556,0.003061528736589143
92558,0.014951938437519838
92559,0.001982248924883647
92563,0.007934408819269934
92564,0.00475973508319495
92565,0.11216140757961399
92566,0.022466881254739036
92567,0.005357017063285319
92568,0.0043257475907104
92570,0.013446180516078802
92571,0.0026949622228623275
92573,0.0030110591966120786
92578,0.0018364838142406524
92579,0.044402555121941564
92580,0.14389718756404468
92581,0.002028007794189498
92585,0.030289784857354753
92587,0.014960511803619321
92588,0.01421108826465584
92590,0.003784662733726417
92592,0.0008245601117039236
92593,0.10162156211157872
92594,0.0009109333369420698
92596,0.007632229782860086
92597,0.13417166466372094
92600,0.005485203850657551
92602,0.05763056997350195
92604,0.030289784857354753
92607,0.005045619640186711
92608,0.0012890014238255696
92609,0.004516375928787655
92610,0.09479975363653065
92611,1.2331019603892682e-06
92614,0.0007206510676186513
92616,0.0006422696369925227
92617,0.005118861903801589
92618,0.0028901640439091348
92619,0.03303700205186663
92620,0.08278801654047832
92621,0.0007648348472309552
92624,0.02172218737376429
92625,0.003349809539185677
92626,0.03914646970802217
92627,0.10565575614507285
92628,0.009845873614661457
92630,0.006550764622958083
92637,0.054155139992929556
92640,3.66222400687734e-05
92642,0.05872142788808749
92643,0.005629680940008207
92646,0.02199240830162058
92650,0.017599207701819032
92652,6.938532489255388e-29
92653,0.002438975944977071
92654,0.025237092147723104
92656,0.13079231195497742
92657,0.007670075626960794
92658,0.0020841138415182286
92660,0.058071535818991306
92663,0.11985996015339542
92665,0.007135449978056548
92671,0.01961184297799362
92672,0.017228430435930323
92673,0.015117276560351271
92675,0.0031209924547989606
92678,0.0035756731933627908
92681,8.890266889140589e-06
92688,0.008634648515964093
92690,0.04519762503732135
92692,0.10100336654469341
92694,5.793316923378584e-05
92695,0.016379043639856546
92697,0.15442755187976834
92701,0.010740812296363285
92702,0.018052224324887445
92703,0.0024427041490680964
92705,0.04438154169962387
92706,0.0032045126572186836
92707,0.0018456041193669185
92710,0.0016741301779634034
92711,0.0043295061703943405
92713,0.14828412590495196
92715,0.0045219199301861
92716,0.01388171427371229
92718,0.09671597798635724
92723,0.011868477072268672
92724,0.04005249462816454
92725,0.032071570844379525
92726,0.10711001435025273
92729,0.018666884962612876
92731,0.00862888742586507
92733,0.003605776636683765
92738,0.018052224324887445
92742,0.003350287838125951
92743,0.0463496356997696
92744,0.0045001336259724
92745,0.028106308617960846
92749,0.01856419350603042
92754,0.053762931521736286
92755,0.004080016530629829
92756,0.01592499857943613
92757,0.005466738743702372
92760,0.006713474193735556
92763,0.004631187163020395
92764,0.020404523413890024
92765,0.09845491864728854
92766,0.11181489441489767
92769,0.0020024664349347155
92771,0.10204564008289291
92772,0.0048284905631295815
92773,0.10190838043218071
92774,0.03559467962485302
92775,9.129394025124008e-06
92776,0.015240439758857747
92778,0.1338122466373768
92779,0.003111076589993978
92780,0.0039042094689668736
92784,0.0030388695351622474
92785,0.05040523196133038
92789,0.007632708777614114
92790,0.1266658390370706
92791,0.010296246802221883
92792,0.005756491949922161
92798,0.0051295807836571755
92799,0.00435899430369159
92800,0.00581816805319653
92803,0.1342287330108489
92804,0.0030364577059374094
92808,0.03925630252023582
92811,0.023104999249786533
92812,0.0884532451534851
92813,0.06115764444292882
92815,0.021503819066387164
92818,0.12756913035489312
92820,0.0033448082452716627
92823,0.0031426860466774657
92824,0.014664279304231375
92827,0.005569248046980377
92830,0.004857332193826014
92831,0.005756789700038074
92833,0.0025991314729812724
92835,0.0046908635497984585
92836,0.018757332795357747
92839,0.007051920369845985
92840,0.024900731247888035
92841,0.00678436026811429
92843,0.005017186961576791
92844,0.0016394018471204846
92848,0.0033045414365191392
92854,0.018052224324887445
92855,0.08080992871311585
92856,0.007507036639454739
92863,0.02965039527908458
92864,0.005712032102641437
92866,0.002277135131840095
92868,0.1196276067011397
92869,0.005277239499417843
92873,0.10287428239734676
92874,0.016856453688796593
92875,0.029118805993558598
92877,0.006460993208915905
92878,0.021787325147942647
92879,0.0030016015953656097
92880,0.03159396007852843
92884,0.004595281692081836
92885,0.06536418128670597
92886,9.066425519313385e-05
92888,0.004112242281433434
92893,0.0008765509866288634
92894,0.03715751153161326
92896,0.009906388583580108
92897,0.022506507993669347
92898,0.03041097846487126
92900,0.0029057597682034587
92904,0.11331059612863326
92906,0.15081841168019652
92907,0.01159920125324571
92909,0.002309001073693503
92911,0.1158858255769256
92912,0.005361757421656368
92914,0.01591504829133028
92918,0.0029714975420453765
92920,0.028924945589517047
92922,0.0030954827315140903
92924,0.005590644942315083
92926,0.029560340402382507
92928,0.003978880105943531
92929,0.06338914052677357
92930,0.013703576786691454
92931,0.01816261714688451
92933,0.027683477296948807
92939,0.0044393499010033635
92943,0.012657171611355218
92945,0.014023860182781749
92947,0.0010024890233262156
92949,0.0523469403422408
92953,0.009879378821245252
92957,9.692430937728993e-07
92958,0.006435471056264895
92961,0.020369963055564724
92965,0.00036561952474835704
92966,0.08298663681401489
92971,0.007630712225460814
92972,0.005834168486302259
92973,0.003909874216577871
92978,0.019899307664975635
92984,1.4855050096366e-05
92985,0.11295137221860628
92990,0.3628560315534269
92993,0.017850252338160177
92994,0.004759625454901318
93002,0.003462323739760075
93003,0.004967933485848415
93005,0.004834724789544667
93008,0.00453766440064752
93011,0.003922766085027149
93012,0.008105737049825958
93013,0.13854764455971252
93017,0.004115444471734076
93018,0.013356078907642933
93019,0.04678894706388478
93023,0.01413785853842945
93024,0.0007868940483673535
93025,0.010451038977700082
93026,0.035381716769606046
93027,0.0037178867220929133
93028,0.00991867242903477
93029,0.004365165626387666
93032,0.004987728102911068
93033,0.006198316648646109
93034,0.01963699606742726
93037,0.0054904717835452515
93040,0.123602813851182
93042,0.03465414812399543
93051,0.0029962666189095803
93054,0.008092384965892745
93058,0.0319665136245932
93059,0.012079332113329082
93060,0.22137431719347356
93066,0.029448063469428465
93070,0.0028885856668116796
93073,0.0016791951370793857
93074,0.006289491415442402
93075,0.10356759979111119
93079,0.018052224324887445
93080,0.018163205296242383
93082,0.02907304225068199
93083,0.005846501201667007
93084,0.035014724137576135
93086,0.011525702290086683
93087,0.008153563227397808
93089,0.0382763991061716
93090,0.006844361381250837
93092,0.002273140338664703
93093,3.434954076739405e-06
93094,0.03212677839199702
93095,0.002622889316308369
93098,0.0037744381591624807
93100,0.023462498627104547
93108,0.004384184015146587
93109,0.02046593433009117
93110,0.003797536434420585
93111,0.0049895875592048606
93112,0.0016039719719021838
93113,0.04217488735341482
93119,0.017199101765912602
93122,0.025193699179308898
93123,0.1308864886208668
93124,0.014996453783028505
93126,0.0066908146589466
93131,0.0827059451995453
93135,0.01742070112311469
93136,0.003522136575582422
93139,0.021374538027448906
93143,0.06582399807286395
93144,0.036962309794094345
93145,0.0029877235697789574
93146,0.011077700845921395
93148,0.004427718972054077
93151,0.021649416042298218
93152,0.004203154370855679
93157,0.07261333455149752
93159,0.011239291753254284
93162,0.019447669232932455
93164,0.06567906398986131
93167,0.06906119530061508
93169,0.005410540488911926
93171,0.005295724937295874
93173,0.009445831293358043
93175,0.0033241644235282954
93177,0.032583152194669535
93179,4.065950155616729e-06
93184,0.151548761457775
93185,0.004605217173915612
93191,0.0001122332254238601
93192,0.007214710056907572
93193,0.012141408064472784
93194,0.0058372482931675134
93195,0.010241048186960571
93196,0.025470889060819145
93197,0.07943978149167465
93198,0.003597845538094517
93199,0.029818710604067374
93200,0.02160493372436673
93202,0.00944700871284721
93203,0.002703857611378256
93204,0.009547972379553097
93206,0.005673979571539589
93207,0.018997096076416725
93208,0.003386657166804487
93209,0.017053232717699502
93212,0.008367562786321597
93213,0.002147520368887471
93214,0.0689471089228401
93215,0.012974319737583218
93216,0.009718198504715862
93218,0.006721347461653056
93219,0.00418425683734024
93223,0.043026006870634216
93229,4.582919090366943e-06
93230,0.006720499248205546
93231,0.004277094393455935
93232,0.045355542337100034
93233,0.00622180553512577
93234,0.0037194398007409416
93239,0.04518802564049282
93240,0.0010672786229693123
93241,0.002972341643432713
93243,0.0060861010116783415
93244,0.061520602849473784
93246,6.827764216716894e-08
93247,0.0049123342825838625
93248,0.3106710223100744
93251,0.029599615290964547
93252,0.002131033456998027
93253,0.030273500860101978
93259,0.005196641228047408
93262,0.009602629574125068
93265,0.0728555755197791
93268,0.032090289497814596
93269,0.004540174458641762
93272,0.012560935728196759
93274,0.005427857676198395
93275,0.07347183598165204
93277,0.020551127775505402
93279,0.004500090392442447
93280,0.024482489988182067
93281,0.0049749382085680915
93289,0.0022026290550546373
93291,0.014212202525437473
93293,0.03649751309395442
93297,0.010137265595162325
93298,0.002866422610016334
93299,0.0031066428658323166
93302,0.014847000242309632
93303,0.030148827481987755
93304,0.00629420046455264
93305,0.005804979505017475
93306,0.01033909212364038
93308,0.024770160682403775
93313,0.005782255349060036
93315,0.030847648254056663
93316,0.049702764835829014
93318,0.015741683071701425
93319,0.06714928124290878
93321,0.0033394509366662176
93325,3.326371516616549e-06
93327,0.00041084190359029444
93329,0.07245353011669432
93331,0.10445621337872822
93332,0.016610284350875918
93333,0.005604686572116445
93336,0.03435387375044493
93337,0.13412463034112143
93341,0.13209084259673098
93344,0.002646906330072184
93345,0.016674308383724277
93347,0.040694286886063726
93349,0.018716985943870824
93352,0.0037719682613183182
93356,0.019225245748977854
93360,0.003515703585663009
93361,0.04492502543183386
93362,0.006079056643560288
93363,0.016050361256113397
93365,0.003404397864685493
93366,0.0032050394723223607
93367,0.027603767103468367
93368,0.000567728421631158
93372,0.0302747030773398
93373,0.019218743759735306
93374,0.002412591792439212
93375,0.0017802551524541369
93378,0.057368263938059105
93379,0.016827164072397646
93380,0.004705349591031318
93381,0.04226509956014596
93384,0.10772265926323728
93386,0.0019254888762432877
93387,0.04235850505963796
93388,0.003726952639496676
93389,0.1542934949038642
93392,0.007989556107005016
93393,0.036494096757565354
93400,0.05582246123505272
93401,0.004919000046738665
93403,0.004242366869009401
93405,0.018052224324887445
93406,0.013269738110268214
93410,0.0031586464286883324
93411,0.005573171238888315
93413,5.714402403563219e-05
93419,0.016199243837202157
93420,0.002956869119857147
93421,0.01666068460455551
93422,0.012083943488386078
93423,0.002273333350304531
93426,0.0016281996323758354
93430,0.011509341183655087
93431,0.01105599768843461
93436,0.024205419076888408
93441,0.0038769506237074335
93443,0.006285771192362915
93446,0.006200790954416685
93447,0.004010687032938056
93448,0.007283065130880447
93454,0.025803601397777706
93455,0.015210945748571528
93457,0.002986309689852309
93458,0.04480747395692667
93460,0.010493496828877806
93462,0.02942647783391153
93463,0.004293483909635289
93465,0.00039941972643297603
93466,0.00032047333527892685
93468,0.02128676365945197
93471,0.04803965933966101
93473,0.0485108459788166
93477,0.011441885236473857
93483,0.0005278166080805709
93484,0.004377839447580121
93485,0.03554939599101996
93488,0.15390510595653265
93489,0.003280947742773067
93491,0.004868521560198488
93492,0.002938841995096175
93493,0.018625168960087642
93495,0.006597019365829784
93497,0.0019564706081271295
93499,0.017173929853440364
93501,0.08406924474335314
93503,0.018720668003667455
93504,0.050122845277997284
93509,1.7532424579114455e-05
93512,0.0015081736764959509
93515,0.04874811125161584
93521,0.009389111241967958
93523,0.01047826044847963
93527,8.88026907856115e-06
93528,0.004178393371029238
93531,0.020728614504856482
93533,0.006566914703833956
93536,0.015899891138919466
93538,0.02057826022930972
93539,0.004334020504009393
93541,0.005795552119701027
93543,0.00719721960343881
93545,0.12583297910438035
93546,0.0034798405634461327
93548,0.12409486337250157
93551,0.020316862511537276
93552,0.009494942364365773
93555,0.04026924763850644
93557,8.529665031514921e-06
93559,1.472531780345534e-05
93561,0.050170403141699904
93563,0.0025196369099160353
93565,0.0014308474971126942
93568,0.016920432292389702
93570,0.006264632112393251
93573,0.025137590195352274
93575,0.0145846762188752
93577,0.0037412713674047967
93579,0.004568886303879312
93580,0.017726859209903988
93583,0.008691928974293255
93585,0.006435448663245112
93586,0.01561206516929007
93587,0.00294471219842654
93588,0.0027540349521484983
93591,0.006404408795609839
93592,0.23735566674217712
93594,0.0037681308987315447
93599,0.0036201561032394246
93603,0.004665248082646226
93607,0.0030364477953649673
93610,0.005386776087125751
93612,0.005541683151503771
93613,0.12007541030736625
93615,0.004349098638809791
93617,0.02362753080979451
93618,0.10553739483339321
93619,0.011007619306344037
93623,0.01738865786596326
93624,0.0032182538102848188
93627,0.019283299577821007
93631,0.10862554973709207
93632,0.3618747428607987
93633,0.007134619193410024
93635,0.06163544947305162
93637,0.02586350357703127
93638,0.015043521400038423
93639,0.003291020779551144
93641,0.0337430158926162
93643,0.007126486843998024
93644,0.010930586568365883
93652,0.005068345825369054
93653,0.025074488434634536
93661,0.004969811692934773
93663,0.00916866088758642
93664,0.04028607198272562
93665,0.06401882046687621
93666,0.003171140058050695
93667,0.04170872853276039
93671,0.0072016054533644664
93677,0.018052224324887445
93679,0.0025212579388666076
93680,0.00450005417075083
93682,0.11661771246230852
93683,0.11930824078765713
93684,0.11182835349304156
93685,0.01705175118099051
93691,0.1346132644224808
93692,0.0004827516592040832
93694,0.024980974659201047
93696,0.025049719235306276
93698,0.04741207590985324
93699,0.009550134072115937
93700,0.14519190788137734
93705,0.0033729318650023454
93707,0.007903468470393974
93716,0.009143914895578226
93718,0.007846960406321287
93719,0.004149217040974604
93722,0.0022099695227904537
93724,0.03821255453296455
93725,0.017885435303649406
93731,0.004817208180828289
93734,0.04082551701495464
93736,0.008528855752383144
93737,0.057593448592246056
93740,0.004542541976912402
93743,0.018052224324887445
93744,0.004527891185401762
93746,0.00040295524784818423
93748,0.006415725960243272
93753,0.010741408461829477
93758,0.003358852837677534
93759,0.05474263633580175
93760,0.011633877878867846
93768,0.003912139128105942
93769,0.009665997558786745
93773,0.023425189251973105
93775,0.01993199491810995
93776,0.09587975328779433
93779,0.003805595867249457
93786,0.11130749059677977
93788,0.004809739419669262
93789,3.395918630099807e-07
93791,0.0030971306185877076
93793,0.00045243811723140334
93794,0.03685872765168476
93796,0.004124001976991763
93798,0.16375699766787663
93799,0.05102570165047329
93800,0.02789590721204137
93802,0.004470180227030319
93805,0.003913299047371953
93806,0.02488939074330271
93812,0.12897099990407537
93814,0.007579371306984181
93817,0.021625761548552735
93821,0.010758909056255702
93822,0.03942190702621065
93829,0.010717658494507955
93833,0.046244775464436526
93834,0.004338214987942784
93836,0.00578280501599363
93837,0.115542986436344
93846,0.011609032499326379
93847,0.056844584127204854
93849,0.006549205163976953
93851,0.010393433599344831
93852,0.003918758235158419
93853,0.10073459161927775
93855,0.0023006106751751803
93858,0.14249297536491504
93859,0.0028816793193306004
93860,0.005506767613593394
93863,0.02982276672942305
93865,0.004500162836696408
93866,0.004617314977856048
93869,0.01495186573673494
93871,0.0947209963051816
93872,0.01301073983927998
93873,0.12253310033484315
93876,0.00012984162808763714
93877,0.03262098254794492
93878,0.020566415487517743
93880,0.025549549107115325
93881,0.07960667991098876
93882,0.0017106145855818392
93886,0.08852244167810149
93887,0.11525824080171404
93888,0.003675449745498152
93889,0.03771234208523321
93890,0.04395278469635231
93891,0.007290030567007585
93894,0.004719676766006561
93899,0.0034913139105971483
93901,0.0022995964959397984
93902,0.03540322987952265
93903,0.023560027396941095
93907,0.0034622510004788504
93910,0.004041262743482201
93914,0.0039813706752205285
93917,0.10341610233126991
93921,0.08391945011726226
93925,0.06331323790013764
93926,0.0011709426936018367
93927,0.016734337774427677
93928,0.003830255551039581
93929,0.003577885943430593
93930,0.01020507693604255
93933,0.02184350784435908
93935,0.0029959181415121906
93936,0.015515960916145398
93939,0.03083391276817743
93941,0.002881647644979336
93942,0.15935408086197883
93943,0.002426477514994457
93949,0.003834174069525797
93950,0.00016497797771508288
93952,0.04214261491333916
93954,0.00021591960406686867
93956,0.018052224324887445
93957,0.09437532499257004
93960,0.026600742811706168
93961,0.016956327432555866
93963,0.0022678680326511137
93966,0.07029741714453987
93969,0.00012925089670173202
93976,0.02757655298875001
93977,0.0011778668512009466
93978,0.025513268484397156
93980,0.005466441774182488
93981,0.002376363316022875
93982,0.006191136925889067
93983,0.008343739840700084
93985,0.029090511930546487
93987,0.057567012038265246
93988,0.0029225017943546503
93990,0.018052224324887445
93992,0.0005263975416440833
93993,0.004914670139017277
93995,0.002386062533068922
93997,0.002964842904729763
93999,0.007389031140141674
94000,0.043568389044873854
94001,0.14903500132051437
94002,0.055294331907881106
94008,0.013865003456963313
94009,0.11264953441437606
94010,0.030602948028532004
94011,0.012979633341868867
94015,0.032217401714649166
94018,0.11833168084234447
94021,0.03313613482253819
94023,0.0519097877222414
94024,0.006901094896459198
94025,0.002668284917697986
94028,0.021383090132119028
94030,0.013450559631450676
94031,0.06776862532086045
94032,0.03656569146740215
94034,0.00023837007532526952
94035,0.002414623372830408
94036,0.006530862395135623
94040,0.004421572363837362
94041,0.04339689328147174
94045,0.03554825777447737
94046,0.007409506571010533
94048,0.0060393073322576925
94049,0.022675034165980608
94050,0.0025696103987789595
94051,0.025777027498629628
94052,0.0029819864919744463
94054,0.0018923973169676634
94056,0.004195847883500576
94059,0.09270665981035751
94060,0.0051513366566073564
94062,0.006507365914664535
94069,0.008146823182909166
94071,0.0044268138780913565
94072,0.08191825161515942
94075,0.004105243012396993
94076,0.011944867489650443
94078,2.1412300473361902e-14
94079,0.06267541726664656
94084,0.03530631461792087
94085,0.0029962666189095803
94086,0.0011688730798494684
94089,0.0030365478227699573
94094,0.003350890731410537
94096,0.012961705185716573
94097,0.07479084691787267
94099,0.005229687247533648
94101,0.008065631083551872
94102,0.0034629004554809673
94103,0.02597187268671567
94104,0.0026614609024724115
94109,0.004391140519704004
94110,0.03354306299003691
94111,0.0066779645314295
94116,0.020485662289484417
94120,0.002149879038247641
94121,0.019005994837115625
94124,0.020759293860972288
94126,0.02266409100700904
94128,0.14916554682593516
94129,0.01953488525826341
94130,0.010139905895975989
94132,0.001815874463291828
94134,0.009721674355677097
94136,0.13270620235853736
94138,0.0045765968198288294
94139,0.0030744117494098367
94140,0.02354681223799767
94141,0.003460673827184179
94142,0.008606855851753404
94145,0.021199469692825136
94149,0.0039059056490822076
94151,0.021946151585456618
94152,0.0023006045711055946
94155,0.018052224324887445
94156,0.005945093780040512
94159,0.008964511538729934
94160,0.004262544725873544
94161,0.023281268371386665
94162,0.009837806714889825
94163,0.005079755982656441
94164,0.0040165671124731865
94165,0.14431487610697316
94167,0.06513478516258983
94169,0.0019417823440898597
94170,0.03321734941907479
94171,0.037432910432266875
94172,0.004177090353203012
94173,0.01525341583377507
94175,0.0007962257626439175
94176,3.192067785473366e-05
94177,0.027319217135364355
94178,0.059893216165609296
94179,0.003161213516489463
94181,3.618236353613079e-07
94182,0.0005996793834974582
94184,0.020010460719048304
94185,0.022105121878653874
94186,0.04818806355906341
94189,0.05656337989929825
94191,0.012912218214323451
94195,0.004350359135723209
94197,0.00856336299282729
94198,0.023571957019050634
94204,0.02508097454865989
94206,0.007037309886991778
94207,0.00440021064632847
94208,0.004076302296718007
94209,0.022239306027511098
94210,0.06663206237772311
94211,0.004893859756614117
94213,0.04202579406950495
94214,0.1338122466373768
94215,0.0005384093352544539
94217,0.004737965489451974
94219,0.004226792073063845
94222,0.011091698844762791
94226,0.026302500581000563
94228,0.023503857910764276
94230,0.03809691119729574
94231,0.01792702589669052
94232,0.03520605573587778
94233,0.005638432597532553
94240,0.1043952946350425
94242,0.01578654556999824
94248,0.0992045229657848
94253,0.015406281479760461
94254,0.0003260227125118761
94255,0.012796220843273382
94256,0.03547121397231875
94257,0.005496384481885063
94260,0.005397022962050548
94262,0.03914862575117105
94263,0.007739157535304487
94264,0.0037525080491993437
94266,0.006155230163153664
94267,0.0016841544978947426
94268,0.002986301786550017
94270,0.13154957820162955
94272,0.010899714213769654
94273,0.00144124692026044
94276,0.002968434525856783
94280,0.018990816225790356
94283,0.00732240097797922
94284,0.030220672982913133
94288,0.03305969583692623
94290,0.053898317936778926
94291,0.0118830502632194
94292,0.0027411850368428835
94293,0.05297917265378294
94296,0.010451319292411672
94298,0.01610194396784096
94304,0.03869508740487834
94305,0.004507340614188054
94308,0.0035559072511670495
94309,0.004861008187513915
94313,0.030458694505746533
94314,0.0023005714873626268
94316,0.12646407239670374
94317,0.011522008714891854
94320,0.13909039366817005
94325,0.004126867682655606
94326,0.0033928116465365035
94329,0.0076124863123115775
94333,0.003623485332485149
94336,0.013605442374147786
94337,0.0035771533393791372
94341,0.006172751283637016
94342,2.629699249453542e-13
94343,0.03813653632482382
94347,0.01941874187616841
94351,0.007001837831504228
94352,0.07907210738872027
94354,0.010635229284241998
94357,0.14981562363281248
94359,0.002602201828630906
94360,0.028632708286791306
94361,0.03402608854730294
94363,0.007462580157184306
94364,0.004696815640520509
94365,0.013236203500518845
94366,0.003012876664521858
94367,0.04020259846605753
94368,0.005114022545176785
94370,0.06528692033537506
94371,0.06379402014125808
94372,0.004142251736560163
94373,0.07347183598165204
94378,0.08419127595260638
94379,0.03305198883022235
94380,0.010751653864334796
94381,0.007912514449684072
94382,0.00707993523508028
94383,0.13201698137827164
94384,0.15305084097751545
94385,0.10389464219077926
94388,0.047621982003505696
94391,0.006930703734942716
94393,0.12666958153662214
94394,0.0026940674554152815
94398,0.05214231698330894
94399,0.004760946942099954
94400,0.0401593338547232
94401,0.002663630539663232
94402,0.005818514241858806
94404,0.10137387203914848
94406,0.007917083897185142
94407,0.009447686305406737
94413,0.0026683209247833524
94414,0.025756573959829488
94415,0.039199202908510256
94422,0.002895792794496282
94426,0.007900997973851869
94429,0.13547393299260704
94432,0.029607935239278002
94435,0.014074059008460298
94438,0.005593493816729116
94439,0.028878182985955632
94440,0.061697817316176164
94441,0.024809391344486103
94443,0.02543207133253239
94444,0.0031140222852569814
94446,0.004822924364092428
94447,0.0020080310594519004
94448,0.021257862862164963
94449,0.005104963012228385
94451,0.005501623378706718
94455,0.16545388520530818
94457,0.0023357713690160776
94462,0.014545750578859483
94469,3.817530946620771e-06
94471,1.0200407607884238e-06
94473,0.0006829301303210519
94474,0.004522712274691498
94476,0.07376553240423485
94477,0.005183254594964035
94478,0.0320958850535742
94481,0.1371171555741898
94482,0.014274684496085974
94488,0.13125326887539698
94490,0.018052224324887445
94491,0.0052421804196665376
94492,0.006440876052892939
94493,0.03831294550422736
94494,0.03109960308886873
94495,0.0004980164119634595
94496,0.07849003947752527
94498,3.517618648545685e-08
94501,0.04102427866424049
94505,0.038028055956214925
94506,0.018052224324887445
94509,0.127953676818947
94512,0.012989562025051186
94516,0.0025543641059630564
94519,0.0023152028275469382
94520,0.04978701583550052
94522,0.004271928036498238
94524,0.02395413017005776
94532,0.0037668565192309354
94534,0.004030911300229017
94536,0.050045283589509576
94537,0.011192781939267517
94541,0.1093456792341538
94543,0.007802268306958697
94546,0.006785952432846942
94549,0.04183691353665057
94557,0.01738596481010902
94558,0.14450196054888953
94559,0.0125924964037142
94561,0.10265974579908801
94562,0.027251992933937336
94563,0.0012663228883027524
94564,0.10160586930911117
94566,0.05944816306551783
94568,0.029721246805330736
94569,0.0015228639011961131
94570,0.04271668412354156
94572,0.005020575960351443
94575,0.041976135154282466
94577,0.024810545778725386
94579,0.0032724604094514624
94580,0.022713188366066065
94582,0.015323681937220468
94584,0.020002971067278934
94587,0.023858506363436276
94589,0.05389836100446763
94590,0.0002724321549500135
94592,0.013428322171162608
94594,0.006626262040598582
94597,0.14573279634021177
94599,0.003742452422539523
94600,0.11608941999523206
94602,0.007556984295076751
94604,0.02053991260868753
94606,0.16423112536857612
94609,0.0023302004059752974
94610,0.061023955953506306
94611,0.005336536175040356
94612,0.0032370935424294437
94614,0.011263804338504406
94617,0.00293199859373909
94620,0.043401762797454696
94621,0.015927432689728144
94623,0.007491667236051535
94624,0.0030365396302204596
94625,0.0071072360596496015
94629,0.00679502424424965
94630,0.03225331427332676
94631,0.003034143117666595
94636,0.026722503829994783
94639,0.0022459454632257
94642,0.003145126026185708
94644,0.037522296894676635
94648,0.00170850207643345
94649,0.1542132336179902
94650,0.036020209724626294
94651,0.003238187055178698
94656,0.005675535580515888
94658,0.11294825974925914
94659,0.0040477054879921644
94660,0.030965750133575522
94667,0.004500085329986183
94670,0.21772039083488068
94673,0.0063963878002716995
94674,0.005520247099865
94677,0.00972106084995175
94679,0.007415633582644666
94684,0.020717606132704097
94686,0.030399347239099442
94687,0.002273140338664703
94688,0.060477086359074575
94689,0.004512375609163451
94692,0.017467058473446945
94693,0.01284408349131812
94694,0.0030854341296699334
94696,2.6895306898260623e-07
94697,0.004868985244759736
94699,0.006152432647674073
94700,0.08000072879872074
94703,0.010398422792566085
94704,0.018052224324887445
94705,0.0010509378225931046
94706,0.022402499370346468
94707,0.0002031213886957718
94708,0.010358894929887947
94709,0.003562133322820055
94713,0.03270341442489844
94716,0.13941183489863263
94717,0.0049624835500721234
94720,0.0058467662506762694
94721,0.007890814921781368
94725,0.0072657524400755
94726,0.002210598827765029
94728,0.07661461115526289
94731,0.02554651271644449
94733,0.0306299538323736
94735,0.002034205962270744
94737,0.001883108851936673
94738,0.00602550143358273
94741,0.02114691565205399
94742,0.023928709922873496
94744,0.0024334772469471575
94746,8.426816477199557e-05
94748,0.004023882446629658
94750,0.004545481893601975
94752,0.0013083606894737899
94753,0.029958516226255824
94755,0.02770060952313142
94757,0.12943357770874467
94758,0.00011115638835944701
94760,0.002923683506609496
94763,0.0047139278359763365
94764,0.004030810208486627
94765,1.2629812975390255e-08
94766,0.0035510704336473896
94767,0.005295717410992979
94769,0.010138579618971806
94770,0.011792950076027185
94771,0.0032370935424294437
94774,0.005607570838334134
94775,0.0038269507173013
94776,0.004455399919247756
94777,0.01621131009793416
94778,0.0018326473339094808
94779,0.01510671768617806
94780,0.002661593536387113
94781,0.13951888236645815
94783,0.05251600547119228
94786,0.03039252955512178
94790,0.0038988401982855228
94791,0.003111477838455172
94795,0.006373849386713431
94796,0.0038956387937775835
94797,0.018418573397525752
94798,0.10310846931533417
94802,0.2659363435079939
94803,0.030335527968876223
94804,0.009751282995892684
94809,0.005001100097433993
94810,0.006021771249101782
94812,0.04411112416841864
94813,0.0053034247785384145
94816,0.04391606600711523
94817,0.031692289155851434
94818,0.04635246024283511
94819,0.004117134481144488
94821,0.0025919570915702364
94823,0.03163188917637671
94825,0.14302327307396503
94827,0.006703037405026678
94829,0.008226768571421019
94832,0.057305017368283376
94833,0.005027351149251569
94835,0.04271970937188293
94836,0.009898047783793378
94837,0.004297352566760699
94838,0.0030679676068706622
94839,0.003903356748135989
94840,0.005080185012118057
94844,0.003647000288853305
94847,0.03796306179519122
94848,0.015508160695690994
94849,0.005850708307815989
94850,0.04103467501586303
94852,0.0030364396030845135
94858,0.0074056489133357654
94859,8.693767128403525e-06
94862,0.0012831413780664768
94863,0.007689203520546451
94869,0.002740139700388237
94870,0.01725829985786759
94871,0.03300659918405489
94873,0.0015324404865684404
94874,0.004076248787632439
94876,0.019513761569314125
94879,0.02956200926440638
94882,0.00420967368975469
94883,0.04255819966815031
94885,0.0037660562120127843
94889,0.05061212967502673
94890,0.015537072812783739
94896,0.055111640518708434
94897,0.0046741807717016175
94898,0.0035063398518481157
94901,0.05390671436384874
94905,0.00043568287885237635
94906,0.0011029870798609615
94907,0.027212810328640386
94908,0.009831055733927504
94909,0.01828228330583178
94910,0.0030374161988428994
94911,0.0029510624183321163
94915,0.11484488580990222
94918,0.00013786732258470535
94921,0.05222814332816025
94922,0.0039243201918663815
94924,1.727908146274045e-05
94925,0.04223055971337484
94926,0.0028088349576823827
94927,0.018052224324887445
94928,0.008435170616316401
94931,0.0033495264632721618
94935,0.030289784857354753
94937,0.005975775043019598
94938,0.005178800618114451
94939,0.01918221634233451
94942,4.898316158745496e-05
94943,0.039130678532697624
94945,0.0030014995289934262
94946,0.11262639329635217
94949,0.009522386553618596
94950,0.0055688528194202
94951,0.0003155448466341447
94952,0.005121624796717394
94957,0.0024403344951473317
94958,0.013154382963668724
94961,0.017058144185669692
94963,0.004525653884988867
94967,0.012184638040178964
94969,0.029668859920216253
94971,0.026429979289591753
94974,0.06659633874778838
94976,0.031717804491356735
94978,0.10490313470161726
94983,0.009347926520126178
94984,0.007808252892137788
94985,0.021788945930248896
94986,0.005622329991810383
94987,0.0063033950583099175
94992,0.012497757277204386
94993,0.010146008180381859
94995,0.005341115507061262
94999,0.04978915324610868
95002,0.002986301786550017
95003,0.0045353831526920105
95005,0.0005132058450709106
95006,0.003111220375159631
95008,0.127673348417914
95010,0.004001273267438283
95012,0.0037165277427146023
95013,0.0043440265020247976
95014,0.005687002144261958
95015,0.05458255511589325
95017,0.0022688560598820937
95021,0.036557721966578895
95027,0.0033925463530922574
95028,0.14137648241218956
95030,0.017911581250133382
95031,0.013693348989300927
95035,0.012163923514705093
95037,0.008962933138404959
95039,0.029627475740351874
95043,0.14014335029112318
95045,0.033503447031847274
95047,0.017515843527696914
95048,1.7700024059682815e-05
95051,0.044960929031976765
95052,0.10067815802100293
95054,0.01959725703519447
95055,0.006176929004919319
95059,0.001644220277845602
95062,0.004460222202638965
95065,0.0028352441813744135
95067,0.009128288899912724
95068,0.11398853336289669
95074,0.01345533146694142
95076,0.0030478907700705184
95078,0.12083780761247911
95079,0.0336370241970336
95082,0.004865607221446571
95083,0.018052224324887445
95087,7.924948817186316e-06
95088,0.00784482184555575
95090,0.01991447893257519
95091,0.01345763788462251
95093,0.14073630061299888
95094,0.006284911932407956
95095,0.015894698837232435
95097,0.0034239404464727554
95098,0.003108553568713828
95100,0.003405226073464265
95102,0.04432129932953884
95103,0.0071544195940585415
95104,0.03750023745870721
95105,0.003327199983646032
95107,0.0026455961052958585
95108,0.011642936480053621
95109,0.03512457114297621
95111,0.004380543528520733
95112,3.9746381997105943e-10
95116,0.04570986389783955
95117,0.01078589719101155
95118,0.07865514333602928
95119,0.024831640590553483
95121,0.000789716375443164
95125,0.0023005775913446476
95126,0.033081380120248416
95127,0.04918536733879443
95132,0.003947501486106122
95134,0.02803001901167484
95139,0.028155443765024976
95140,2.644961162285772e-06
95141,0.11500188558383612
95143,8.803827691702372e-05
95145,0.0031690319412322854
95148,0.028887771258596255
95149,3.7060988817105346e-05
95151,9.302191736565164e-06
95154,2.3402814575800174e-05
95155,0.007383304764388304
95156,0.029066003454029606
95157,0.03440527244408891
95160,0.0033111592224794643
95161,0.002986301786550017
95164,0.02993410236755105
95166,0.0014344314741157218
95174,0.025591713265088356
95175,0.026797592414538687
95179,0.06568395292320313
95180,0.013896139018153406
95181,0.0002932010251323736
95186,0.019368649171493446
95187,0.0066669701692020225
95188,0.002360912285350136
95191,0.003520795624579071
95193,0.07206046120649004
95195,0.004833118730124711
95196,0.09466560948818337
95198,0.002150044685687533
95200,0.008704241017651536
95201,0.07620802643243901
95202,0.00814665165023993
95207,0.003636313549889747
95208,0.0006533801158443996
95209,8.06259891647077e-05
95211,0.004825419731988936
95212,0.00466704130856622
95213,0.0027814991748461903
95214,0.025351799737510575
95216,0.001114733452931353
95217,0.004791167782782311
95219,0.005676134795194026
95221,0.0109434776819027
95224,0.08227831744559047
95226,0.004893597123176533
95228,0.07708963064813192
95230,0.04039783449266276
95233,0.004209944924570339
95234,0.00434926509239146
95235,0.11034021614030039
95237,0.057987732257863245
95239,0.11546817717009507
95242,0.015027908359982788
95243,0.002468648687940559
95246,0.00737453132116858
95248,0.004242776703810481
95249,0.0066632062814467345
95250,0.003325819107706606
95252,0.04146160746314423
95253,0.1974705450667948
95254,0.003231842900531676
95255,0.0389457640745064
95256,0.0004005663623300721
95257,0.005908696714728263
95264,0.0879429227152213
95266,0.030815917260182353
95267,0.0542777867198908
95268,0.10237144314528047
95271,0.021911428758601952
95273,0.006920621134977794
95275,0.016815319622227203
95276,0.010728657042387362
95277,0.008740112050467808
95278,0.007345123056238556
95279,0.00011015342417918467
95280,0.00013890682809542418
95281,0.20530751850633214
95282,0.06327735594484482
95284,0.0003819772330368663
95287,0.01061705522165027
95288,0.002254729195538626
95289,0.011664232780825927
95291,0.007328637468222466
95295,0.004646843983283633
95299,0.008167779303037984
95304,0.005400209804004836
95306,0.000878125813965733
95309,0.02249124465953402
95313,0.004370500717224078
95316,0.03185635329217751
95317,0.003036508578541464
95318,0.021097844037181724
95319,0.002971715361557015
95321,0.027795367409607377
95322,0.020979864231061584
95323,0.05002623866295336
95325,0.01904217755382124
95326,0.02254190198375007
95328,0.007333305870905523
95330,0.003976629786646002
95331,0.005894676690339695
95333,0.02257698405375241
95336,0.025948247751810836
95338,0.07281658552503671
95339,3.564200867275779e-05
95340,0.01855855108435078
95341,0.0031153287425769584
95342,0.007732945571195739
95343,1.2398509385959357e-12
95346,0.029706007687331174
95348,0.018052224324887445
95349,0.027046151663073364
95352,0.006394398013739062
95353,0.018052224324887445
95354,0.0433429214366589
95355,0.013096494299272968
95356,0.018052224324887445
95357,0.06553769128094208
95360,0.012248015051781549
95361,0.005358923207330974
95364,0.09135613465697283
95368,1.0017016850732661e-05
95371,0.005010873082066848
95372,0.001476352979155355
95373,0.040076195298404
95374,0.12397117937173881
95375,0.06312607956364401
95377,0.005913428161644612
95381,0.007897528069209157
95386,0.06659633874778838
95389,0.02666545105909117
95392,0.002285345230170587
95393,0.05767643598403004
95394,0.12028239618541313
95396,0.028781601718016907
95398,0.027056423350569524
95401,0.020607128085141698
95402,0.004616394756487179
95404,0.018052224324887445
95405,0.02397427187381967
95406,0.0038559167506701376
95407,0.08710880838036314
95408,0.012805846636848589
95410,0.16178810821902867
95411,0.00442705907824905
95413,0.007476604201313533
95421,0.028403854514209733
95422,0.01732055614451717
95423,0.009261790020489422
95426,0.05952059825444084
95429,0.005002863392908687
95430,0.004049532276379392
95433,0.00920363376770991
95434,0.1019136031462462
95437,0.005929534082418315
95438,0.010535491731055705
95439,0.015559865628023419
95443,0.03523613350921057
95444,0.01729286084880713
95446,0.008674041245351587
95449,0.020032423030077965
95450,0.024936999053419076
95453,0.1348608084687236
95457,0.007774000030780836
95458,0.0058467508484422665
95459,0.005240263657408186
95462,0.02448673446887762
95463,0.00294471219842654
95464,0.1363788041340351
95465,0.042087269371729415
95466,0.0036735045025843116
95467,0.004871530126343789
95469,0.010866694717329609
95470,0.002071435504327888
95473,0.04255270590542653
95474,7.048166477671717e-23
95476,0.003405240301679851
95477,0.07001352843782074
95478,0.0031679939574505976
95479,0.018052224324887445
95480,4.118862032310171e-05
95482,0.18581981070341416
95483,0.0029346826755771516
95484,0.005129451263872975
95485,0.004594618187124871
95487,0.0044234670539124886
95489,0.017202979904259647
95490,0.06709378435744025
95491,0.006907704011277421
95492,0.020894015160876852
95493,0.006809782882839809
95497,0.02436293971673436
95498,0.003467410805975188
95502,5.331556122113166e-22
95504,0.11883572809675567
95505,0.04391691542973836
95508,0.009462443992951396
95509,9.190177720355918e-10
95510,0.0879134971632662
95511,0.041189274864991646
95512,0.003204120056949472
95513,0.051220410266895146
95516,0.022935544768934016
95517,0.01990571679580342
95519,0.03294764506857126
95520,0.020191763599225532
95522,0.016737771730269684
95525,0.0026126489017548656
95526,1.2951238331423304e-07
95528,0.001698865458700081
95530,0.13087381419561742
95532,0.007077299023060838
95534,0.003132062692624189
95535,0.0023982612047643227
95536,0.0017496417443165488
95538,0.0039207052750779145
95539,0.0029463307851415863
95545,0.014588412967354313
95546,0.11311177413227375
95547,0.0006909035418063336
95552,0.005978154561796671
95555,0.004176345895005362
95558,0.043194165341666736
95559,0.014495628838833423
95560,0.025717505579541576
95561,0.010810833253505889
95562,0.1248636188896575
95565,0.000884638675348337
95566,0.11320620219464102
95568,0.0034429802547520255
95570,0.0073823587252631355
95573,0.00026925569604692136
95579,0.004274941774445114
95581,0.022016552957059614
95587,0.008010196966826852
95589,0.0022079736471773068
95590,0.0475007019324608
95591,0.017208023734150344
95592,0.038798685828931714
95593,0.005179256293759152
95594,0.013609986080870287
95596,0.004450146825917738
95598,0.04125949344441932
95599,0.04683511080667046
95601,0.003248979710346117
95602,0.0017397085723776318
95604,0.016209148252924275
95609,0.01569154222133482
95613,0.024894251221381503
95614,0.030195674241472386
95618,0.006110055909215712
95620,0.0018565123010054212
95621,0.008492209078430544
95622,0.11453743857079537
95624,0.03359739550961475
95625,0.029471724025683432
95626,3.91515774722853e-05
95627,0.007501984946670006
95630,0.12878087584898668
95633,0.10029252891060007
95634,0.10019873996682946
95635,0.005990604742828074
95639,0.0338841805609314
95641,0.03302505433132342
95643,0.0008417624681546434
95644,0.012650681826536883
95645,0.006055002308074746
95646,0.007806585758531477
95649,0.03999616486253827
95650,0.005089867992168358
95652,0.001033399391475399
95653,0.003149905788909157
95654,0.020970903967548714
95656,0.13347606697014944
95658,0.056398887471171916
95659,0.00021526207997908648
95660,0.0263901997223341
95661,0.012401935526107036
95668,0.04904994523636778
95672,0.038425099941524626
95673,0.006734433621192258
95675,0.01761157930513796
95676,0.047687557392279534
95678,0.06595368139327046
95680,0.024157922540939014
95681,0.04529662758429562
95682,0.003954182576785719
95684,0.003846332719388345
95685,0.027521935683586844
95688,0.0030365495410917174
95689,0.11257276818593855
95690,6.217741965395582e-08
95691,0.0020857570389593467
95693,0.0012793485956536176
95694,0.005795919358981632
95696,0.027781688182468508
95698,0.05175740909539615
95700,0.01728199776180649
95701,0.013620587678747438
95704,0.013159660359492972
95707,0.00659769164300553
95708,0.03597424773513811
95711,0.02958832868777976
95714,0.0038648228132279433
95717,0.07023200924186732
95719,0.051702020099432644
95721,0.0073506425328170345
95722,0.004300232703564418
95724,0.0032439329799078265
95725,0.005248960313835093
95726,0.002271583513808158
95729,0.003592259006642597
95732,0.03621046305087336
95735,0.02973054970824699
95737,0.02638861964160562
95738,0.004231321843474283
95739,0.02428270466216613
95740,0.0032367711764581023
95743,0.012509903661338587
95744,0.005287607804213755
95746,0.011036460134162604
95747,0.02280397487656003
95748,0.006392814675540583
95751,0.10975847973173876
95753,0.014566531763174176
95758,0.006129067337919784
95759,0.08031108560871221
95761,0.0010566531504225304
95762,0.029429774290345222
95767,0.003206018567320696
95768,0.13691450921918685
95769,0.1155015784523342
95770,0.006480150163870966
95771,0.006855632895848875
95775,0.005209478956939211
95776,0.1052522362046012
95778,0.02645820916495481
95779,0.03970084349401633
95780,0.002603762187498406
95781,0.12056780318456962
95783,0.0023172735104374192
95784,0.0038111002349843067
95785,0.005890256824171103
95787,0.0036256122985451416
95788,0.002558986789271622
95789,0.004512802989458021
95790,0.014385752290320242
95794,0.0038453440797160733
95796,0.010021697526945005
95798,0.00023540760420137267
95804,0.0008778220135911951
95808,0.011117372509494735
95809,0.0005831238857664686
95812,0.031434414241590734
95816,0.0029938960494756647
95820,0.017712267850069446
95821,0.0028732026838697955
95828,0.01632256517162783
95830,0.004132049217459043
95832,0.04937199774703667
95833,0.004603980188421818
95834,0.003960132815978733
95839,0.1344655376289309
95843,0.006416364933624106
95844,0.027781000524545053
95845,0.0034481001651564666
95846,0.019988783989459847
95853,0.02076804377674121
95855,0.013366175259379505
95857,0.06400391574644085
95859,0.026708219135150715
95860,0.0080655940707779
95862,0.00633346402013943
95864,0.003139581288694494
95865,0.11855635819619254
95866,0.025833117324708586
95867,0.024599121228710986
95868,0.003633416263128876
95869,0.022171541877821877
95872,0.036800187919081316
95873,0.0005203175358507758
95876,0.0031998759514295784
95877,0.009929544457288688
95879,0.008660654825675795
95883,0.012442627644314782
95884,0.004197236504771041
95885,0.010628033360983185
95888,0.00220311800849468
95889,0.005993345796758076
95890,0.0029660138969615814
95891,5.407914089866267e-05
95894,0.002986301786550017
95895,0.09051355840190042
95896,0.0013920690368932121
95897,0.004426863035584069
95899,0.01058041164859577
95901,0.003462213652228937
95906,0.003971457864617314
95909,0.02088284777848382
95910,0.08055239464080614
95912,0.0393455174493897
95915,0.0023006106751751803
95917,0.008362921518845929
95920,0.008610124332940268
95921,0.008445365421122565
95923,0.011793786372184372
95924,0.08777088730956546
95926,0.06441070114157697
95929,0.027553103441823053
95931,0.15073425129880053
95933,0.0030364068341830557
95936,0.01318576782571208
95938,0.00263237682197281
95942,0.007707988748025504
95943,0.04165360446380409
95944,0.018869041762665035
95946,4.910276302257412e-06
95948,0.009886194747400469
95954,0.00447238493240871
95955,0.009751512489580979
95956,0.030239588049756235
95958,3.709633057715975e-06
95963,0.0054308830615970955
95965,0.019364659770337186
95967,2.855575568548613e-05
95969,0.01655194169716107
95970,0.02506766258637173
95972,0.0008007204189567369
95973,0.011471723207939648
95975,0.006198225448324594
95977,0.0892569076149164
95978,0.03290515323703391
95980,0.07416506911514771
95981,0.10146591707537399
95982,0.012070860608340912
95983,0.004045015643115751
95987,0.1147069577270428
95988,0.009862380068562425
95989,0.007343638518676385
95992,0.0228839689646818
95995,0.038479842428724605
95996,0.03704068964100961
95997,0.0023682621186827584
95999,0.005160441753829422
96001,0.00024453219379480203
96002,0.003541410210370913
96005,0.012007462902587689
96007,0.006871465888732723
96010,0.03442532224442538
96012,0.006362991532319695
96013,0.0245721376556598
96015,0.03305969583692623
96017,0.0013869011401413792
96019,0.00902342737611974
96021,0.007730890391435552
96022,0.040340978581641505
96027,0.025665663188308926
96028,0.010291864075337288
96029,0.013668085135405773
96032,0.008289280487982026
96033,0.0331862878470218
96037,0.0008314852923038866
96040,0.012873152798161808
96041,4.5762773648168545e-05
96043,0.10970625672355486
96045,0.12307525343279532
96049,0.0017868938216996757
96051,0.012529515689175784
96052,0.001240189396037882
96053,0.017465116368455973
96056,0.008815677593071216
96057,0.004441210566748449
96061,0.018052224324887445
96062,0.0021859705276225344
96063,0.0056353318064523965
96064,0.011892423456835758
96066,0.010687740256682352
96068,0.15696980724392542
96071,0.024984937924910525
96073,0.006375033605862193
96074,4.347538458136267e-06
96075,0.0025032529219944583
96078,0.04888990213870835
96079,0.0029952891162879558
96080,0.04448241046731011
96084,0.004411753612117204
96086,0.06671560306862771
96087,0.008196441424632397
96088,0.015575297887002962
96089,0.014626927010807098
96091,0.02246164808412431
96095,0.004571117902916432
96099,0.020607128085141698
96101,0.0020490568415140607
96105,0.019340972656902256
96108,0.0030239934745116257
96113,0.005198997531781404
96115,0.12646407239670374
96118,0.12199948571949465
96120,0.011144018048927892
96122,0.02578642355485431
96123,0.004633910075687393
96128,4.940850153697665e-05
96129,0.0032988950520645515
96130,0.01633661323503065
96132,0.14591825323341037
96135,0.00165760203404613
96136,0.13530623932682986
96137,0.10505298698660813
96139,0.014315060294370397
96142,0.2782183536835873
96143,0.005015988931628942
96145,0.023985304631655022
96149,0.0032296447577083933
96151,0.05831175266631858
96152,0.014937699353509963
96155,0.050251888926462165
96156,0.005846528788335782
96157,0.04158370528145006
96160,0.008306553187180092
96161,0.05358921844124983
96162,0.02181981695493863
96164,0.0015462111174144647
96165,0.017632337411649567
96167,0.0025207096676528773
96170,1.8585651336222513e-06
96173,0.018052224324887445
96175,0.008352842680005773
96177,0.008033504536876636
96178,0.00911113597330248
96182,0.00038287449100469085
96186,0.025612670810610527
96189,0.128284285452937
96190,0.0031925142804095363
96193,0.009007201261233857
96196,0.0027732418110746047
96198,0.002642259259426952
96203,0.008831241834181611
96207,0.15378452403509682
96209,0.0996882797754116
96212,0.026291371628541328
96214,0.0263377090488411
96215,0.003008775967409287
96216,0.0023539276676176413
96217,0.005013876897912743
96221,0.0056744028483719615
96223,0.003946781358181936
96226,0.002867890917637706
96228,0.0180761380345063
96229,0.028310276842429337
96230,0.009229046955643527
96231,0.1380464138777433
96232,0.0009338096416634807
96233,0.16185442346681794
96237,0.03582422465131665
96240,0.005499272663960144
96242,0.00590141925441587
96243,0.006592408958127395
96244,0.009371541126371244
96245,0.0005956328375515374
96247,0.08715693740433561
96248,0.0393455174493897
96249,0.012355095871631458
96251,0.00878410139009118
96252,0.005306738945395578
96255,0.09852086036010183
96256,0.001525496297232444
96257,0.00039265235973995485
96259,0.0034985555429535393
96260,0.03130917781244393
96261,0.009191563828619962
96263,0.004158364164324551
96264,0.019580873222775796
96265,0.046843169117600614
96268,0.022099923997241932
96273,0.003640796833910174
96276,0.1496994266786851
96277,0.015697610225052942
96279,0.0012646461721257359
96280,0.024213311482129
96281,0.006921437784327919
96282,0.024669867274779954
96283,0.04271970937188293
96284,0.08213595333126769
96287,0.014430487952659103
96290,5.021557282530268e-06
96292,0.002767273926718261
96295,0.005958381854824281
96301,0.00707947539275938
96303,0.0032242721142574735
96304,0.04827857997608408
96305,0.04263293636464086
96306,0.06733985848055762
96307,0.022707954772184475
96308,0.04522782594460027
96309,0.0012683904134940288
96311,0.007579702341549107
96314,0.03629461773620655
96315,0.007622498774968063
96317,0.0038864171389628908
96318,0.0002065036905639845
96320,0.009979315756132133
96321,0.009691973066922821
96323,0.006405294518897519
96324,0.02619434863420697
96325,0.004110081809862495
96326,4.15135071279536e-08
96327,0.10358610882828614
96330,0.04635357986384862
96332,0.0030364184628700252
96335,0.007570285906745572
96337,0.019426213456307254
96338,0.018969751382938806
96339,0.030790418454525244
96341,0.009469823300555732
96346,0.008506491118541511
96347,0.00783665123142073
96349,0.00375396218713652
96352,0.01876185672514488
96353,0.0034624844361372926
96355,0.00548440964139216
96358,0.01016215342395496
96361,0.014131376242958429
96365,0.006233990099398373
96366,0.019547921226824107
96373,0.027972192359858834
96374,0.02682221684467357
96375,0.003354787444563867
96376,0.01157664772144002
96378,0.006662127424147814
96379,0.005517616322261994
96381,0.047399911715386295
96383,0.007419685475622506
96385,0.013046704684054777
96389,0.0032429212273994107
96390,0.003543466734793533
96391,0.08059478884770269
96394,0.018052224324887445
96397,0.017226610922265337
96398,0.004178100157271712
96399,0.17818024992578294
96400,0.012916240534652788
96402,0.005463984589667899
96405,0.03115588069935725
96408,0.0051129620871905096
96409,0.01883538337601382
96410,0.02259771637222906
96412,0.020714466295807178
96413,0.005841154868355377
96415,0.07883195368622319
96417,0.03220371952061054
96418,0.00446707997108104
96419,0.008001215104838515
96424,0.00438430189626196
96426,0.0006199995262503476
96427,0.0041207572482005305
96428,0.11914534643604198
96429,0.02997155186207863
96430,0.015661681237483027
96432,0.003551233230991054
96433,0.01855034718976987
96434,0.0013161822257315651
96435,0.003526196951746646
96436,0.003406914618691741
96437,7.662451677756485e-05
96439,0.004182943383432803
96441,0.000239472836465494
96444,0.04683139273151795
96450,0.0020767800756669266
96451,0.005954633001095458
96458,0.1337465376776456
96460,0.01345980477315493
96462,0.0025588200872249884
96464,0.05357460499963714
96465,0.20074767871741392
96466,0.0046072598826122305
96470,0.1114546888787777
96471,0.005758739771109803
96472,0.0056837224800165296
96473,0.011670882416545835
96474,0.0048754595023853655
96476,0.006271286905379908
96477,0.003252877519563996
96478,0.030757730084069068
96479,0.0004428789415768919
96480,0.004118305584523895
96481,0.022564824361347734
96483,0.08946965280147848
96484,0.004356711068822628
96485,0.002859375967364653
96486,0.004799585491315405
96487,0.0003364026555828232
96488,0.22290314226946892
96491,0.004189256646648442
96494,0.007772957474609843
96495,1.0035605237657966e-06
96499,0.08737163656968677
96500,0.0033309068168419194
96505,0.004825597026847918
96511,0.005671770226887528
96512,0.17431610520669893
96514,0.030253514052537726
96515,0.006778744487123403
96516,0.01195454577174147
96517,0.10423048606630383
96521,0.011839070046724095
96524,0.09026214357800821
96525,0.005179573678564058
96528,0.045486893671592046
96534,0.08832445324395467
96538,0.010008261223245107
96539,0.13525207006804535
96540,0.002182684879671404
96541,0.001963456181432671
96545,0.003658163511566716
96548,0.010418567572530736
96549,0.019600836435580506
96550,0.004179790007978645
96551,0.024916313040653396
96552,0.03808465128932807
96554,0.02572912088986844
96555,0.024482489988182067
96557,0.018052224324887445
96563,1.0626934344906698e-05
96564,0.10562092437683994
96567,0.006978146328094224
96568,0.012935759735240394
96570,0.1489064298165389
96571,0.004275344174646675
96578,0.026665274292483634
96579,0.023393166419081783
96582,0.030549972447704996
96583,0.15851333306037677
96584,0.025196145425443277
96585,0.03060779873978634
96586,0.008124177950485274
96587,0.061835309606038606
96591,0.005322340462221476
96601,0.004263077752333203
96603,0.0029930853376473154
96604,0.012953868418012321
96606,0.005319511351018309
96607,0.016525309096143886
96608,0.0028614997894954686
96609,0.03100656671733524
96610,0.005396148307053316
96617,0.016259857881500476
96618,0.029304077726090737
96620,0.014125659193759505
96621,0.05330468209137753
96627,0.0015615251323913178
96628,0.000841391046674394
96629,0.0031714857723475487
96630,0.021430828077684677
96631,0.006338642447700851
96632,0.003947425084776999
96633,0.0018640279855132278
96635,0.0030079577896263026
96637,0.00340538443643256
96638,0.0014911117599618645
96640,0.0036009108930372823
96641,0.017655145839921414
96642,0.024537761895408565
96646,0.01356175082788388
96647,0.005351791419945169
96650,0.0026274423726042346
96651,0.0037690174374167603
96652,0.03274798870520824
96653,0.007348621681706861
96657,0.0014279128949525564
96658,0.0032115759362231645
96660,0.003723210449311859
96662,0.012285442642818412
96665,0.015383753263733868
96666,0.003134391112866499
96668,0.0024146564918566733
96670,0.005392292416229515
96675,0.027265702198111526
96677,0.07793192209221424
96679,0.008471001421686306
96681,0.09583269527129444
96682,0.02313021883772095
96693,0.014556420593731452
96695,0.05646028401077578
96696,0.017121907603392356
96698,0.019236368782439544
96699,0.005035743307433854
96701,0.005498560847099536
96704,0.026665274292483634
96705,0.02246400146888005
96712,0.0043845348633625965
96714,0.006622569774467667
96717,0.004557763123150245
96718,0.101698235269733
96720,0.028270101681360266
96721,0.00943154319188103
96725,0.020929501618126536
96727,0.022750490029106674
96730,0.018052224324887445
96731,0.002973312468232188
96732,0.0245378854444582
96733,0.005030015680687263
96735,0.004368616636659011
96736,3.5953163332618424e-06
96738,0.015600827708324258
96739,0.040516371116309985
96740,0.002486377214126381
96741,0.0034181757846137996
96744,0.0065727725562760705
96746,0.0009034733116881061
96747,0.034448903501487
96748,0.029347248923147714
96749,0.005807249872965503
96750,0.0034141588043060597
96752,0.1169469395081352
96755,0.03174372279971871
96757,0.059060537088942607
96758,0.005316893818807808
96760,0.01840234589719818
96761,0.030292395548725638
96763,0.0038100842779549304
96765,0.00908869230552565
96766,0.15026692103301892
96769,0.018726999924698513
96771,0.020502196832996786
96773,0.00584206659192183
96774,0.020806536972776533
96775,0.008597998293797034
96776,0.0021064524727199066
96777,0.11325430413602473
96787,0.0004091743048017349
96788,0.006892384496702693
96790,0.005536675117364065
96791,0.09342017132353982
96793,0.01825381172163898
96795,0.04264265186638478
96796,0.0003952092097631499
96797,0.010421268440279964
96803,0.02002478104269162
96805,0.10686354642229956
96806,0.04868060472761315
96807,0.026768709180940445
96808,0.0642286084979427
96810,0.1160887090061014
96812,0.00010747189572734561
96815,0.002296828291188903
96817,0.0036682052464669375
96818,0.24414431804389655
96820,0.003947276729561885
96821,0.012210104181819956
96824,0.05411347641774172
96825,0.1309561075249084
96827,0.00020171878856849778
96830,0.016782860423907458
96831,0.003169647547485425
96834,0.008816847124647496
96835,0.007325807641566014
96837,0.0040674923846596095
96842,0.006663890544128754
96843,0.022007050129685554
96845,0.005458224908049385
96846,0.0040370713350509095
96847,0.0029573584308741495
96850,0.035232569392533684
96852,0.02297522754341736
96854,0.009724944874353835
96857,0.08014755410836336
96861,3.587840090333883e-05
96864,0.08474185427055317
96865,3.4060187591941437e-10
96867,0.018751179938907306
96871,0.004686094052737968
96872,0.005666629415243213
96873,0.011976797323479949
96875,0.0034943523558908594
96876,0.014507680095662837
96878,0.1396265824269424
96879,0.0001668281904708431
96882,0.029638465634218906
96888,0.001640966410763082
96889,0.037891971252667495
96890,0.052077947289154006
96891,0.02627557423812137
96892,0.037578827322007013
96894,0.00758926190379713
96897,0.009294464276134852
96901,0.00414510755282993
96903,0.0029473871187740775
96910,0.001060013473446371
96911,0.018736717546370095
96912,0.13499872565052048
96913,0.0011310726150828081
96914,0.18621698566042122
96916,0.08156649824237144
96918,0.014081707742228458
96922,0.0020460293651191315
96925,0.00017255273597633705
96931,0.01694044649841279
96933,0.0045401403659645415
96934,0.1117224919680058
96940,0.006203980604374347
96941,0.0029265536635545916
96943,0.002388339194415765
96944,0.0034622284095638823
96945,0.005231303442462397
96946,0.060200350702364444
96948,0.00399544518199431
96949,0.0041012125947815425
96952,0.006791855745793213
96953,0.0015055306259220426
96957,0.004218044717414874
96960,0.0030365724005506846
96962,0.0031294347485680413
96964,0.015893848704258053
96965,0.004137652938962835
96966,0.019614483060828455
96968,0.0028526105796580856
96969,0.049756946057044824
96970,0.024084337102114634
96971,0.04404295632347995
96973,0.0023520978213748996
96977,0.03083324097148453
96978,0.02811285238835709
96981,0.025976442692321057
96983,0.006838622545437802
96984,0.006936742831773758
96988,0.012952812351868704
96989,0.006568935221545697
96990,0.003376187709666679
96991,0.08763738835437158
96992,0.0030365495410917174
96993,0.010335439459905725
96994,0.014725293478550653
96997,0.0014899712348815702
97001,0.002953397190809521
97004,0.003055067386774274
97007,0.01887729787269166
97009,0.004384687534765959
97010,0.002890713898805367
97011,0.006955885804051227
97012,0.11839770658311836
97013,0.07171914211904125
97015,0.06261925391785282
97018,0.006911764496538272
97021,0.0039965023877916025
97022,0.004881642311688753
97023,0.008407855488028911
97026,0.008653598035608065
97027,0.009174372504529162
97028,4.670159696669217e-05
97029,0.0023006106751751803
97030,0.005735858240996126
97031,0.01969174586668777
97032,0.019386977240375306
97033,0.006850512842597854
97034,0.0036124403942110923
97038,0.13122769172500476
97039,0.14909715770514323
97042,0.003234406200637974
97045,0.0030363740656341666
97046,0.018168870623175452
97047,0.013303506152070705
97049,0.0045976248431105465
97051,0.04187276082698919
97052,0.011069554784426405
97054,0.11308308147043618
97056,0.005573300776991239
97060,0.003412749950182524
97062,0.0169865958655267
97063,0.043919326178249424
97066,0.002971972626971057
97073,0.00010792986443589476
97077,0.006387061129193883
97082,0.004367219671504086
97084,0.018850968883002903
97085,0.01745415440492571
97088,0.00563502456121721
97096,0.001994133627429585
97097,0.008967924356025966
97099,0.003644253892151228
97100,0.026047434688320832
97104,0.005959262437293502
97107,0.006067028043549425
97109,0.03126699415794713
97110,0.011918684420350122
97112,0.006774644540242386
97113,0.009532894036229532
97115,0.0009911148459715313
97117,0.0034690778973816526
97120,0.005913231991710227
97124,0.0027924762397561285
97125,0.005664326414511296
97127,0.003369520025968158
97128,0.004895231636978079
97129,0.00362290405056927
97130,0.10810556522291549
97131,0.08671983305044632
97132,0.043011157726616844
97133,0.0034631376176451514
97134,0.020822565304353266
97135,0.005956200065184658
97136,0.04612626086367128
97139,0.0037084004860542925
97141,0.034243647383781904
97142,0.005737797935750772
97143,0.09944627367422015
97144,0.01898134128255131
97145,0.0015650219160229485
97146,0.0025320918361851053
97147,0.01983535438684404
97150,0.0068318252888748664
97153,0.00545159499741769
97155,0.009542286332448927
97156,0.010859118495761643
97163,0.003240461496182579
97164,0.01928743969424732
97165,0.02596258803032144
97170,0.03748493695017733
97172,0.00593870591393854
97173,0.004409401781891766
97177,0.008742347955949279
97180,5.762263375324861e-06
97181,0.00021593135472296196
97183,0.003205715446813958
97185,0.005897255845271267
97189,0.001845891877539785
97191,0.026703030941013714
97194,0.02077245327070104
97197,0.0023651636720548722
97198,0.025989871745680657
97200,0.006987536940581134
97203,0.012373816045636232
97204,0.007875662691909535
97205,0.003462213652228937
97207,0.06786062084108688
97209,0.008939643167116334
97210,0.0041667965735045455
97211,0.003326082097954813
97213,0.0136743686940923
97217,0.009382524661802892
97219,3.218545081240288e-06
97221,0.004935571723587583
97223,0.03045799914223951
97225,0.007117959851212273
97226,0.005110231888083966
97227,0.004684603078136897
97229,0.0832787794722298
97234,0.017896460095119186
97235,0.031016998512985627
97236,3.7942104251685643e-05
97238,0.008325343857470715
97241,0.004389078629037634
97243,0.01230186963753151
97244,0.021161560691404704
97247,0.028788905454154055
97249,0.01381439515807137
97252,0.03425000888363162
97253,0.0025778738517141285
97254,0.003690649028865179
97256,0.010933301088806406
97258,0.0028345272797142287
97259,0.0022290886020693234
97260,0.005850983575332704
97261,0.031072737297197252
97262,0.023700715542218625
97272,0.006610982316359604
97275,0.08508037388460299
97278,0.027815389442793347
97279,0.059647197458490696
97280,0.036617173962712135
97283,0.0026241318279561316
97284,0.16013369473417086
97287,0.01663813237206374
97288,0.04115066559737499
97289,0.0056980521940108685
97290,0.00290906509077313
97293,0.0025322883208396593
97297,0.049434121072601464
97300,0.006648620808072527
97301,0.022185866394687177
97306,0.01218416951116695
97307,0.008694889808825762
97308,0.01674882442376928
97309,0.028969772675936947
97312,0.011179849886131113
97313,0.003034197324746381
97314,1.9308465360054397e-12
97316,0.00015769348576882776
97318,0.02789758589669878
97322,0.02182156656779974
97323,0.004129126789572159
97326,0.004536343783238714
97329,0.01132291742051638
97330,0.022603284397064646
97331,0.0032697080728078228
97332,0.01888064245341492
97333,0.0017114794042170007
97334,0.0030364641799919797
97338,0.0029594330043175043
97340,0.006840305255531715
97341,0.0011367381571367888
97344,0.11654092972479395
97347,0.04917598120725077
97348,0.04219468208970903
97349,0.01813712611558628
97350,0.023338872960213215
97351,0.05135255366300036
97353,0.004460066671471343
97358,0.031800413423818334
97365,0.008107483282453462
97366,0.07185229271633557
97367,0.00399533269590035
97369,0.005489781089726477
97370,0.04998868459768218
97371,0.015711892834479373
97372,0.01609920283222431
97374,0.018052224324887445
97375,0.018052224324887445
97377,0.016221225840769557
97378,0.011163998252680274
97379,0.17633395148255435
97380,0.024482489988182067
97382,0.004206283169951615
97383,0.003316230929067058
97384,0.006601308327272391
97386,0.0038804283125003836
97387,0.00469645050711841
97388,0.006832909995355315
97391,0.04477438798657381
97392,0.08249187598594866
97394,0.020253825953004005
97395,0.007237540601739906
97396,0.025592093587879866
97397,0.01837111273090637
97405,2.615067342079195e-05
97406,0.14622608312591653
97409,0.005431101126834091
97411,0.003391737689433883
97412,0.02059455601523284
97413,0.0907762350881048
97414,0.0033186960868076738
97417,0.00920849875383813
97418,0.0034051720247245043
97421,0.08521548856522393
97422,0.008112667157052715
97423,0.04777295857961003
97424,0.0033984944208621257
97425,0.017409762750617785
97428,0.036165939845273554
97429,0.011902955749108114
97430,0.0024309409815034336
97437,0.003947384918579578
97439,0.006280101261431215
97440,0.034585955078601176
97443,0.004595611659499481
97446,0.04634942530080664
97447,0.018052224324887445
97448,0.014565546715234875
97453,0.005033826707626605
97456,0.011126397705413446
97457,0.003807523263612093
97458,0.030289784857354753
97464,0.003213135518626881
97467,0.019401881208474418
97470,0.0037422830411628556
97473,0.00896608338885366
97474,0.05095398701542483
97475,0.1371195790062508
97477,0.11313165707205788
97481,0.11201626426705193
97482,0.04867260018173409
97483,0.0027326697356741527
97484,0.009670872252748713
97485,0.0024261721539788417
97487,0.0032558653980657498
97488,0.03947670585778978
97491,0.004539006228783511
97492,0.02869567737665019
97493,0.0041733692825825066
97495,0.010947373030460164
97496,0.04017882782248195
97498,0.004683218890400698
97499,0.003316292437878661
97501,0.11126111729715708
97502,0.012218207131956206
97504,0.0045966515750918285
97505,0.0004935107793756091
97506,0.01713311968691245
97507,0.027052070160186147
97508,0.00267386672292774
97509,9.238489371905785e-05
97512,0.001276896706989573
97513,0.018744571088329817
97514,0.004280945766518998
97517,0.0004172939664347001
97520,2.7408416090851663e-05
97521,0.004936535181198582
97524,0.018811836931599563
97526,0.09117324162669932
97529,0.05621119302770701
97530,0.0074859360665729385
97532,0.005033994614756511
97533,0.015845493648363535
97535,0.0014250836549644702
97536,0.007545450886151779
97539,0.0348560862539651
97540,0.00012367514612070235
97541,0.004546328089399294
97543,0.028288212709389228
97544,0.03151782195634945
97546,0.00014142461123590436
97547,0.00458054891783786
97551,0.0023424031686165338
97552,0.002986232319508815
97553,0.005368963537372015
97559,0.0014802087666041471
97560,0.00329694354520597
97562,0.00033167144091257914
97565,0.004671891516281454
97566,0.02802187612734887
97567,0.006667929214618509
97569,0.005091830259783798
97570,0.04065830115729244
97572,0.00046624555907516627
97573,0.0018322069355302176
97575,0.004756088745014406
97576,0.0031469630341515857
97577,0.0142044910139556
97578,0.10703059841226972
97583,2.161971329865717e-05
97584,0.003654429463632788
97587,0.014252454160188142
97588,0.1564691984795008
97589,0.0030365724005506846
97590,0.004904342015179942
97592,0.023086269294718843
97595,0.013565496141761892
97596,0.006092471920182889
97599,0.017520313871979755
97600,0.0035629125131809813
97602,0.004465352129439475
97606,0.00346223232630371
97607,0.13520301818763952
97611,0.002314097571604896
97612,0.0032494848057023004
97613,0.0043680419991862975
97614,0.005421978082102752
97615,0.009427569474671537
97620,0.0016844730130940958
97623,0.11848949477844699
97624,0.004994298199870728
97625,0.0003842336641598109
97627,0.00220328802490868
97628,0.028117738551578005
97629,0.10185302561361899
97633,0.0022822015536611254
97634,0.003164854126925441
97635,0.009429705920426348
97641,0.07617405872187431
97642,0.0005930862043725801
97646,0.048974672531278775
97647,0.017301372243245402
97648,0.023766844841670607
97650,0.0005534742885992284
97651,0.0058682118157808265
97655,0.017115241937779482
97656,0.006069122642965312
97663,1.6424492250804517e-05
97666,0.0035129316630937353
97667,0.32723587922782027
97670,0.009144427326198775
97672,0.08884411559858613
97674,0.006230449608990845
97675,0.004439549245170877
97676,0.002830531247326849
97677,0.015714242220715893
97679,0.0043073524324926
97680,0.005658376227855254
97682,0.0036653988249137357
97683,0.0012505110741811768
97685,0.06470213875001828
97687,0.024787232930645966
97688,0.11625352728840704
97691,0.00022142635458464264
97692,0.0008439619585893811
97695,0.07841465495361312
97696,0.1403754594120182
97697,0.002179594112354667
97699,0.006025816080752227
97700,0.0033901475681757725
97703,0.0016744652612494617
97704,0.030331513335526233
97705,0.027676002107737855
97706,0.022907433731361577
97710,0.10241424800204242
97716,0.005630392905063247
97717,0.01889681345458863
97718,0.008379516453199834
97722,0.004987506415570697
97724,0.0012103524522130698
97725,4.987435976294451e-06
97726,0.00276059354736611
97728,0.018487346826543447
97729,0.04151057509073255
97732,0.012897450709554194
97734,0.038800192848158
97735,0.008557423724931042
97736,0.019921856149246287
97737,0.00631109945617716
97740,0.032032927522444514
97741,0.004271471893697393
97747,0.03429969515878184
97748,0.015962206081171073
97750,0.001661222818768636
97753,0.005279200069117421
97754,0.012873691667781453
97755,0.27624425678222525
97758,0.004030903939331216
97759,0.13294133812796338
97761,0.0011712524303881355
97764,9.122682603512685e-06
97766,0.005001551236268353
97767,0.03980013174033651
97768,0.0024181400502201857
97771,0.0011458301014634195
97772,0.005000468448956905
97775,0.013815537879791038
97776,0.00747092305584064
97779,0.13546431388191582
97781,0.04819219873696854
97782,0.08096929982165631
97783,0.031155724303469738
97785,0.023714174445840945
97786,0.005711705422259926
97788,0.007399760774127017
97791,0.013378276733485068
97796,0.009066012681564161
97797,0.002613732944762421
97798,0.03705642930635932
97799,0.022143908423825902
97805,0.0031870022110998286
97808,0.031107799569655554
97810,0.09965866926109802
97811,0.007309245015846844
97813,0.010784018201952194
97821,0.04271970937188293
97822,0.005096486417410003
97823,0.006327486466683213
97824,0.2731700999342651
97827,0.004319446908875996
97831,0.024048888985099725
97833,0.00422557740445613
97834,0.03599112328989956
97837,0.034898864044261464
97839,0.0958802706447362
97842,0.13205238439729852
97843,0.03794224868357631
97846,0.05616972134236049
97847,0.009212454618959523
97848,0.06540447455391976
97849,0.019660455262067375
97850,0.04158126130234092
97852,0.0023634774988092757
97855,0.0031310020557828947
97856,0.0046654827768292705
97859,0.003947490888916572
97860,0.0014784532032115227
97866,0.07196206754337206
97870,0.017796565483975794
97872,0.0035571647596978734
97879,0.004122573386997532
97880,0.009823450544095945
97882,0.008695201870097653
97885,0.006327109584232368
97888,0.004945351402383561
97889,0.0051241447612575325
97891,0.0030182390469678374
97894,0.0034623964805641718
97896,0.05540252751644556
97897,0.006228399897101064
97899,0.003928738159165752
97900,0.022082021811700138
97901,0.02097885565554632
97902,0.0782075793866506
97904,0.019838612404405872
97906,0.003162264507614428
97909,0.007379848703284817
97911,7.40904803988489e-07
97915,0.05640297349973026
97917,0.022112349734493733
97918,0.018052224324887445
97919,0.008121417640346898
97922,9.317030923461211e-05
97929,0.031245118583743337
97933,0.018052224324887445
97934,0.09650298568906081
97935,0.01876484846579678
97938,4.148615782829597e-06
97940,0.003129358469327843
97942,0.006766378221496358
97945,0.010246587294784346
97946,0.06529958616146167
97947,0.02458861613419855
97948,0.0027819680393686066
97950,0.023221684681906645
97953,0.02596917277076635
97954,0.0015710338198571796
97955,0.019845107350717203
97958,0.0038595416834709705
97959,0.0204062199501207
97960,0.12294443164975233
97961,0.00504485629283209
97964,0.005402633730358515
97966,0.003291275195624334
97968,0.1462921250476378
97971,0.011552697731894377
97972,0.011533798963449192
97974,0.003738314192862296
97977,0.09957673211618745
97978,0.030626071473710686
97982,0.00619833991151
97983,0.017384682309220384
97984,0.018519358276513482
97987,0.014227801647533232
97988,0.021513378744538444
97989,0.02156780495198026
97990,0.0029938960494756647
97994,0.01935268022808477
97996,0.007006714797032502
97997,0.00582808898766265
98002,0.021213415113574094
98005,0.018052224324887445
98008,0.018124494880518875
98013,0.0030364430396068926
98014,0.041264727006576365
98015,0.014306231279594498
98019,0.02223625884185382
98020,0.0030363740656341666
98026,0.13908490525296696
98028,0.13347606697014944
98029,0.0003037635703899033
98032,0.01329867154702009
98033,0.04203991131308152
98034,0.003258639322343043
98039,0.17730072947653513
98044,0.01885682603782274
98048,0.021943840996356843
98051,0.005509178839996802
98052,0.2386665838777361
98055,0.0005997317109078485
98057,0.010915377719419212
98060,0.00020646346708545464
98063,0.02594450943228767
98065,0.0029739259288869163
98068,0.006534331188763553
98069,0.014192282908327865
98070,0.018052224324887445
98071,0.01415741878103991
98074,0.007103941782436995
98076,0.02447587361247532
98078,0.006132008071803724
98079,0.0037222885080694127
98081,0.014368178154733293
98082,0.006583976242707596
98084,0.09528874585300176
98085,0.019929259940771566
98086,0.002090459993219117
98087,0.010003119899660223
98088,0.006040439671621052
98089,0.01281795556050653
98091,0.012413690232625521
98094,0.15587464063909715
98096,0.13357825424691225
98101,0.03282493152253982
98103,0.0028350700540123847
98104,0.10941958303892489
98106,6.339484128850985e-05
98107,0.10731327915544916
98110,0.024482489988182067
98113,0.00033892928532962274
98117,0.030059646132613846
98119,0.004254372328904202
98120,0.02256611791197469
98121,0.004440268733274745
98122,0.06405410129060826
98125,0.012105790624757126
98128,0.006704610222944906
98129,0.005784051571189688
98135,0.007755456419979424
98136,0.02684586759532434
98140,0.00017239613623458888
98142,0.01113397634207844
98147,0.01206791545330666
98149,0.013921108065994368
98152,0.004442723482523772
98154,0.0008048678046105019
98156,0.004748774041739718
98157,0.003781989025770899
98161,0.009712058502472278
98162,0.027439219893964917
98164,0.02152286694979691
98166,0.018052224324887445
98167,0.09718614674097713
98172,0.004872340545258693
98176,0.1096673906018965
98181,0.03727399354948656
98184,0.06751454665789233
98186,0.025835200787470786
98188,0.007143078880017577
98190,0.01242329903854347
98191,5.785607153881445e-15
98194,0.002619075951490413
98196,0.004989550928378601
98203,5.603180724687406e-05
98205,0.0024348535074804716
98207,0.012743866703869297
98208,0.001601055729440954
98209,0.05647905167988828
98211,0.0050769634495229435
98212,0.0021094712923281494
98214,0.029818633675477817
98217,0.024482489988182067
98218,0.06368159968010963
98220,0.015128309037418151
98221,0.02955001406722476
98222,0.004116111281838231
98223,0.010469638056999086
98225,0.15040949069121579
98232,0.03945475078488063
98233,0.008581893205995596
98235,0.005470933506767259
98237,0.031335999858618464
98247,0.034972183424010254
98248,0.0018285663490637018
98249,0.020147854137356345
98251,0.039520406672429474
98253,0.10936299821295324
98261,0.00930010660425528
98263,0.00854358763023544
98264,8.529160910448788e-06
98265,0.001415925147258834
98266,0.0020627262249171933
98268,0.04622588971544623
98271,0.0302320742610621
98273,0.03412613625273213
98274,0.0063967808517753225
98275,0.007065996595996991
98276,0.033596700484885014
98277,0.006991158775934328
98278,0.0030214925900169495
98281,0.1349552981219533
98282,0.03220894221134878
98283,0.028830270625866156
98284,0.005414039795455806
98285,0.00420146088055752
98288,0.014529212899847667
98290,0.12839948989922645
98293,0.012574342194032348
98294,0.004382305931931002
98295,0.0277397722686462
98297,0.0058467662506762694
98298,0.05721477019072639
98302,0.00028705534712123327
98305,0.04887282272020453
98307,0.06253944510920477
98309,0.003916011572498837
98311,0.003611506673247778
98312,0.0038894614004577983
98319,0.008453535404543185
98320,0.021480312607454158
98322,0.02004236927999021
98324,0.010999340671795478
98326,0.055065867952476935
98327,0.03652226077871136
98328,0.0025278623791310435
98329,0.2080465516454408
98331,0.01608631246587183
98332,0.0025275670000724066
98336,0.006924091001553487
98340,0.021744150703615954
98342,0.0012183636337449646
98343,0.08491255760873073
98346,0.030287201633719434
98349,2.899509194629885e-05
98350,0.023743625484338834
98354,0.025515500419410222
98361,0.0031960051852252336
98362,2.4583276927565223e-06
98363,0.0712083508847151
98367,0.018510611679021998
98369,0.020680559251163452
98373,0.023147520922460047
98375,0.03129056965816131
98376,0.017858970872683507
98378,0.0045457166888261714
98380,0.026320163148606607
98385,0.0052762147662654465
98388,0.0030363986420127863
98391,0.1440042238614682
98393,5.65742715024549e-05
98395,0.015560547731347943
98396,0.026021448249491142
98398,0.13046597192452788
98401,0.0034051990489875126
98402,0.01244101219439368
98406,0.004509520595552718
98409,0.032117688189296535
98410,0.10100336654469341
98411,0.00594247816673518
98412,0.03192511940089261
98414,0.002314904669552736
98416,0.0431916413709275
98417,0.08643079735328098
98418,0.014265477930983221
98419,0.004047942849049342
98420,0.004231337973543278
98421,0.1455781892402752
98424,0.013206624613028274
98425,0.021234784247678818
98429,0.027105207407617918
98431,0.018052224324887445
98434,0.0064086023266755965
98440,0.039588227487520646
98442,0.025105429729459224
98443,0.005975800036340704
98447,0.003829824819233206
98449,0.008281458006853015
98451,0.013103538024717703
98452,0.10791198424328816
98453,0.00790580059844192
98455,0.003976899223425914
98456,0.006441836900048707
98457,0.027573983419844104
98460,0.004183317360079103
98463,0.002986309689852309
98464,0.013694049465812236
98466,0.021737919147593703
98468,0.022690867633502913
98469,0.0033061542455048607
98470,0.08836320143508816
98473,0.04490581377249195
98474,0.0016169377484928586
98476,0.1408064926435364
98477,0.04271970937188293
98479,0.014370952288990026
98480,0.003462333077080764
98481,0.0023568165849869975
98485,0.0039682833559224785
98486,0.12033806634709529
98492,0.09259016266455743
98493,0.0027140868128625686
98497,0.01981059836962697
98499,0.037632626011525915
98502,0.11891448142489203
98506,0.018052224324887445
98507,0.023450187104225896
98508,0.014594304618269596
98511,0.013545943809841773
98513,0.10237144314528047
98514,0.03293343847400673
98516,0.003129622648890226
98517,0.001455633720455411
98518,0.03903620626551114
98519,0.13611082801064822
98520,0.014586377279702262
98521,0.06109875693325452
98522,0.003592030482988988
98525,0.008011880869292368
98527,0.012590231204872846
98528,0.007775783710735481
98529,0.1436957197743537
98530,0.024641844849646016
98531,0.1523318158417259
98535,0.007544421573363149
98536,0.004524020975331784
98537,0.02409874924383828
98539,0.007479866864724803
98540,0.019549600158397424
98542,0.004041561858311158
98543,0.09790090041839698
98545,0.003312491135305236
98546,0.02261228258892655
98550,0.001856063386737443
98555,0.007854601567409525
98556,0.021732524444695017
98557,0.004539050602047197
98558,3.702243972790245e-13
98559,0.01929261910997353
98560,2.1388337859156582e-05
98562,0.10859104272621709
98566,0.0523803388738047
98570,0.003147938110550148
98572,0.03909301963347288
98574,0.02732884480191122
98576,0.029600136161046165
98577,0.11246752225840785
98578,0.009782573802371124
98583,0.003812818790654269
98584,0.009391422470809678
98586,0.006663781639461422
98587,0.020411783631179015
98590,0.010841676607802272
98591,0.0067503395907422895
98592,0.00582279846844976
98594,0.0030906611024759
98599,0.01099820531224587
98600,0.018052224324887445
98602,0.004402935107874071
98603,0.00010926886074312354
98604,0.047486242812413135
98605,0.015091561661130001
98606,0.005064507786357979
98607,0.02176974505896399
98609,0.12547181911038605
98610,0.005497810098518312
98611,0.015992045225723055
98614,1.5143306930394134e-06
98615,0.03918964401377182
98616,0.0002562406508261438
98618,0.015279905346741689
98619,0.09116529701607219
98621,0.008656408860027399
98622,0.09708870727560574
98625,0.01019549610708037
98626,0.02309086937046965
98630,0.003965658028078455
98631,0.048974442116732214
98632,0.018162856493154966
98633,0.0005504600009507236
98637,0.32888228471886943
98640,0.06819589742192396
98643,0.011088006793448025
98644,0.007490741850889884
98646,0.024482489988182067
98647,0.008877666859969869
98650,0.0031984342647746996
98652,0.1160887090061014
98654,0.0056549156430782815
98655,0.0015933006937832433
98656,0.005295966589052508
98657,0.016734411113830134
98659,0.0019190408892740226
98662,0.002904316414339007
98665,0.02112358544674517
98668,0.011220057351443418
98670,0.00035261262347636806
98671,0.09364969754154429
98673,0.026431124807176427
98674,0.005537047534176921
98675,2.42294422304349e-06
98676,0.05027520156233892
98677,0.002274371298981948
98679,0.0052803008696360515
98680,0.004405119952178854
98683,0.10465565686101386
98686,9.200620784320405e-05
98687,0.12590805644166198
98694,0.0029028083301302168
98695,0.023748692029732833
98696,0.014588319229243479
98697,0.0005087078227281084
98698,0.013562882011246167
98704,0.015404249086322246
98705,0.007395892843684845
98707,0.0627676078756008
98709,0.028592204748663932
98710,0.10490313470161726
98713,0.003036383975966692
98714,0.032830820613686446
98715,0.003587645574912815
98716,0.027657325308144617
98719,0.010059362958228677
98723,0.0062783198094764295
98728,0.007367037082931357
98730,0.10361175389858447
98734,0.004739350598533655
98736,0.0009128256712423434
98739,0.12938713086209513
98745,0.10365141455255726
98747,1.6154426426656537e-05
98748,0.05433072144415838
98749,0.030380813259115153
98755,0.026608644884190093
98758,0.017722386007202936
98760,0.0026557461406453813
98762,0.005723061950109046
98763,0.028264864933374625
98766,0.007259193361369323
98767,0.007121014805753917
98770,0.0914186212330411
98771,0.03255129521563057
98776,0.013349284087356608
98777,0.010941933055458502
98778,0.01396237307314379
98779,0.02835913869519678
98784,0.03875382924254048
98785,0.03255078769108245
98787,0.007352753096434142
98790,0.0034494222809684557
98792,0.012326820769090693
98794,0.025331280836720618
98795,0.02651100522905547
98797,0.0058948806265622595
98799,0.004120351474976573
98801,0.07960667991098876
98802,0.027493340461611736
98803,0.011315581716122874
98804,0.014565543085612784
98814,0.005884572881121279
98815,0.004651692650609079
98816,0.047520118885515786
98818,0.00428136620751526
98819,0.009129964957483252
98821,0.01871990418944888
98822,0.003939495492390548
98823,0.005345010370680284
98824,0.08156997045932436
98826,0.00910610797804834
98828,0.006663886880932445
98829,0.016864090103678245
98840,0.02160851598574866
98845,0.0030137203309977393
98846,0.0036733931578197903
98847,0.04443121832288481
98849,3.568348595973934e-05
98855,0.00742507391954747
98860,3.461979443289978e-05
98861,0.012095143722314232
98862,0.002171124124043325
98863,0.006038156198262537
98864,0.0010389680503901113
98865,0.013535478650506003
98867,0.025081999663983983
98870,0.0008417898898909907
98874,0.0039938561501395384
98876,0.00017882857850613567
98878,0.03067298277860099
98879,0.014784085816936922
98881,0.005731385367366701
98883,0.008543087948427175
98887,0.05175772423584173
98889,0.007570904946731646
98891,0.0003076382603561623
98892,0.056841239157294166
98893,0.010683096935192832
98894,4.32100394391893e-05
98895,0.004702569031308901
98900,0.009160595865622505
98902,0.03870879125435116
98903,0.0037763167479142766
98904,0.04604184549860884
98908,0.015883853895036198
98909,0.01344348564417143
98911,0.05503564802595695
98913,0.03023611082730347
98914,0.005095977926420764
98918,4.660222540721826e-06
98919,0.006253794838692977
98921,0.02191288291858609
98922,0.12878087584898668
98923,0.0008211732630299607
98928,0.018601023219788012
98929,0.00293814619519426
98932,0.004862038900704009
98933,0.008526870231021088
98938,0.03401125702130116
98939,0.019644021443387345
98940,0.005035810500984162
98941,0.09983832175501986
98943,0.005442282140022553
98944,0.002986208610276949
98945,0.1278144363307911
98946,0.002851886621249253
98947,0.011093181282837962
98948,0.014015965981752813
98949,0.10073318535404972
98950,0.0020532933452260013
98951,0.02030264133920917
98953,0.00838007521980973
98956,0.004089037193398374
98957,0.009673872068004432
98958,0.0034232073661900147
98959,0.021665246796966433
98960,0.0029984284602591576
98961,0.014311974283301866
98962,0.00415617083342923
98963,0.02934542491212093
98966,0.004651899538053303
98967,0.012234768290236666
98968,0.03189235785256097
98970,0.06571474044405531
98971,0.004423162965981845
98974,0.13499872565052048
98977,0.004866811161683951
98978,0.01411939049495733
98979,0.005814934477307075
98980,0.014715289962541775
98981,0.0028634818627225485
98987,0.10204222047657469
98988,0.002712800393009021
98989,0.044607916335529185
98992,0.008388919166973735
98993,6.69255393885125e-05
98995,0.025050856069665103
98998,0.004048497431119462
99004,0.00726982581800942
99007,0.00789882644824585
99008,0.02387932339501738
99010,0.13749376055202836
99013,0.02652759255846165
99014,0.09964465122796007
99017,0.038690701995110995
99020,0.015840480860847817
99025,1.913194080222196e-06
99035,0.0031273415713734386
99037,0.0121857122707847
99040,0.002824428181353709
99042,0.06333662511674941
99045,0.003141570366018693
99048,0.12121963887294941
99050,0.017268825336498622
99051,0.0764979670677022
99052,0.0036078872826816686
99053,0.01925740123585375
99055,0.014437169938574945
99058,0.039585602533842704
99073,0.05605469211724507
99074,0.019519498919244486
99077,0.1011121115126688
99078,0.004616026872045126
99079,0.13237066554351984
99084,0.0036413358788154352
99085,0.0039900398265229125
99087,0.002785209167958922
99088,0.020284348602942048
99091,0.16022938885220006
99094,0.027051150360667464
99096,0.008671618426902483
99097,1.0097437486632163e-06
99098,0.005560480210970898
99099,0.004639789663604742
99102,0.006713928633946967
99104,0.013477821627113598
99106,0.019587198467978437
99109,0.002396974197688829
99110,0.026146240843713538
99111,0.018052224324887445
99113,0.11297687872899345
99114,0.02264247008770489
99115,0.009666257407241606
99117,0.00011574561829616624
99120,0.09564606157543395
99121,0.00957396401466086
99122,0.03307009659417514
99126,0.00380354155289628
99127,0.003580119300197634
99130,0.005125644473256723
99134,0.0008125356873922392
99137,0.0024859148481896753
99138,0.0029599673045220018
99142,0.0038472183072693475
99144,0.018375913497582736
99149,0.004337280882902183
99150,0.03313370029831323
99152,0.02453456932338684
99153,0.01809165541196623
99154,0.02328520739597492
99156,0.1125590682293569
99157,0.0022681009770018704
99159,0.00824761530710857
99160,0.07451229122730152
99162,0.0036396854684176555
99163,0.0044125346696786034
99166,0.003511621212044951
99169,0.2768243827349678
99171,0.009814526733357148
99172,0.0040031156511499705
99174,0.025354596722217456
99175,0.00558209003849634
99177,0.046875212499905186
99181,0.018775215796188932
99182,0.0037868184469141866
99192,0.00016472551560484417
99193,0.004021483778019088
99195,6.27706811553413e-06
99196,1.4812053324588948e-05
99198,0.00512443126128292
99200,0.02444255752578449
99201,0.004729811990242001
99202,0.041176788008058525
99203,0.008686852777714181
99204,0.06070096494891271
99208,0.03233991686297
99209,0.0020736314939315344
99211,0.00048575372741828355
99218,0.015967236770377674
99220,0.0043734592339994055
99221,0.005535944047654316
99222,0.0038827062273182294
99225,0.014653828246783893
99226,0.0035373478840138987
99228,0.04342961092601724
99231,0.01899390418418676
99233,0.003082387841684422
99234,0.0029915796520761885
99238,0.00335271202252574
99239,0.0006332265012045643
99242,0.07883366795374859
99243,0.0016091342644427205
99244,0.005119870697169334
99245,0.006185414381819964
99246,0.004322655392915792
99247,0.021791974176462062
99250,0.004779973318042624
99256,0.0035097129749891453
99259,0.006542141467181064
99260,0.003718498962505949
99264,0.005674358753517178
99265,0.02940916097145245
99267,0.07313993830013896
99269,0.004219890429076475
99272,0.0751698921941394
99273,0.0068554502963388084
99274,0.0092927638019718
99275,0.001593392427145945
99276,0.004324023517256723
99277,0.00718691360435561
99278,0.010049232564743497
99279,0.03464413084158063
99280,0.0032101299226930434
99282,0.0022617852375686827
99283,0.021301541938872348
99284,0.06378571046321714
99286,0.007185944950470161
99287,0.0039935408024829155
99288,0.0050997686944712845
99289,0.005614848072127706
99290,0.017910578452194216
99291,0.007528289169123476
99294,0.024747482446949
99296,0.013854480119693943
99297,0.006127169277381875
99302,0.014561727244446852
99306,0.01898800776681779
99309,0.03645118310659673
99310,0.010469222825190107
99311,0.018021105291558294
99315,0.0031277970229058
99317,0.0018199650216148785
99318,0.027215654482666947
99319,0.00403172308459139
99321,0.0029299706901432586
99322,0.004512949090306905
99325,0.006609813505321141
99326,0.0439636617833919
99328,0.08506211403479469
99330,0.06659633874778838
99334,0.0028758491978536724
99336,0.017338370272981726
99338,0.0056749918154475444
99339,0.022304290584735438
99340,0.015277654736563276
99344,0.006757535367926111
99346,0.02924599278396334
99347,0.08246723856381513
99349,0.027548953798470135
99353,0.07543469636449698
99355,0.004693686668211799
99356,0.13462482374540027
99357,0.03424344697989772
99358,0.04254154305381895
99359,0.0025250903177114355
99360,3.484942604486622e-08
99361,0.016556117632678335
99364,0.04064815019576903
99367,0.09207977017779148
99368,0.0027775537332246827
99369,0.020471024905108548
99371,0.0030427137753435834
99373,0.07225169986234505
99376,0.01685683749119728
99380,0.00863806417832702
99384,0.0021096328733645306
99385,0.003560678617659914
99387,0.00400498550879045
99388,0.02579049689444072
99390,0.022244398890191155
99392,0.060019561414981625
99395,0.031168571098376043
99396,0.06590515478747792
99397,0.018473851182742647
99398,0.0004929152320778329
99400,0.007598730999666534
99404,0.006965009576135783
99405,0.013168580867985029
99407,0.016454840365924452
99410,0.019814988862441724
99411,0.0019708286610318113
99413,0.0046103621973566
99414,0.01891083379689882
99418,0.0005349839904382884
99419,0.09671597798635724
99423,0.0034939465155640658
99424,0.002760513581479303
99426,0.004434203536919725
99427,0.013541931800094798
99429,0.020607128085141698
99431,0.0031536671132955784
99438,0.1827863102342684
99440,0.0044168505654755275
99441,0.0044511711284416665
99445,0.08200599020347718
99447,0.0002855716708844215
99448,0.13347606697014944
99450,0.06807748154460992
99451,0.004148513785151673
99454,0.04435155341604186
99456,0.013008891816016643
99461,0.08877233125082015
99466,0.00496119114559974
99467,0.045949975893116335
99468,0.00027939781817124833
99469,0.020338325109737352
99470,0.01549380241564445
99474,0.004530970665772815
99476,0.0030363856941960123
99480,0.24461822256620075
99483,0.004712775245584821
99486,0.12219463088712487
99487,0.0006253414014142305
99489,0.0040973957182228165
99490,0.07698262575658579
99492,0.0022591964938784947
99493,9.796471231291696e-15
99494,0.051337058016896406
99498,0.0036505223347033547
99499,0.030289784857354753
99500,0.0036335362056430405
99502,0.0038599390184588965
99503,0.023462498627104547
99504,0.006841985037243913
99505,0.017876182717587223
99506,0.005581317797416326
99507,0.0078098377040416705
99509,0.0048537471211771155
99510,0.00301141755007412
99513,0.010063520215747485
99514,0.004020298026513668
99518,0.017970057957602394
99520,0.12646407239670374
99521,0.025406571794713815
99523,8.441712683441823e-05
99525,0.004094243267346734
99526,0.042001670352249006
99527,0.003955914959357716
99528,0.108393897160672
99531,0.004875724523382886
99535,0.023976253346423726
99537,0.004222507968509877
99538,0.007258583961466351
99539,0.004052338879739457
99541,0.09820042035104697
99542,0.00333029538558218
99543,0.0029498364311198568
99547,0.0023015038695487888
99550,0.004958622414103423
99551,0.007353674752377902
99552,0.029668726216011163
99553,0.049381006854437054
99557,0.017893902563749606
99559,0.051586889654189644
99560,0.00765151246436821
99561,0.0040012541629327715
99562,0.007237920588163793
99567,0.002821462921716449
99568,0.004008929246001181
99570,0.0029649791078152823
99571,0.0023449725344555214
99574,0.024482489988182067
99575,0.006768883012455867
99578,0.004076292331637341
99579,0.00392697107314619
99580,0.10701561285044442
99581,0.005635433839046604
99583,0.06410751922055671
99584,0.10672775241195624
99587,0.00433382231881716
99589,0.020998349661838507
99590,0.0029301405015666085
99591,0.14306820103790108
99595,0.004170670250489177
99596,0.00346228639072822
99597,0.005599403880959015
99598,0.013018213591090313
99599,0.017876102701044973
99600,0.11803626408985082
99602,0.034152264654019056
99604,0.011503835749569891
99607,0.004814256749636865
99608,0.0965314715081776
99614,0.0026498262187183218
99615,0.0019336864011658419
99617,0.12708610964392905
99618,0.010861734564295114
99620,0.02471667481810954
99621,0.05995048776713423
99626,0.0428280072101267
99629,0.12398263098197432
99631,0.0008692122922780314
99633,0.0031297129117109916
99635,0.006715576338843265
99636,0.003795931922613408
99638,0.020398352041682253
99640,0.00030681577666355063
99641,0.016823499310896762
99643,0.003003465064037976
99650,0.09608992310673266
99654,0.31435406991134685
99657,8.076532024976257e-05
99660,0.0026977544995506557
99661,0.13916016357549643
99662,0.027271480720057764
99664,0.004417224770988153
99666,0.00030394593023667113
99668,0.004281656486921234
99671,0.030289784857354753
99672,0.03666674998655094
99673,0.003450944720061831
99677,0.003961441239167764
99683,0.0006009352971434317
99684,0.003747641608598494
99686,0.01016037242933086
99687,0.004172354808535782
99689,0.026813585799899314
99690,0.003931499360277884
99691,0.002315209026249926
99692,0.003485125149017577
99693,0.005005069345598636
99694,0.0005696908905143893
99695,0.02701913114899465
99697,0.02984704929017857
99698,0.005412016606672637
99699,0.007118074770746151
99700,0.1449056461739727
99701,0.01859996848983477
99702,0.008201517234055732
99704,0.0012078566542570498
99707,0.00781458292320576
99710,0.009147666906284694
99712,0.004420926739789463
99713,0.02448492399992219
99715,0.0948282694783714
99716,0.015333065272301508
99718,0.053423668325436095
99719,0.002475691344153957
99722,0.0063325337435085486
99725,0.0029906775749808925
99726,0.02920331595899877
99728,0.032739999886867634
99731,0.018820231884376544
99732,0.025657209205936317
99736,0.016788095341361813
99737,0.04139252695161957
99740,0.020607128085141698
99741,0.0009638981444402546
99742,0.041317900276809066
99746,0.012620775783287273
99747,0.0035332120333503364
99749,0.056991390528692544
99750,0.01747206286692223
99753,0.004293006430198218
99755,0.0013254714314800322
99758,0.00828878660849365
99762,0.14718656203442324
99766,0.006803249125633288
99771,0.003952182381839865
99772,0.008084729526672602
99773,0.03706309185875322
99776,0.0050528882153342254
99780,0.013694049465812236
99782,0.005274556845490808
99784,0.003309431321586546
99785,0.015580839552960952
99786,0.023462498627104547
99788,0.007321300784014882
99791,0.1302713690041326
99796,0.03928810182657652
99798,0.06585551207591472
99799,0.003947387140154421
99802,0.003961127057211613
99803,0.10286155248114712
99805,0.014108737533278121
99807,0.12344668686347014
99808,0.006715022290329914
99810,0.03969261805532344
99811,0.005749146465081927
99813,0.01694911230214615
99815,0.047615958523387555
99819,0.09041886782180855
99827,0.0005583734462449257
99828,0.009956109319862629
99829,0.00658624997380979
99830,0.0059009015532172325
99831,0.09943887880514957
99837,0.10243821075939512
99838,0.24098753517894628
99840,0.0225706632955024
99841,0.021277577739953032
99844,0.0013312962850136746
99845,0.05880981720070158
99846,0.002994174428405382
99847,0.007528804823651568
99848,0.0010558056309981924
99850,0.02043872767237991
99852,0.022353344623927077
99854,0.13170036017200695
99855,0.030266075863052706
99857,0.0075796406961485185
99858,0.006688110736964919
99859,0.014954484898238859
99860,0.01278791897735036
99861,0.003462265757972438
99862,0.0017371116722743444
99863,0.016545158325816114
99864,0.004087694714987344
99865,0.004940212767497868
99866,0.004496135229327528
99869,0.007558450593592695
99871,0.030779089734259555
99873,0.006091516232992792
99875,0.0992045229657848
99877,0.002313082060306501
99880,0.002164131563157056
99883,0.020190044541817255
99884,0.005750416245751227
99887,0.06599530661377374
99888,0.031274754395505255
99889,0.008111009830461365
99890,0.10011398839839565
99891,0.03384140566424035
99899,0.010105134411658159
99900,4.41597550779528e-06
99901,0.1348069056204057
99904,0.02918478188103352
99905,0.07674224978158248
99907,0.02450285201549425
99908,0.005682533641995092
99909,0.005125005577234063
99910,0.013132782946578497
99912,0.03097788846239097
99914,0.01796795086173375
99915,0.020690564843152716
99916,0.0038996952601928446
99921,0.009295583728851649
99922,0.0033841053735036617
99924,0.041191813998328
99925,0.02524938779701904
99926,0.024886499950258902
99928,0.12834369230350476
99929,0.004920436710965159
99930,0.12938854408515313
99936,0.006065593527962161
99938,0.017801920067972113
99939,0.022845607000690975
99940,0.11227898461040636
99944,0.026060344432186314
99946,0.014253980003395618
99948,0.002275437267966885
99951,0.001989905801005432
99954,0.002533576213928858
99955,0.10317712782767878
99956,0.00472682267723859
99957,0.059237061144860735
99958,0.020691947253283903
99961,0.12810235359005095
99967,0.0041327447141230825
99969,0.004537738385647826
99970,0.057470795978505726
99971,0.19589597743616713
99973,0.019251563725858088
99975,0.02809032066289365
99976,0.004734596385578826
99978,0.004242899325997094
99979,0.033663493271096356
99980,0.022124567380414486
99982,0.0020960401772704192
99983,0.004287997403440383
99988,0.12347496694097908
99989,0.008183319885580834
99991,0.02956799434841412
99993,0.02843636920340216
99995,0.006868565201328611
99998,0.03440334826100182
100000,0.06382789726415047
100001,0.0239817325327532
100005,0.005961581443630618
100007,0.051240143660640704
100008,0.033443019153105054
100011,0.008145845403222527
100012,0.00498655656348458
100013,0.004360379327006923
100014,0.06693136976568467
100015,0.010650197375831255
100016,0.0008901944353332427
100018,0.02483905663682085
100019,0.03773192091278493
100022,0.0034759523283824398
100025,0.018908262173408068
100026,0.07097351322044111
100029,0.0038386287791750107
100030,0.003036377502082604
100033,0.022589328124405037
100034,0.002557896423509329
100035,0.0028506159660407994
100036,0.0067097445447659755
100037,0.06107535578788242
100038,0.054783824656302424
100039,0.0033388174868086216
100042,0.014450213183437779
100044,0.011670153119983628
100045,0.021511054285948683
100046,0.1477685712199743
100048,0.0029836891796206307
100049,0.0832382994176999
100051,0.009394076964310731
100052,0.01679084515292205
100055,0.021594073210575847
100061,0.0032237383815457423
100062,0.007556720156516815
100064,0.007601314253272599
100066,0.0031418273585950905
100067,0.031702949761492856
100069,0.002593079457458704
100070,0.010965837261147167
100072,0.022051426187413823
100073,0.00417334293318067
100079,0.0007542392190594889
100080,0.0016493350762325596
100083,0.01553917210295108
100084,0.007139494236808979
100087,0.005172494872486913
100088,0.008051786116042764
100090,0.08900212954287172
100091,0.004690421279535352
100092,0.00019033472627767937
100096,0.01833615381827222
100097,0.004097686055741947
100099,0.0009949644103568892
100100,0.07521261989985875
100102,0.03176338941459298
100104,0.009152602713724268
100105,0.004564221746423094
100106,0.004969348325422662
100107,0.008215915612028184
100109,0.02714406748295622
100111,0.018986278482342925
100112,0.0015285867402021816
100113,0.008298667144253572
100115,0.03853865175818791
100116,0.002351530662479284
100118,0.06939096603366451
100123,0.3341581838948377
100126,0.050273635526188944
100127,0.09140571420333532
100128,0.005129602521620704
100129,0.04722146240459325
100130,0.0036718015119352487
100131,0.009425904312472136
100133,0.01423977957888121
100134,0.0039389716422210674
100138,0.0034479173671945083
100140,0.027981605163612065
100141,0.050672099127275924
100146,0.021477861405350306
100148,0.023311063191352895
100149,0.017027268189043394
100154,0.0005460497793589433
100155,0.00451738315795868
100156,0.015177781362915348
100158,0.0011189932584493969
100161,0.003838382502324563
100163,0.035428348654071184
100165,0.014434221248136798
100166,0.0023006045711055946
100167,0.014470259613074897
100169,0.0108753325138698
100171,0.02223480973073154
100172,0.0034554806246059316
100174,0.005366174534530963
100177,0.006792587106798493
100178,0.009611502216296038
100183,0.002987005645000549
100184,0.0020064162374655655
100185,0.0040108789565915124
100188,0.03573100784295523
100191,0.0424475636703473
100192,0.025878857091311668
100193,0.003123554130959176
100195,0.007377921559654297
100197,0.048481312036034306
100202,0.025759017454851575
100203,0.037494101297946524
100204,0.007133014676330685
100208,0.005225772876091699
100210,0.14264867689844193
100212,0.006959951772212854
100214,0.024478445258641342
100224,0.013786411423029658
100226,0.03923785334589889
100227,0.007878476029859423
100228,0.0042291027834649355
100231,0.12826784296557395
100232,0.1344485008716326
100234,0.050362989021057014
100235,0.0040564338333759
100239,0.015040456520762873
100242,0.018585160756458545
100244,0.0029902672573796072
100245,0.06397020756235192
100246,0.004723788251852733
100249,0.005715597870237786
100254,0.016884382175831422
100255,0.12312977003692213
100256,0.0006454060616383828
100263,0.039384022705667154
100264,0.02002318456610596
100266,0.0038935146395662804
100268,0.018115545847232243
100270,0.04493531652140797
100275,0.004862445714521171
100279,0.03826560030313163
100281,0.026862258853431537
100284,0.03047191461507085
100290,0.049469196899657966
100292,0.0058459969563005865
100293,0.06592725324677466
100294,0.12552247725434773
100296,0.028081717164460934
100297,0.002131896991431334
100298,1.207118844035938e-07
100301,0.018052224324887445
100302,0.026887326334078008
100304,0.017231221809631155
100305,0.005314857111954407
100306,0.0069079889618457345
100310,0.04419281100262572
100311,0.008475576689234456
100312,0.005494275286775452
100314,0.008560994610559688
100315,0.004707155335026713
100317,0.002656193044974583
100324,0.0019316678120135354
100326,0.004756508136443717
100328,0.00997952476449222
100332,0.005147818635021906
100333,0.005289248181394448
100334,0.0035511548049455906
100335,0.062208854184393515
100339,0.0027024334257989644
100340,0.021026962105970614
100345,0.00043460778979890607
100348,6.006857258452334e-05
100350,0.002213615643749693
100351,0.05290283360078445
100353,0.00452665767415112
100357,0.023570022883540046
100358,0.013504691125354285
100363,0.014533278729871037
100364,0.17165948584108787
100365,0.003558281319228291
100369,0.1186995673207339
100370,0.029619152355140007
100373,0.004812292675830642
100374,0.020233375360942808
100379,0.006567012035643437
100381,0.10302219171874664
100382,0.0034052782289279958
100383,0.07247663520667583
100384,0.0014910811463768122
100385,0.004251341647152287
100388,0.01963897618527114
100390,0.0018576914578997878
100391,0.1434418963202939
100392,0.032824831070276235
100393,0.020109857707745836
100394,0.004352279229771033
100397,0.01605166964797681
100398,3.035084879859939e-07
100399,0.026671871445434578
100400,0.0044857592826097695
100402,0.011699504783869717
100404,0.00438327422495954
100405,0.03637992383205762
100406,0.07693406752482874
100408,0.01059691936977643
100410,0.016113271696118918
100411,0.07222295329619235
100413,0.0029399386523633404
100414,0.0034936378656053183
100417,0.11904824044730936
100418,0.012321509103971635
100419,0.11667183621805054
100420,0.0011060994694836361
100421,0.060113129642942076
100422,0.025277354266795712
100426,0.0035765915375721943
100427,0.02414636700794707
100428,0.0030263667734197696
100430,0.0026152614125714716
100432,0.035678827302141926
100434,0.010046109102581751
100435,0.03930284634834288
100438,0.14918592246676174
100440,0.13341912634914363
100448,0.00396451903291771
100450,2.419912869717598e-07
100451,0.0021914277459966027
100452,0.007494874453133046
100453,0.04271970937188293
100454,0.1492765055904707
100455,0.002942085032899935
100456,0.02267058434296164
100458,0.0009609721175612917
100461,0.035880152380724104
100462,0.12843473428740063
100463,0.025264627738546742
100464,0.0041773954840666596
100466,0.004047031779560587
100467,0.02134615449989186
100468,0.0073403938961266735
100470,0.02098359380785695
100471,0.005425997188682873
100474,0.014256978583230474
100475,0.01573103399806552
100476,0.003183486125695198
100478,0.026588568732557667
100479,0.0035001939776663224
100481,0.09990750230445461
100483,0.009722315920215255
100489,0.0050228377273265415
100490,0.011450945024875557
100492,0.003684202399193466
100494,0.04630080574540152
100499,0.04374978226552022
100500,0.001501967448566467
100502,0.00524042033400335
100507,0.0015956493329011673
100508,0.0014578822725978286
100509,0.04048203987192468
100510,0.009750606619109072
100512,0.0004358284987672848
100514,0.00493467071519556
100517,0.003813158984025703
100518,0.0045865985275404106
100519,0.02025154286545068
100520,0.0001323818770157528
100521,0.013599605249267056
100523,0.007326489643338721
100524,0.00491321922615633
100526,0.008000460481122592
100527,0.004952965453806885
100534,0.007708440735929568
100537,0.005811842769307539
100538,0.04600211387045523
100539,0.00018961688467152127
100540,0.008543542653601027
100541,0.0014640908570695739
100542,0.00686704285502162
100543,0.011604961398340347
100544,0.024447791952355226
100547,0.003066704993808891
100550,0.01427420632816719
100551,0.018579660228857885
100552,0.07655482671555167
100553,0.0006515170333352243
100558,0.014125540342913906
100559,0.00492648381715267
100560,0.0009681492672651336
100565,0.0036775403167989646
100568,0.009970350931449283
100569,0.003171576788159171
100570,0.023496911929255727
100572,0.003523050701051822
100576,0.0015645270832101517
100578,0.08608718375571209
100580,0.0016191183390278814
100581,0.005316595036319013
100582,0.004648191176277985
100588,0.0028788269017927135
100590,0.010152205798044371
100591,0.00435664385144089
100595,5.0480330832578907e-05
100596,0.0050301072662045174
100600,0.0073298421665225445
100601,0.0011531316365431445
100602,0.003416102837211589
100603,0.02469005731412151
100606,0.0012447774904798929
100608,0.021008443692913124
100612,0.022486083113629006
100614,0.00016089959501092572
100615,0.003887557686882735
100616,0.004787033147610904
100617,0.00012037168260851378
100618,1.0136618486028094e-06
100621,0.1488137834380294
100623,0.0014133645343367678
100625,0.011255885758769997
100626,0.008877519430893065
100629,0.014071221885923602
100630,0.1443629325231605
100633,0.028872903973769074
100638,0.06181014729453489
100641,0.0002439688245114397
100646,0.03098998392322251
100650,0.020982805934605823
100651,0.0035128050297432542
100654,0.13135088542988163
100655,0.1458675587188696
100659,0.0010242364558854407
100660,0.003422206429080896
100661,0.00766397866748212
100662,0.1055211764207639
100663,6.856123140374215e-08
100664,0.0018027141017176503
100666,0.18652290650707273
100668,0.02316065120496838
100670,0.01653870369415021
100674,0.003432936902472
100677,0.045550527343582066
100678,0.07700422013816464
100680,0.0035351398257784366
100682,0.02269361500712798
100685,0.003369520025968158
100686,0.0037683012492631695
100687,0.027043399674516962
100688,0.06337276391446314
100689,0.00012259392867056896
100691,0.00923554423606223
100694,0.0050455620527040754
100695,0.05621597598038273
100697,0.02486249107508063
100699,0.07796255640963225
100700,0.023957551982599516
100701,0.08478550387281694
100702,0.04592081806308781
100704,0.043425994298221374
100705,0.01062680851233998
100706,0.0012203026627550094
100707,0.008700749549298554
100711,0.14159586517976874
100716,0.15739548500917735
100717,0.004863145441651379
100718,0.01958133218221648
100719,0.021410989184776012
100720,0.003459206703491347
100722,0.011221526181496376
100723,0.020280739265153867
100725,0.009673599130875697
100726,0.03273961929008263
100728,0.005254133285058447
100733,0.026231775616291014
100736,0.021385494452627742
100737,0.011725068865767165
100740,0.004500027491922627
100743,0.023349115042037606
100745,0.003408398661927285
100747,0.005173568833276926
100749,0.11527898662606667
100751,0.0322817950142491
100752,1.1853952569432966e-06
100753,0.0028312087469559042
100755,0.015599804671589692
100760,0.12837564331482684
100762,0.07403844729254404
100763,0.04540536592441567
100764,0.0046715681889784285
100765,0.003539062581288386
100766,0.002636582083872184
100768,0.026139783771749105
100770,0.013694049465812236
100771,0.005230481225636099
100773,0.0032531839559171707
100774,0.007421076833693136
100775,0.0063464647034991665
100776,0.023396504784769127
100779,0.0027762470414831085
100780,0.006170470026833574
100782,0.04675507806462168
100783,0.003819454383353509
100785,0.20297894444811843
100787,0.0023563878591777274
100788,0.011882305190180067
100789,0.005437174939637871
100791,0.0004347484320795089
100797,0.01368314847421664
100801,0.0034873395629225453
100804,0.014979303046062617
100807,0.027653891077603292
100810,0.02146814167202914
100811,0.002540949890069249
100813,0.0007525101082078852
100815,0.003866421276875202
100818,0.004703524638190951
100819,0.1316052044669508
100824,0.02720370819378494
100825,0.037562821101110005
100828,0.02387562564981101
100829,0.006056937302147756
100830,0.001172823851985469
100832,0.003841136787771688
100833,0.019501110533718693
100834,0.019519886925604645
100836,0.03815018592581742
100837,0.005310685084481833
100842,4.440682430436696e-08
100846,0.0007047252496689795
100851,0.003578966015719079
100852,0.0035286964563689734
100853,0.002521371722226648
100854,0.05474117164331867
100859,0.003884079197007198
100861,0.07933535351157953
100865,0.08947675640556774
100866,0.11269435685332486
100869,0.006408651468910691
100874,0.1404446328029129
100875,0.00025439974480832644
100882,0.004455347080610446
100886,0.10623865176438757
100887,0.04951942060833461
100888,0.11627506654433296
100889,0.00035187745077369865
100890,0.003913371943526249
100892,0.011018288433039612
100894,0.008959230778074763
100895,0.004408839561741158
100898,0.027433706198040843
100900,0.02237289261896756
100901,0.025774386224359288
100905,0.002986232319508815
100911,0.004003081001513706
100913,0.0022764533008161236
100915,0.006055042586504
100922,0.010182413741018468
100924,0.0021848688984134794
100926,0.03446855119206512
100928,0.004794571571871984
100929,0.02159330531235432
100930,0.04000664480963001
100931,0.004511309457633242
100933,0.00431619831135492
100937,0.018052224324887445
100940,0.016706434665596712
100941,0.009330812477109778
100942,0.0037057466262001015
100944,0.004539157446074771
100945,0.016437431650906185
100946,0.0014548114367204283
100947,0.08946350692850431
100949,0.00527829817715038
100950,0.024482489988182067
100952,0.00237896043367946
100954,0.0033249982554800256
100956,0.0017810044642877455
100958,0.0010355102616208345
100959,0.004710392721166527
100962,0.004658403583505906
100966,0.008786487541975288
100968,0.014241394112199665
100970,0.004776915852930898
100971,0.02330661679631502
100973,0.008814718586618695
100975,0.023746395566282455
100976,0.012525564814973963
100979,0.00659269894829537
100981,0.013694049465812236
100982,0.0062949472093665314
100983,0.00022199037199495454
100984,0.024138899937414308
100985,0.003968605677288678
100986,0.003413125748457516
100987,0.022126469173831587
100988,0.007686199036757591
100990,0.009045196025802376
100992,1.1939935763642872e-06
100993,0.02233221136268944
100994,0.01370785356587668
100997,0.09085270712059682
100998,0.02354879378886594
101000,0.10405103207378556
101001,0.0028712540571547433
101002,0.004316503952568396
101007,0.016479062698961832
101008,0.08769869512850224
101009,0.004611772092949915
101011,0.002286632686217015
101014,0.003635320182526302
101015,0.0039067050739250925
101020,0.08233521503827324
101021,0.04273198225159997
101023,0.00585908552353514
101028,0.023462498627104547
101030,0.008388055001553379
101031,0.0007631556285598374
101033,0.007475620365570141
101034,0.0030758878481611344
101035,0.003829053270004907
101039,0.003997361513643215
101041,0.07848187467932749
101042,0.02012740485194974
101043,0.004675225272300965
101044,0.13394217408530162
101048,0.028760873707088436
101050,0.026966295878819258
101052,0.015747581274195767
101053,0.03464709509228467
101057,0.008607803522800384
101060,0.004949598701372871
101064,0.020292457211483754
101065,0.13080016386696153
101068,0.004859787634786058
101070,0.0001332650856784654
101072,0.0029311527102602974
101074,0.003630859322700836
101076,0.02703934461066333
101077,0.001968435465984707
101080,0.03111492177420556
101081,0.038391342757594996
101085,0.007247836158192737
101086,0.0038788534229834896
101087,0.004487493730663829
101090,0.0059590473613975814
101091,0.13654529481587868
101092,0.02714406748295622
101093,0.01281713780345813
101097,0.018052224324887445
101101,0.005599650184072337
101103,0.010347676549280673
101104,0.14424376352317636
101105,0.006911659712664371
101109,0.0008014127012458001
101110,0.03241708789276814
101114,0.02389327116992284
101119,0.018052224324887445
101121,0.038675959586706866
101123,0.021141356998544844
101124,0.032372458617532573
101125,0.005800337177213787
101127,0.0048778401590429685
101128,0.013954969972057758
101129,0.13237066554351984
101130,0.0032015614243432345
101133,0.0015007960593652206
101136,0.005416978640357713
101137,0.04924611388440154
101138,0.0037060495389876808
101139,0.030599968572476433
101140,0.00454104673053873
101146,0.00982301154504058
101147,0.01051140790306592
101150,0.005482188832761534
101151,0.0021200788808600607
101152,0.019546244630305805
101153,0.06091935210929196
101155,0.017832948614173578
101157,0.0121401033220859
101158,0.0038400316784611976
101159,0.0027505724171713038
101161,0.10062608036134009
101162,0.0018925283169473782
101163,0.004933146807688688
101164,0.13796274258919297
101165,0.023328824339028633
101170,0.15975226691642266
101171,0.003166640048059562
101172,5.648684918780316e-06
101175,0.003042117135537772
101180,0.010465617410383127
101181,0.0011908045688845189
101186,0.07795861604037566
101188,0.032254960211969
101190,0.00311870398216421
101191,0.003405249309923773
101193,0.007382642584405225
101194,0.03859674968262772
101196,0.00439675085233709
101197,0.14200441363632912
101202,0.1424049984564359
101205,0.003543536697948004
101206,0.02537144389161834
101207,0.012823728227291985
101208,0.022225504612481944
101210,0.0008514366221090072
101213,0.008473844969646586
101215,0.10376732441778631
101216,0.00470680949892911
101217,0.036719193412032225
101218,0.00487941345157098
101221,0.0027032489674102818
101224,0.005925128333952748
101228,0.0012960728939796077
101231,0.009587723277669893
101234,0.13243823550332673
101235,0.003175546963876425
101236,0.01818800548966367
101238,0.004302079264487486
101239,0.036541017705197965
101241,0.0038474189752955206
101242,0.0003075338591325123
101243,0.004695890107701408
101244,0.05025288998337642
101246,0.0016476569208409108
101249,0.019153748727234084
101252,0.0036213700611535237
101253,0.0029863791586879395
101254,0.003450339629052831
101255,1.4439145606996032e-06
101256,0.0058467354462486115
101257,0.04014704753257023
101258,0.1700567387646358
101261,0.0032737024662223006
101262,0.0801482941466558
101263,0.002782279013689595
101265,0.0038565389741783635
101270,0.00520416296787909
101272,0.16305966148917383
101275,0.004588170133591617
101276,0.003912515502191969
101278,0.0035603256412380727
101279,0.0037517752069436533
101283,0.1159224165865752
101287,0.1260643212680354
101288,0.0038599636170851864
101290,0.13566694799836956
101292,0.15051986314171822
101300,0.15071944139118684
101301,0.049906544435995404
101302,0.01634698806398036
101304,0.010194545195941419
101305,0.005147858401742156
101308,0.10573068605470433
101309,0.006239447899721256
101310,0.0023152028275469382
101313,0.10933197259917121
101316,0.004852455492515269
101317,0.0029332740340097447
101319,0.006548993884696546
101323,0.032077811140506694
101328,0.13492120065988855
101329,0.0051935592713476695
101331,0.0052962340511439445
101334,0.0051324681969168165
101335,0.01935231327296208
101337,0.01388466764968827
101338,0.004228602980535137
101341,0.03763615626891701
101344,0.02712740977135469
101348,0.003190602520860223
101350,0.00863184572413222
101352,0.0393455174493897
101354,0.03260223912408903
101356,0.007339525357636186
101358,0.0036744394308295615
101361,0.09603510661752314
101366,0.007374863607714588
101367,0.0030126771055277997
101369,0.002777239883849357
101370,0.004884772420413693
101373,0.004119692505072137
101374,0.005583539397493824
101375,0.028553075543413547
101376,0.0026875302514400186
101378,0.00517184056112947
101379,0.011997146652912676
101380,0.00928823965705558
101382,0.01031139504599083
101386,0.12389346855653449
101390,0.06708916200672829
101393,0.12838107154656536
101396,0.1084925043308128
101398,0.002288764668742467
101399,0.005842790475154304
101402,0.023288505769157863
101405,0.0006704606211774124
101408,0.003973272089519149
101409,0.012573755240631397
101410,0.09297281434290913
101411,0.05502258277800649
101412,0.023072675229350244
101413,0.004243865893075543
101414,0.019933213429314266
101416,3.374997508785898e-05
101417,0.003402911028884947
101418,0.0485477218232362
101421,1.915472074234018e-05
101423,1.2695600829275441e-05
101425,0.005368824952307055
101427,0.008369072232202094
101429,0.00034341489881575284
101430,0.00483959889323169
101434,0.026515245419823065
101436,0.01353304552534553
101438,0.018825124087208527
101439,0.1057180091930377
101440,0.0010869587431237518
101444,0.004055957854147743
101447,0.011665521479115384
101448,4.066527061891347e-13
101450,0.0028713694613722606
101452,0.029351461623257902
101453,0.014282234210768923
101460,0.0074133460740516514
101461,0.001795041363181204
101466,1.4086873934927283e-09
101472,0.07458528329496
101475,0.002390506398841118
101476,0.004439608625240193
101480,0.13111006975691725
101481,0.09821907275409757
101485,0.0004417020108947023
101489,0.02537516992576258
101493,0.0027982215288227387
101494,0.033560175511197
101497,0.011236570596450213
101499,3.5308120229167005e-06
101503,0.015012713429844072
101504,0.005508275579876483
101507,0.00883675323814031
101508,0.0234159214178187
101509,0.0036319921534623636
101511,0.031658572636598575
101513,0.0013683849779236236
101517,0.006076114067710906
101520,6.491466394009501e-05
101523,0.1320233505726901
101528,0.00203664754331079
101530,0.02872461471896232
101532,0.023744254371320883
101534,0.01189655507503465
101535,0.002414623372830408
101536,9.976471229505256e-05
101537,0.06925388981415351
101539,0.025462583974113228
101541,0.018903788451681804
101542,0.007942974971071584
101546,0.07189225415665841
101547,0.00603686701907332
101548,0.00775532656848111
101552,0.016672553268472945
101554,0.021339980456716305
101555,0.042071965104196404
101557,0.01359960357680829
101560,0.06993283546621483
101565,0.003712204199108462
101570,0.00222490745551771
101571,0.02376410126716883
101573,0.006458251494588577
101574,0.011928752493149682
101576,0.002991937325154147
101577,0.06946750446788114
101581,0.0035116358274657478
101586,0.004102962381373162
101587,0.008950350598079134
101589,0.004317050691220369
101591,0.0030365805931883328
101597,0.1062454678343734
101598,0.004962699475752175
101600,0.12038591202549273
101601,0.005358383391220039
101604,0.01450377938376063
101610,0.05960437867089177
101614,0.015045232525755353
101617,0.018775072625122007
101618,0.0006329923133655717
101622,0.0047519050661126334
101623,0.03999172601719043
101624,0.00643877447972906
101626,0.005492922141450178
101628,0.00085750608125687
101633,0.0018518885093354344
101634,0.005619654423265284
101635,0.0045367271414095585
101636,0.0037610935727516153
101637,0.008078503089872508
101638,0.0034092099591979206
101640,0.000748134203834582
101643,0.13698059474012744
101646,0.04430395330926759
101647,0.023297686434590882
101648,0.0029817274445958315
101651,0.0007783461655873967
101657,0.003126567079083715
101658,0.006708113436547365
101659,0.005911788815223597
101663,0.007312142881532199
101664,0.1431236277250781
101665,0.011622141234729851
101666,0.003433179887047237
101667,1.0146703618166695e-05
101669,5.613726958519232e-05
101672,0.0029863791586879395
101673,0.08695805815749043
101674,0.12319187544783898
101675,0.008278422221389376
101676,0.0030364840012757285
101682,0.00492126082279617
101684,0.005527509659164017
101685,0.10641444881963875
101688,0.004693945146827636
101689,0.02652244537920726
101691,0.009250888960124293
101692,0.0006427583569882602
101694,0.0034091136936580456
101695,0.030859553683267565
101696,0.00504545018583788
101697,0.08216319251941054
101698,0.004593222784419532
101701,0.19397467493095952
101704,0.00023154869519316395
101705,0.010146460123383607
101706,0.02185097240317925
101707,0.0034051952608164624
101708,0.003791574647169883
101712,0.016577812620419616
101714,0.00479355995854705
101715,0.022228590968779133
101717,0.011600444784130704
101720,0.04675973536164728
101724,7.914089822000182e-06
101725,0.0219172738961524
101726,0.037424333985110136
101727,0.005129701660817364
101729,0.03904408652750006
101732,0.04631330939930884
101734,0.012940268676098411
101735,0.018052224324887445
101736,0.0019910990253581944
101737,0.0032540543473581875
101742,0.02530008743544968
101743,0.004206220157535936
101745,0.11134869918096549
101746,0.09153449388571479
101747,0.031894969942064096
101749,0.05740822978576527
101751,0.10986791071331538
101756,0.00585048760841599
101759,0.020747427872509553
101760,0.07567431920353325
101763,0.35394949208158233
101764,0.0033454476507855796
101765,0.02932975099072342
101766,0.0034208255757714285
101767,0.019404002713339183
101768,0.003036506860242808
101769,0.0393455174493897
101771,0.004461516404301803
101773,0.007598051964644043
101774,0.025548506122595016
101776,0.003030819986429547
101777,0.00702458565825117
101779,0.03213470272468084
101780,0.003039135100672058
101782,0.0005626832969199886
101784,0.018778068232858332
101786,0.003853099990560409
101788,0.018929687198550833
101789,0.02997137818015241
101792,0.0979863132789018
101793,0.03731724908804766
101794,0.0846015700553169
101795,0.04152874782777175
101796,0.002747201565967804
101797,0.02199718264434282
101799,0.006569867115434857
101800,0.007564705242535058
101801,0.05099083430062688
101802,0.001039825058036733
101808,0.012789793920512016
101810,0.0034823996173730465
101811,0.018899954703798724
101814,0.08523468631308893
101815,0.0063140872291202205
101818,0.006477735223677021
101819,0.02125265228841659
101820,0.003087590046216793
101821,0.02315753334171797
101824,0.024850921298068415
101826,0.01484112985593328
101827,0.041445111659510724
101829,0.007605026101172187
101830,0.005686132827702302
101831,0.009391246263556188
101832,0.004322516520950952
101834,0.001349018304246854
101836,0.00641038470474956
101838,0.002980644435613258
101839,0.13787999783523563
101841,0.021842235784953222
101843,0.03340352002749559
101846,0.03806750911818492
101848,0.005231413887662181
101849,0.05388834008003097
101853,0.0040719202369161305
101857,0.007609760127706255
101859,0.03189499594005663
101861,0.023579064362709096
101866,0.004849579153862049
101867,0.0022705580118099183
101874,0.022026489947644626
101875,0.11305801788308038
101876,0.003993536265651591
101877,0.010632704182233445
101878,0.006461159134225487
101879,0.057740070828351676
101882,0.0035037138276420242
101884,0.0003337360463781674
101885,0.004259709555668482
101886,0.05399389678881633
101887,0.03200875637684067
101888,0.004928321544769098
101891,0.012929828186395301
101892,0.0038357563846202368
101897,0.007122060591926813
101901,0.005050550410314605
101903,0.004196153542315197
101904,0.008898429442099306
101906,0.02110205989718291
101912,0.003608235921557074
101915,0.006651119538000701
101918,0.0002044693930639835
101921,0.022038571060701936
101922,0.004196639906242045
101923,0.0051149138292483085
101925,0.004144966325030358
101926,0.004383273998580191
101928,0.0016453221417742018
101929,0.00346233111865351
101930,0.026319000978545528
101931,0.0029586488700704657
101932,0.0033871202754603095
101933,0.11112540158905986
101934,0.0725932512707673
101935,0.0649532110599228
101936,0.05216351656963372
101937,0.0027164381671811364
101941,0.023515062702788296
101942,0.003303530755554426
101944,0.003827519297194351
101945,0.021898851922763488
101947,0.17946223261676242
101948,0.001125966196940615
101950,0.03332398393975279
101954,0.002318425410889033
101955,0.0013485734607844885
101956,0.027066673432027993
101958,0.02912070279727238
101959,0.016607914970908688
101961,0.037141202962837676
101963,0.012723120769617657
101964,0.00044667615817149355
101969,0.00831052880849049
101972,0.0016092890980539392
101974,0.013103385453446702
101975,0.05410285170509555
101976,0.10642496058122296
101978,0.014659691981833064
101983,0.1320848825397117
101984,0.00544641371578079
101985,0.059317241257987575
101989,0.003257601157177164
101993,0.10907230550685844
101997,0.006660505515699438
102000,0.023996380681613937
102002,0.004912976571529431
102004,0.1162699417971099
102005,0.02145401076887956
102006,0.0051058401004478015
102010,0.24615892554849023
102011,0.0035045830734636092
102012,0.005129183875624601
102014,0.0008694310607808844
102015,0.0030399524015268286
102018,0.003950032074980447
102021,0.006331630281078366
102026,0.008202098162864822
102027,0.18220587556494858
102028,0.013683087077025553
102029,0.01128010253462079
102032,0.012165663444476022
102033,0.022791364005270272
102034,0.10505391042908294
102035,0.08982591895376998
102038,0.008542921471934065
102040,0.01593576554071606
102041,0.06321377365217463
102042,0.0027374258374378464
102043,0.007066807556062036
102044,0.0031526011058104235
102045,0.0038920845126775407
102048,0.0023352542504398383
102049,0.021240994441254015
102051,0.00408862098045241
102054,0.028558269554662372
102055,0.0029527694553801837
102057,0.030596910661527817
102058,0.007354689691352662
102061,0.003165233190231452
102062,0.0005086403998312329
102063,0.04341122214056896
102065,0.004500090392442447
102068,0.02375521286051654
102070,0.0030729701754818985
102071,0.00591695483020493
102072,0.004381332463638475
102073,0.12050539300341737
102077,0.11919067397330638
102081,0.3533922277837869
102082,0.0036214282471160684
102083,0.12188639117281576
102085,0.12218110263300845
102087,0.07330021416004591
102088,0.12927867908522547
102089,0.008009951546056217
102094,0.0013331603068362837
102096,0.0017415762883914768
102097,0.007789614612592964
102098,0.023565198073973576
102103,0.00879673470511887
102104,0.13237066554351984
102105,5.594541345968007e-06
102106,0.003882796292386619
102107,2.1590669169449917e-07
102108,5.9456498755794024e-05
102109,0.0004636081004773289
102110,0.0014501239647751103
102111,0.033168340773223226
102112,0.015354977303829042
102114,0.11299891741733022
102123,0.03828267779907588
102126,0.004670213091339233
102131,0.012801880280762958
102132,0.007868240903064799
102133,0.09463535197839891
102134,0.002272361160146995
102135,0.00858410341658027
102139,0.0091204380193587
102142,0.002874317223619863
102143,0.004696078114868316
102146,0.006232616492676464
102147,0.004500005875613489
102148,0.12001083168953913
102151,0.0028814479506486614
102153,0.003723638624178747
102155,0.004755004113852095
102157,0.05990117752029954
102158,0.0033509351770915703
102159,0.09552394641525877
102160,0.0030364184628700252
102162,0.01552972369868897
102170,0.012686741275518859
102172,0.05853941953515196
102173,0.056608439596459496
102174,0.004094404952266968
102177,2.2887568805088624e-05
102180,0.010208543917194514
102183,0.013760193737956174
102184,0.114430327090926
102185,0.026665274292483634
102187,0.0035833170447902795
102190,0.11615764407184885
102191,0.016501170211521806
102193,0.020544794097753855
102195,0.029366387999127396
102198,0.020486437081533963
102200,0.00010301682696279055
102203,0.006133619701497052
102205,9.755294203359046e-06
102207,0.008506664548976237
102209,0.015156620950167477
102210,0.024718623984962745
102211,0.004574283691320692
102212,0.003730992471722464
102213,0.03427669152795039
102215,0.0014291431802755951
102219,0.021166831778944975
102220,0.011628050434948045
102221,0.10954057794526967
102222,0.004913027246452929
102225,0.00294471219842654
102226,0.0038617445594483608
102230,0.004112806932651379
102233,0.013532414166357037
102234,0.003855669666635149
102237,0.12863034927160494
102238,0.005401893055351852
102239,0.061705669694482386
102240,0.048421385752688256
102241,0.02313745482303587
102247,0.043316819385077976
102248,0.0051091022427773095
102251,0.0174988134281158
102252,0.008068746251385267
102253,0.004352459058065676
102254,0.1346132644224808
102257,0.010289741137396401
102260,0.14149373479615174
102265,0.06977869547630301
102266,0.07381789396667483
102269,0.04872801038077727
102270,0.026738723168369005
102271,0.11468285550391974
102272,0.017507794032885056
102275,0.0017954330112414352
102276,0.02743779991879996
102277,0.010166258507614894
102279,0.049233812687993234
102282,0.018052224324887445
102283,0.01743516157345515
102284,0.04211587765387968
102286,0.06181451664801948
102287,0.005278762769585649
102290,0.007928322814790991
102292,0.05743603666019502
102293,0.0036662677168403683
102294,0.006271507493609768
102296,0.0009982779477092074
102297,0.0028046243513656136
102298,0.0051294541456906
102299,0.030445846564038828
102301,0.004278710388698258
102304,0.05181705756745466
102305,0.12846852685671772
102306,0.044588811942897384
102307,0.02855920022550955
102310,0.00248349968110688
102311,0.00015672619865492017
102313,0.020607128085141698
102314,0.053378995635777186
102316,0.0042496863402504215
102321,0.00346826968140107
102322,0.02340585694190004
102324,2.6493251198250574e-05
102325,0.0030520166935695155
102326,0.03901056883536052
102328,0.0037187323438899445
102329,0.003948805361157337
102331,0.017906123421920828
102336,0.0049735341903734956
102337,0.09711022484911105
102338,0.006588198168200756
102342,0.004451018969138494
102343,0.011324407456541992
102347,0.008131988608257501
102351,0.11198619118174367
102353,0.13996029021946826
102354,0.0032003761439563377
102364,8.417386469464857e-06
102365,0.018052224324887445
102366,0.13516679353705652
102368,0.0058466398173409664
102369,0.0010466067264877593
102373,0.0038531008622281586
102374,0.008147496139380707
102376,0.06191661412890785
102377,0.004746397095747869
102384,0.003198293338264765
102386,0.0023006045711055946
102388,0.004806155617377564
102390,0.10890197345481425
102391,0.0038163301375626073
102394,0.011218655332058776
102395,0.0006854633410006347
102396,0.00419232602622767
102398,0.04038911350828133
102400,0.003672898084022593
102402,0.0034886767294221273
102404,0.0035731673390523343
102407,0.0038470777807930547
102408,0.012989926275925243
102410,0.020289115847233644
102412,0.0011789294666511296
102416,0.0973183489953492
102418,0.004185624112179311
102419,0.12682501002779822
102421,0.002929352442294432
102422,4.9514160657662535e-05
102423,0.024482489988182067
102425,0.011452819358658467
102426,0.04004465333154481
102427,0.006293989553500418
102430,0.06609021038271798
102431,0.001992916089883942
102432,0.054132734788479
102434,0.030964462297987154
102439,0.004384668872281545
102440,0.01016918253051045
102441,0.03136240257207507
102449,0.005870555539559203
102450,0.0031679600239817043
102451,0.003962390558644439
102452,0.015575305101994409
102453,0.10405451311343797
102454,0.02111780215605106
102459,0.007260518836298168
102460,0.031595188310498214
102461,0.009346592075280847
102463,0.12851081789917146
102466,0.004444720787664667
102470,0.004236600044761825
102471,0.005493706701497341
102472,0.006812011553268058
102474,0.007579348147529343
102475,0.039397189732715776
102476,0.003431752572139788
102477,0.003549279842885221
102479,0.016029355750527705
102480,0.005523701444056354
102483,0.0074112759240512254
102485,0.05229296542862788
102487,0.010980411503973012
102488,0.058972480060912144
102489,0.12614914690956544
102490,0.021188306554084855
102493,0.002241973593804059
102497,0.12004362109115267
102499,0.010504359932370184
102501,0.0033683523550610017
102502,0.09232210509600618
102505,0.11099171546891956
102506,0.006613005128150659
102507,0.0034051990489875126
102508,0.01881661072502696
102509,0.0031837806984829115
102510,0.05180845895382394
102512,0.003036506860242808
102513,0.13059729785196128
102514,0.00834322541128433
102518,0.003000056939799411
102519,4.536268855200121e-05
102520,0.0048457891924884615
102521,0.01585554055923992
102522,0.14007152005017848
102525,0.0024353612953312816
102528,0.011649730032108402
102529,0.020874466899252684
102531,0.09438490086204115
102532,0.003414394354229581
102533,0.041368466508617675
102534,0.00979339795358917
102535,0.021099258347395563
102536,0.2150618030644042
102537,0.00990970896451937
102539,0.00328913958233716
102540,0.003036383975966692
102541,0.006238501414086606
102542,0.02297746480587012
102543,0.006937379751181757
102549,0.005702378334377712
102550,0.005189152393289174
102551,0.11366517420394777
102554,0.00028523244169686464
102558,0.11489500270426116
102559,0.2750237612725559
102560,0.02484929192137003
102563,0.02509461183619035
102569,0.007908641582605468
102570,0.008609510736970334
102571,0.05010779615936758
102574,0.003552744393703278
102575,0.023153472887204797
102580,0.0043217983419271315
102581,3.0812472407233504e-07
102582,0.022929222751828446
102587,0.009401219066297392
102588,0.0039621847447003046
102593,0.059588564093392075
102595,9.571997554785137e-05
102597,0.003553224396491123
102602,0.1777173005483547
102606,0.04581518945316102
102607,0.025266345397775915
102608,0.00498632254434603
102609,0.00912499861013017
102610,0.003405366419255984
102611,0.009929666683513217
102612,0.016833055954651694
102613,0.0042054509513910635
102614,0.0011322979206825096
102615,0.006408490974329428
102621,0.003036506860242808
102622,0.018052224324887445
102624,0.020607128085141698
102630,0.011728550732342509
102631,0.06329913385899709
102632,0.011922191222057473
102634,0.0037233908992652127
102635,0.003405222285263257
102639,0.02087511588313582
102640,0.0018272497444093156
102643,0.00028541253594890675
102644,0.022928341623578603
102645,0.02297133590674355
102646,0.009828392718388783
102647,9.027962851314758e-05
102649,0.002994174428405382
102650,0.0075891922268570035
102651,0.004766549207087107
102653,0.02252163924231466
102654,0.0069227259769329835
102655,0.026267153207843365
102656,0.02969258798924909
102657,0.01923844683284408
102659,0.04748008900203257
102661,0.03574054309664009
102663,0.003721628652905636
102666,0.0012157832473835132
102668,0.036839449166382765
102669,0.010832965421602248
102670,0.01588218458091518
102672,0.005846528788335782
102673,0.018052224324887445
102674,0.014466259359728563
102675,0.029236333272767145
102676,0.0005385560763256843
102677,0.06497468067586698
102678,0.1399081473206001
102679,0.1075282067619363
102680,0.002536372019183046
102681,0.008273219287625975
102683,1.6983762980108838e-05
102684,0.009120080238695505
102685,0.03267848943205058
102686,0.08774186876852338
102687,0.008125466549548356
102692,0.15054183912745364
102698,0.0053256630204365565
102700,0.27619659438920363
102701,0.1046765595736089
102702,0.002170095944623206
102703,1.5967827940111535e-05
102707,0.1346482241469603
102709,0.0030363938863314658
102711,0.054171050174965894
102713,0.00918852680625313
102716,0.14265676134696878
102717,0.12421697738929605
102724,0.01520357387882484
102729,0.23943401059741262
102732,0.03382319847368299
102733,0.004081488236981063
102739,0.01207720822942681
102742,0.023977306667952333
102745,0.004007632926707211
102746,0.0004862088710272531
102747,3.096964788368019e-05
102748,0.012286329413629051
102749,0.03944106195234227
102752,0.009857933443324682
102755,0.005431840421293838
102756,0.0032599721964877456
102757,0.006671888402061336
102758,0.12428498992424862
102759,0.02563960211978301
102762,0.17108089464996293
102763,0.11431619586409901
102765,0.0034873097049083006
102766,0.11781425459811076
102767,0.015922878926490754
102770,0.06292680389261814
102771,0.008385919443729593
102772,0.017038552922134638
102773,0.0018946160705549605
102776,0.0054625276563227245
102779,0.007060907909118197
102780,0.00029768390987747634
102782,0.11061590836559657
102783,0.005799943723165139
102784,0.0016474917906677627
102788,0.06897808620681675
102793,0.022894909222977985
102794,0.005230653015692837
102797,0.02664594430655876
102798,0.004499848919980476
102799,0.009461377398645018
102800,0.026828167549680804
102801,0.03620068955732075
102802,0.017769952554878603
102803,0.03617506594746847
102805,0.014261309389625623
102806,0.0026937100095654814
102807,0.019638669674498364
102808,0.03416673421170407
102814,0.005674038360848674
102816,0.02820647119569134
102817,0.018568257782937178
102820,0.003405222285263257
102821,0.002273333350304531
102823,0.004378279611336418
102824,0.03703679287695191
102825,0.011292801862537963
102826,0.0031559365810319407
102828,0.003114559661355891
102829,3.1445393323450622e-06
102832,0.021331867750072873
102833,0.007194923059089974
102834,0.00437978899466814
102835,0.12075858353125044
102836,0.0166542512022929
102839,0.005308323003455177
102840,0.0010254586539166202
102841,0.001114088838201767
102843,0.0034996253617792642
102844,0.016766150158305692
102845,0.11730813432794122
102846,0.05788944332538988
102848,0.019368608290858985
102850,0.0030364184628700252
102851,0.005733592842932009
102852,0.0023966850378813334
102855,0.013837921692614438
102857,0.0029862764150018974
102861,0.013641992731192038
102862,0.1160887090061014
102863,0.008587888642084287
102865,0.007044376485198687
102867,0.005544134167521973
102868,0.003099621326968595
102869,0.13041780242607262
102872,0.009238698927758082
102873,0.0025919570915702364
102874,0.0033238105227477123
102875,0.0044234702410357795
102876,0.03802664354669351
102880,0.00569667319801673
102882,0.023438689089165323
102885,0.07410688800839194
102886,0.030846286605075518
102887,0.04183337109608307
102888,0.0020901910270030603
102890,0.0002368522342087847
102892,0.011948609263899384
102894,0.010143463784690407
102895,0.13911554398572093
102896,0.13859209511046439
102899,0.003756023753330236
102900,0.003221568226000395
102901,0.004847408518996095
102902,0.0032505790452086202
102904,0.026696879304247335
102906,0.007164452180988057
102907,0.010646654562998731
102908,0.04786834071436996
102909,0.010359229245260712
102911,0.02032104304203988
102912,0.005263244492246358
102913,0.0260160317308536
102915,0.008422104469739988
102918,0.010105553499136168
102920,0.035261807281801096
102922,0.006147899137186787
102923,0.0023183897456286787
102924,0.007128401120174272
102926,0.11558995342343649
102927,0.018052224324887445
102928,0.055115476736449655
102930,0.01956761168786394
102935,0.02035049106375522
102938,0.1030539546281258
102939,0.0055017595259290765
102942,0.017135740973128352
102943,0.021976459493306472
102944,0.003766105547248936
102946,0.0023913440920287294
102949,0.004121387749149775
102954,0.003597601574265186
102957,0.03405144479135388
102958,0.0036781213942967553
102959,0.040567304853554406
102961,0.02042621362408633
102963,0.004492283933850168
102964,0.0038721825166484697
102965,0.01472770008768832
102969,0.020942756739183305
102970,0.018171145595780428
102971,0.04612870351423839
102973,0.004499892151201039
102974,0.00828798995676009
102975,0.0028150427276080357
102976,0.0072521380299973995
102981,0.00011838242867052722
102982,0.05055864680157027
102985,0.00397691508997121
102989,6.903005992484674e-06
102991,0.004079277435307318
102994,0.009280743653821047
102995,0.04853004949424816
102997,0.07759230650935381
103002,0.00923237476198395
103007,0.0034024072377883004
103012,0.023270678976726026
103013,0.0461402449947123
103014,0.004989550928378601
103015,0.10295311860842271
103018,0.025533610950332627
103020,0.006798176905258856
103023,0.06312002666869548
103024,0.010115587984382413
103025,0.0030364068341830557
103027,0.0012697014388170468
103031,0.014972613111364849
103033,0.009230675575256564
103036,0.011941502460026936
103037,0.004264079414308406
103039,0.026745582930521383
103040,0.0004444631728912289
103044,0.002772964588089496
103045,0.003829846197211397
103046,0.0007123518869926434
103048,0.007337276954748187
103049,0.004969798041992562
103050,0.0027948080939457685
103051,0.024593998924159786
103055,0.01798813520755766
103057,0.14345164698453103
103058,0.018052224324887445
103061,0.12340456826639186
103063,0.0011603824434698745
103064,0.00013796496873021754
103067,0.0024917044297330998
103068,0.018052224324887445
103072,0.002324849045206697
103073,0.00387297695262831
103074,0.0023792868587403267
103075,3.074816729421954e-07
103081,0.0038579708072272938
103084,0.00043227844659940104
103085,0.01343249987294284
103086,0.09832606462120028
103087,0.009860749574047676
103088,0.021147841288445723
103090,0.03184557852107887
103091,0.0325308524999357
103094,0.0002648252825529455
103095,0.03088425903668541
103100,0.0035771520935079706
103101,0.025743646882113568
103103,0.004438410124098431
103104,0.002986232319508815
103105,0.002306786702649172
103109,0.05168393173718882
103112,0.021629979700339197
103114,0.005384952716441228
103116,0.14509898685571032
103119,0.08665782253055643
103120,0.01716351685328132
103122,0.02144053376053899
103123,0.008614585725702981
103127,0.004536757836201312
103130,0.005268752629604271
103131,0.0009326329292323061
103133,0.09577242856098701
103135,0.0024097630710048943
103142,1.1038494957284793e-05
103143,0.0031836355208437537
103145,0.006248682261357309
103147,0.0035127422611479515
103148,0.002893477972614879
103149,0.008728107350685509
103150,0.008178046394986373
103151,0.033380060361264376
103152,0.02782230238172244
103153,0.006363083474571501
103154,0.026279765770970027
103155,0.02437064057932835
103156,0.018123420659009126
103157,0.018740398605690264
103158,0.010661117977826387
103160,0.014126929859484641
103162,0.009390641817537808
103163,0.012702305821917627
103164,0.00496613101300713
103165,0.00740439090358398
103166,0.0069583810134788045
103167,0.0036790009983071236
103168,0.003115017255718629
103171,0.006974957796943438
103173,0.012542525212248551
103174,0.002142526947080817
103175,0.04131239033445983
103177,0.001640614590962996
103180,0.00407804523590585
103183,0.004447989256360801
103185,0.022233109078912173
103187,0.0020382651510569413
103188,0.018052224324887445
103189,0.0010720976988922509
103192,0.002701102960059745
103193,0.00019053004783235272
103195,0.0038964242349212135
103197,0.008877405869179683
103201,0.024260366720963787
103205,0.0023005775913446476
103206,0.021585547358964254
103210,0.043920920540471475
103211,0.015460570698534744
103213,0.08747415743869444
103214,0.004701322826292587
103215,0.004815114417414838
103216,0.004222297371771522
103217,0.004177383554140338
103218,0.0231045804599974
103220,0.004158233644178532
103225,0.028264365112942988
103226,0.01091585334821214
103227,0.009856352010755517
103228,0.00415130848305866
103229,0.07629486913195065
103232,0.03811596179829129
103234,0.00661303912237904
103236,0.0029185214757738416
103237,0.0037194054647741235
103241,0.0003180773135986449
103242,0.003405357410703311
103243,0.0012654947525646033
103246,0.002149041184593787
103248,0.006504881313219296
103250,0.009257986365327587
103251,0.003345277524283477
103253,5.271572674414667e-06
103254,0.016986710529601486
103255,0.005259786013194425
103257,0.0013612814685757615
103259,0.0020522329550873237
103260,0.013280223013308197
103261,0.04530750377835316
103262,0.004500090392442447
103264,0.02982532093937861
103266,0.021965542682769373
103267,0.0036427737144151336
103268,0.02227672222006583
103269,0.0033115026205009024
103270,0.007553254989699518
103272,0.4358134108415944
103273,0.013381733719747317
103275,0.006910055176052273
103276,0.12907243521385234
103278,0.0032379324643971295
103280,0.04096470988535108
103281,0.0026229045218519142
103283,0.0032240497048558235
103285,0.025017831234452444
103286,0.022150381104719355
103289,0.0197532073223643
103290,0.006101554764325292
103291,0.004855165488585492
103294,0.029750648545635465
103295,0.019893236864575663
103296,0.02214293238242732
103297,0.034794307631679226
103300,0.00415998309158894
103301,0.011266789866727368
103303,0.09653608557009223
103304,0.006847267025422349
103305,0.01975047544555079
103307,0.0008054148280605215
103310,0.020139193590538416
103311,0.0017087435811209487
103313,0.026805533208019545
103318,0.09277362205341554
103319,0.006806842891170438
103320,0.02545509416156753
103322,0.008095403115122829
103325,0.0034624844361372926
103327,0.0043604943244889
103328,0.007294555562424365
103329,0.0019505722026788408
103337,0.002673869986148648
103338,0.0015326993911348554
103339,0.04344964047778322
103340,0.005492980927078019
103342,0.1346132644224808
103343,0.004684032473556663
103344,0.03481008910262378
103347,0.0020840614328797875
103349,0.005531065810861586
103350,0.012336706782270392
103351,0.06559977158345494
103352,0.005914988065232466
103353,0.009493097228925917
103354,0.0033236191481696344
103359,0.009038886250496665
103360,0.0025815883459430764
103362,0.0029356035335796463
103363,0.001859924805774885
103365,0.003721644113499713
103366,0.03166358105577963
103371,0.0034624151556216427
103373,5.174533935909563e-13
103374,0.032741468879787204
103375,0.022991366536210468
103378,0.007590795634188988
103379,0.00823446032724959
103380,0.008849831954449973
103390,0.0780901730259452
103392,0.020607128085141698
103394,0.005398705449110481
103395,0.00031603341616576896
103397,0.11188687660925173
103398,0.012641163854936367
103399,0.004559993585454994
103402,0.010102779969796418
103403,0.025316738829254976
103405,0.021139915526135367
103406,4.967941563518018e-06
103407,0.028625790369721526
103410,0.005846501201667007
103411,0.11083901144136954
103414,0.019140053311340763
103417,0.0027788103570767467
103419,0.006572415849886493
103420,0.0026258653800691435
103421,0.004883518141124277
103423,0.09440240239176576
103426,0.005937027979477403
103431,0.0031830041646551364
103433,0.0009164316508852511
103435,0.0029323267544506277
103438,0.017403340091733156
103439,0.01155552216909513
103441,0.023926536313095575
103444,0.011380786137669716
103447,0.002668604387978164
103449,0.03959688631790066
103451,0.0003513331297834795
103453,0.0009523655556063342
103454,0.05056417759794837
103455,0.08375342747016852
103458,0.011023846217580876
103459,0.004404672092563186
103460,0.08704478488722457
103465,0.008856489543340198
103468,0.1294923690539264
103470,0.07244975076174459
103472,0.01888018477558107
103473,0.0012879642530380124
103474,0.02372494617431047
103476,0.02493378824106353
103477,0.02320215513980701
103478,0.0030162285246340998
103484,0.002428061931704926
103485,0.0028740321393666743
103486,0.15911329670168586
103489,0.008721124198732265
103490,0.0035897399845967
103492,0.0061148718207163924
103495,0.000144607087459985
103497,9.848484840499833e-05
103498,0.0035967813668569843
103501,0.011003632670366215
103502,0.003430909761294412
103507,0.009310557311830133
103508,0.05869459742146017
103509,0.003405397233447251
103512,0.006249440087118966
103515,0.0022237626893160624
103517,0.011939131536182607
103518,0.10087817385312352
103521,0.0016228953214414634
103522,0.012322179219494574
103525,0.008007784246120914
103529,0.023310892344726546
103531,0.08165062397572742
103532,0.0018641687780047724
103534,0.007749248327679753
103535,0.013348521865928487
103536,0.017018291457561518
103537,0.025634241942909204
103538,0.018052224324887445
103540,0.0061715643773805956
103543,0.0035882090637827245
103545,0.05161713187124242
103551,0.01947008975648233
103553,0.0089990216828187
103554,0.008539931873237764
103555,0.005674355794161039
103559,0.026318561247211224
103561,0.004260877941641312
103563,0.00032260847737656075
103565,0.0033904638619247653
103569,0.004237144643714502
103570,0.005540214579984551
103573,0.0722141007853633
103576,0.017465251865095895
103577,0.03517977444094066
103581,0.0023108917369498083
103587,0.08322470729207106
103588,0.02939992623355465
103590,0.03248476995018599
103591,0.005101864579535939
103592,0.0030309245592440633
103594,0.028600855536605088
103597,0.004777274328004045
103599,0.10965712386976352
103600,0.01961523089418444
103601,0.0012867992491214864
103602,0.00010959843482963293
103603,0.011589319745845808
103604,0.0381302685950105
103606,0.004047311040342647
103607,0.06431810090107211
103610,0.0037912234433883593
103612,0.011130188015709782
103616,0.06825801405133852
103617,0.003651232732049545
103625,0.009193174262120095
103626,0.017525286410698688
103628,0.015060727454974129
103629,0.11458218621235806
103630,4.8377656704274654e-05
103632,0.0078086797278658455
103635,0.011313308950003
103636,0.024901623998901043
103637,0.00239685524853284
103639,0.5537047036428937
103640,0.0018732741625290474
103641,0.015035811873805947
103643,0.001190431344350129
103644,0.002035180013870199
103645,0.008297259544594763
103649,0.0001314398833944564
103657,0.007764902398017013
103659,0.029837874058038904
103660,0.03440527244408891
103661,0.06673618420566754
103662,0.07871829030167117
103663,0.015513285805476883
103668,0.01268855122693144
103670,0.051696226273243245
103671,0.0023427121516498856
103673,0.049006410932962444
103679,0.017350182126532294
103684,0.0571605558047342
103685,0.020607128085141698
103686,0.009931589514949579
103688,0.02979608919266725
103689,0.0022724942748216983
103692,0.014933227313417336
103695,0.19383831178548644
103698,0.003984209876987827
103703,2.698873971906565e-09
103705,0.0879134971632662
103708,0.027701447733349847
103710,0.005048599752419905
103713,0.0403568917132338
103715,0.1449366643658543
103716,0.12086194536796756
103717,0.00027972273344479404
103719,0.0017750490572595323
103721,0.032111638579615735
103722,0.044389040357585945
103724,0.0208099603815916
103726,6.424890039721518e-11
103730,0.009319608474434981
103731,0.1389629481003023
103733,0.10467674917337397
103734,0.00410062429627443
103736,0.01883538337601382
103737,0.01654608901595026
103738,0.001485781150358357
103739,0.006846446348536623
103740,0.023989359541695395
103741,0.0042356646141288
103742,0.002285241550643948
103745,0.02528527477240848
103749,0.10676859786711672
103750,0.0180447617706178
103751,5.195295990700559e-06
103754,0.022149428000149667
103755,0.01767828992783603
103756,0.03300398437453617
103759,0.0031008291629994805
103760,0.0025438166175570766
103761,0.011350792062550675
103762,0.07901715953487795
103763,0.012232961387788937
103764,0.006408592568942587
103766,0.0031379487663588516
103767,0.019413067238615724
103768,0.005836627564432902
103769,0.029184827701254627
103771,0.016661189707545022
103777,0.04736099596192958
103781,0.09914159321733121
103782,0.005129344142781395
103783,0.0009710703702567644
103784,2.4601213830157135e-15
103786,0.003625516250952097
103787,0.002861908200721615
103788,0.04217131738148664
103790,0.12292866242597081
103793,0.00746242278962568
103796,0.053561349074987843
103797,0.01401932527588563
103798,0.015423876591490962
103801,0.023074792389561012
103802,0.0018358443793349071
103804,0.03528726043688964
103808,0.01583323213256674
103810,0.005546576945174123
103813,0.05005021969286417
103814,0.03429894051858409
103815,4.986324495700453e-05
103819,0.0033119648697672
103820,0.13682171048384836
103822,0.0059204308583892945
103824,0.010189424619016809
103825,0.0056740471398768885
103826,0.024602159480132724
103829,0.0895738359410552
103834,0.0034786545129496934
103836,0.05153521143059284
103837,0.1160887090061014
103840,0.0017644908912856571
103844,0.007987701943600609
103846,0.004503505148697971
103849,0.0030364184628700252
103850,0.0036497077024994352
103851,0.005349121416633301
103854,0.005958536306161251
103855,0.003865745653950868
103861,0.012061367238903099
103863,0.06228049590690092
103865,0.003218865062668412
103871,0.006905581218739924
103872,0.0054031060841475504
103873,0.021842126556114127
103874,0.003928471218057079
103876,0.017501457376534933
103878,0.002717015371683095
103880,0.001108670396792073
103881,0.1363294087214409
103882,0.004004800686027292
103885,0.0029775656042869687
103887,0.007888203910554021
103891,0.04907665679310287
103892,0.013105733704508342
103893,0.02343974727187583
103895,0.035318503442764645
103898,0.006450568555301547
103902,0.007575985764192255
103909,0.11580528909775648
103913,0.015507464176299687
103914,0.0028909165556626802
103915,0.02234477959804583
103917,0.0034624003974934804
103920,0.00561111434653754
103921,0.005225455646389268
103924,0.002896242102984393
103925,0.03332839957056274
103928,0.013488200907122426
103934,0.0030321797193427723
103935,0.0007210528546583706
103936,0.00013290074274659373
103943,0.005968918094258596
103944,0.018052224324887445
103945,0.0028823057029477503
103952,0.01221065432414684
103955,0.035665411613667736
103957,0.006147727244208746
103959,0.005942604577683289
103962,0.15705944324531118
103963,0.014063589543587135
103965,0.004298660558842925
103966,0.09139551758290228
103967,0.003872285478197548
103969,0.005999421771423717
103970,0.14234631135425707
103976,0.07940107464026934
103977,0.12448402305330826
103981,0.0023580778102679054
103982,0.10096235698820873
103984,0.004288964274081877
103985,0.006340555447459149
103986,0.026763159865503948
103987,0.026254031165054044
103988,0.005629931697726757
103990,3.330351881956246e-07
103992,0.036759324090173504
103994,0.030412826213650532
103996,0.0032642277828394376
103998,0.016059937518878627
104001,0.0008168683186328693
104007,0.0165169479510112
104008,0.011415383983264563
104009,0.006455291412127682
104010,0.014138561787744216
104011,0.006396182491249094
104014,0.03804485041306942
104017,0.004068853898781064
104019,0.007033287289016788
104022,0.007725799963631673
104024,0.012539543164948404
104025,0.028277658764536515
104030,0.024482489988182067
104031,0.016266090378980223
104032,5.745507579400752e-06
104034,9.943877311852585e-14
104035,0.07612279984497516
104036,0.0031190951389095407
104039,0.0034585852136465424
104041,0.1160887090061014
104042,0.004401769950508678
104043,0.005015193967436316
104048,0.012431824636739698
104049,0.017970362955129732
104051,0.005352439582382769
104052,0.020817596109138862
104053,0.0036205578734112014
104054,0.18282034338865286
104056,0.0033750604984825036
104063,0.006849814134117992
104065,0.0005483480294989118
104066,0.032541787691149286
104068,0.10418434716569117
104071,0.0027692736718057023
104073,0.012010951478467787
104074,0.12060965543484545
104076,0.010405789643054194
104080,0.0004723676199370169
104083,0.004323890514657993
104085,0.003994532099859903
104088,0.043541595905947916
104089,0.0057218864933396806
104090,0.030157228395826716
104093,0.0022967978210645923
104094,0.0030112718871599976
104096,0.007470317267306732
104099,0.008305695532174358
104102,0.0033556273641844117
104105,0.030779219098374413
104106,0.05448086405369419
104108,0.03284991335897055
104110,0.00661836214818426
104113,0.02577772979615247
104117,0.020962636682698193
104120,0.00418786315780685
104121,0.12904574041235037
104122,0.0004891060741429929
104125,0.016899056950757226
104127,0.00616990061929534
104128,0.021846088259162556
104130,0.01582466995255903
104132,0.002737005278897107
104134,0.0459795932662437
104135,0.0012314237638955965
104137,0.11429749195757782
104139,0.0035921639539767815
104141,0.007928135640582909
104144,0.0997306945271913
104145,0.0039194731435006494
104148,0.007046269483006534
104150,0.002997887527571814
104153,0.031004699819548356
104154,0.02958390046377902
104155,0.00442699018181626
104159,0.004537714586670065
104160,5.403794491575354e-06
104161,0.006221355758463052
104162,0.01454856479567646
104165,0.009127153748918185
104167,0.003429881721471042
104168,0.00369093799702566
104170,0.0059577901937369155
104172,0.11734344086497514
104173,0.041520310832169685
104176,0.003937894120915756
104177,0.010514703861479277
104181,0.02559691703253732
104186,0.0316209902028672
104187,0.013348097864571798
104189,0.00414368276805134
104191,0.005579582300168737
104192,0.0034740929274941104
104194,0.001847488623860147
104200,0.003810637209648318
104201,0.000408019599503153
104202,0.00484287263949783
104207,0.006844361381250837
104210,0.03104225198309227
104211,0.014080327853377577
104213,0.0010796895417269894
104214,0.007737992880427554
104215,0.08331226757595353
104217,0.007050985413832601
104218,0.10212192761802535
104220,0.05014007025673108
104222,0.0992045229657848
104224,0.12837564331482684
104227,0.007423933089452319
104228,0.007597972904584155
104229,0.006429295336602013
104235,0.12560089493376583
104237,0.03289682662497665
104241,0.030671880060715983
104244,0.001235902736352113
104248,0.02383749626830048
104251,0.1370877753649163
104253,0.006570354418581955
104255,0.0030365495410917174
104257,0.1074603909592663
104259,0.0417015519098261
104260,0.004651169862862646
104261,0.010700729618851145
104262,0.02904289081077795
104263,0.004054190441330886
104264,0.03682350003226918
104265,0.005085039180118011
104269,0.003188870392468107
104270,0.08316320293338739
104271,0.11347314115503773
104274,0.012876928699529675
104279,0.01913414873198153
104280,0.019161313408715144
104282,0.008581630862189098
104283,0.0017305739038284943
104284,0.01992221404319417
104285,0.011183445598111295
104289,0.020607241617582036
104292,0.0038991731774080892
104295,0.017394668833072016
104299,0.05904711694937569
104305,0.020343195480237466
104306,0.005911831855273318
104307,0.046347693992417775
104310,0.003125571337434305
104312,0.005846689239909649
104315,0.03138443724486436
104316,0.00816326451209583
104318,1.5936753381625924e-06
104321,0.03490949656524026
104322,0.0034656207671159814
104323,0.10608143742696326
104325,0.13964519568583614
104328,0.07633317513915361
104329,0.0025517759555393235
104338,0.0018787760203435788
104340,0.10987511323923861
104341,0.004267798604010442
104346,0.0068122910615514435
104347,0.06241601123516991
104351,0.0019693546649572585
104353,0.0038994860016371763
104354,0.027279049976512277
104358,0.0019753355926637236
104359,0.004672649958278219
104360,0.06254254615531761
104363,0.0052850191074878235
104364,0.016964009904142572
104365,0.12811209984647506
104366,0.010637698597102936
104368,0.14727054865881944
104369,0.003317919153330603
104372,0.004557222003087562
104373,0.01202893038059978
104375,0.00459160102614936
104376,0.15065380821806434
104379,0.017846744337514615
104380,0.006755653860818893
104383,0.0009082493726173161
104386,8.556706676522635e-05
104387,0.00021264698533527982
104391,0.019520811100186105
104395,0.013367450538129228
104396,0.006472127351668126
104399,0.000710248765781297
104403,0.01204870198919968
104406,0.14143812787010404
104409,6.852859262733323e-05
104411,0.024296945188291556
104412,0.003180144765735657
104414,0.01528835086949471
104415,0.014243875078887873
104418,0.004950089259556272
104420,0.003102488760847856
104421,0.12966640060707005
104424,0.0034655022416988594
104425,0.003280301599636637
104432,0.006568407556717257
104433,0.03979613338665792
104436,0.004344408384696186
104437,0.008103815883851515
104444,0.012674538750396923
104446,0.0031704988749583457
104447,0.01854383635949149
104449,0.005917651543761066
104450,0.03014681566212328
104452,0.023082704660920803
104454,0.0038372219429608483
104456,0.006751168194845774
104457,0.07960667991098876
104460,0.08414120683610075
104462,0.0007489603214481468
104463,0.026184761528002122
104465,0.00012885655193220567
104466,0.0033612842389859968
104469,0.004814752607556519
104470,0.00226627116070303
104472,0.00992534122045323
104473,0.005032281563574609
104474,0.005451948861431755
104477,0.006176192423424433
104479,0.018659857451649716
104481,0.002986301786550017
104482,0.0036508171371502007
104485,0.05144512040239398
104488,0.029929911047600444
104492,0.0002485394271981884
104493,0.014275718242469917
104494,0.003960718248412037
104495,0.011579237098080931
104496,0.0041351441127864125
104497,0.005278309993501765
104498,0.006864334433663901
104499,0.0017823265086255094
104503,0.002424449506111844
104504,0.013237330041402654
104505,0.003568700226695707
104507,0.02136204189243076
104509,0.004235975183249045
104512,0.003653709215548244
104513,0.0038622386514037053
104515,0.017604923399151286
104518,0.1455394002155166
104519,0.024409338953286962
104525,0.0033832320108985333
104526,0.02518511448673847
104529,0.02310736390447582
104531,0.033711160105011045
104533,0.044842678756482575
104535,0.003812643637455997
104536,0.004117234030470549
104538,0.018052224324887445
104539,0.0070616697925202695
104540,0.00602877490864058
104541,0.0010835971324309594
104542,0.005805034766829541
104543,0.0968420588714646
104544,0.001966359947012907
104545,0.00981651842121716
104546,0.01667410710975648
104548,0.023094993719586704
104550,0.023817958155285746
104553,0.015051987000275026
104555,0.029755466236482408
104556,0.018765012761907656
104557,0.005673979571539589
104558,0.13617540749910398
104559,0.01307312211694685
104561,0.0005362805693532822
104563,0.0030364921936756007
104565,0.002132077268282295
104566,0.003955110740619755
104567,0.0005331638463570117
104568,0.018821895026379203
104573,0.0065486062567115776
104574,0.0038827062273182294
104576,0.0031618361025305395
104577,0.02053427358934652
104579,0.025103274285082806
104580,0.06659633874778838
104582,0.006232196876641586
104583,0.06316020884006207
104584,0.02340649302714041
104585,0.0012732450512388297
104587,0.002961798389022178
104589,0.005726684356804408
104590,0.004794837419572767
104594,0.008057937656199395
104596,0.09597101324525308
104597,0.009064722967156212
104598,0.0005879057091295033
104599,0.1287836260124429
104600,0.018332678915752423
104601,0.012921610824168716
104602,0.002283893585969024
104607,0.005252329443377089
104608,0.09934847403075758
104612,0.005190106979532633
104616,0.07679170841026114
104618,1.983190199948428e-06
104619,0.0071539462025099095
104621,0.15466511013839912
104623,0.018052224324887445
104625,0.003356545484734614
104626,0.004931542181412951
104630,0.020607128085141698
104632,0.0007833704054619426
104635,0.008730531840443092
104638,0.014900350725372564
104641,1.537405611192967e-06
104645,0.02273161347333598
104647,0.013694049465812236
104651,0.024725416316154228
104652,0.0052359592847578355
104653,0.004070032259232966
104654,0.00553601856993459
104655,0.02449375497023063
104656,0.002826818198506652
104659,0.046130064060565044
104662,0.0039947813153534805
104665,0.011949248423544633
104668,0.07814047585012453
104670,0.03793827305326273
104671,0.0005801236153658192
104672,0.002515059693611246
104674,0.009977347258169473
104677,0.0023834111738431033
104679,0.0338506772323396
104680,0.0008454784694720067
104681,0.058487771589168236
104682,0.0007699850517172742
104684,0.016332748516784616
104686,0.0036544435449052523
104689,0.019500197234201187
104691,0.01087856983388971
104693,0.005495731514037073
104700,0.006893071109690525
104702,0.006987762161036794
104703,0.02044441222874779
104705,0.024520416563046012
104706,7.304296279438234e-05
104707,0.0038835830576440713
104710,0.018892830480878905
104714,0.02196202072312449
104719,0.005846689239909649
104721,0.037572060964548855
104722,0.0066462411620730275
104723,0.004426153347964118
104725,0.004559349796666526
104726,0.004987848088778655
104730,0.009775500151239467
104733,0.15549275006857008
104734,0.029823841605506825
104735,0.018052224324887445
104736,0.006513237404625379
104738,0.008667742799811898
104739,0.1342287330108489
104743,8.599006244663206e-05
104744,0.0012027463816634794
104746,0.002041116952870088
104749,0.021306691529654115
104751,0.023462498627104547
104752,0.021090975802509765
104755,0.01761598498803498
104757,0.04006859815720406
104758,0.005505992982346316
104759,0.004077943862488233
104761,0.010625952110760301
104763,0.17398174231970448
104765,0.022829676940771638
104766,0.003750584419268839
104767,0.0082622253668945
104768,0.06025364057068151
104770,0.01999596700582311
104771,0.038758935578786416
104772,0.007852794096654205
104773,0.007579067913325404
104774,0.0077954192079584365
104775,0.028982605296414065
104778,0.00019633606297491565
104779,0.0060116986788794355
104780,0.0013788990688631114
104781,0.006408608949621247
104782,0.09351076513686529
104785,0.009174054659554086
104787,0.1473997691008231
104790,0.13468988439781998
104791,0.006506872939373053
104794,0.025274896044537774
104796,0.04844840915322195
104798,0.0031748323412509184
104799,0.03401332989997243
104800,0.00572888352769494
104803,0.0015013991225951654
104808,0.003948516703446326
104810,0.023462498627104547
104811,0.1426434039046471
104812,0.006609609394627936
104813,0.004499892151201039
104814,0.007333242870018496
104817,0.000781865569746385
104818,0.24494043243505167
104820,0.003462417114096272
104825,0.0021083429809801595
104826,0.024878485081103532
104828,0.0032245911881260193
104838,0.005156677227123464
104840,9.944844786521784e-08
104841,0.003638514564885746
104843,0.0075355069576192755
104847,0.009507535297429473
104848,0.0032225138716383732
104852,0.051993385836149084
104854,0.00020753774052058232
104855,0.007395623471676674
104857,0.0030143842290633297
104858,8.557585140715033e-08
104860,0.007988446656624924
104861,0.0041977309052162425
104862,4.2937219393810937e-07
104864,0.004237170830948958
104866,0.028526860392033632
104871,0.111841650298688
104873,0.024482489988182067
104874,0.027708505104281956
104877,0.1439204895125008
104880,0.003379415609725426
104881,0.002986426580039406
104883,0.015707281034370073
104886,0.04346843677523261
104887,0.019480504989860658
104891,0.008031753757913948
104893,0.061507575525738295
104895,0.018052224324887445
104898,0.025485456983292416
104902,0.022593519127009052
104905,0.059317241257987575
104907,0.006988148368744932
104909,0.002549120567067083
104910,0.009079220811638465
104912,0.0030365396302204596
104913,0.021456918285144618
104914,0.005610796778343234
104916,0.03305969583692623
104918,0.005535125078769689
104920,0.004692304860970113
104921,0.011097765276262024
104922,0.023402000602411308
104923,0.0006688598176761031
104925,0.012535008261405061
104928,0.003339681539915425
104930,0.0052728676469866115
104931,0.0004519094550169724
104935,0.003615949465761351
104940,0.03142781718563767
104942,0.002287571688574182
104944,0.0032273096477450935
104948,0.032495048568839634
104949,0.12264771382769328
104951,0.005955743027586534
104952,0.023462498627104547
104953,0.00013647276456308868
104955,3.503995227819711e-23
104956,0.001263256818781109
104960,0.009609938955378573
104964,0.004702838186654937
104965,0.00422958958605035
104967,0.016713949451664715
104969,0.10397373930696306
104970,0.03157997873703151
104974,0.008559524841104615
104980,0.027176512681497886
104984,0.007085967985912873
104985,0.027245615874998574
104988,0.004093423483828037
104989,0.0028811136787271546
104990,0.012139529753549871
104991,0.0022041518341824385
104994,0.024846780046009875
104995,0.01534536089624656
104999,0.09671597798635724
105001,0.09382138717947995
105003,0.09004451710382906
105004,0.003910074229234781
105005,0.0024828808244378763
105006,0.024812740790688844
105012,0.017772466256661238
105013,0.00340555669101308
105014,0.016761099375110708
105018,0.035750837745931185
105019,0.0035006109514495553
105023,0.01784868654712833
105025,0.02681937950384936
105026,0.01635226478474298
105027,0.012278495221851645
105028,0.002567901157887325
105029,0.01308080350019287
105035,0.012691571165839402
105036,0.005189011817817622
105037,0.013698119303511927
105040,0.010931120974691708
105041,0.030713193747479734
105050,0.01042983955698013
105051,0.021044500480123306
105054,0.005043396814459702
105055,0.007449026205411914
105062,0.08004543433283715
105065,0.012486421767191776
105067,0.0013827686928975693
105070,0.005565176172398332
105071,0.004937646367927741
105076,0.027365362169132715
105078,0.024976564410392473
105079,0.003882806539006848
105080,0.0013271026369622004
105081,0.03583133923780883
105083,0.02299268942830189
105088,0.003293923248141259
105089,0.09348512178427743
105090,0.003991715329236266
105092,0.009950169567791215
105093,0.011540825796704365
105095,0.008261832724996192
105096,0.03676934881910616
105100,0.12250801798144567
105101,0.0007600884223250922
105102,0.19018134027712902
105104,0.00719339804603049
105105,0.14239458938549293
105109,0.0050687416606211505
105110,0.007589822728341284
105112,0.009187650865893194
105116,4.930586658291427e-31
105117,0.11967123577284826
105118,0.0008193482351106791
105119,0.06807478629209256
105122,0.10145757932483329
105123,0.09387858810767423
105124,0.001959038690922423
105129,0.05884680547998971
105130,0.012768254876826032
105131,0.056410148110711565
105133,0.04153090737149052
105139,0.0012153795462039657
105140,0.004112789294744827
105141,0.017238622440989525
105142,0.0032445863735364473
105143,0.0031136767545308546
105144,0.01778534047016218
105145,0.019700444237423727
105147,0.005187483269356431
105150,0.0064086023266755965
105151,0.06322855198330377
105153,0.02041502168797808
105155,0.14428523268045781
105157,0.017514954935719623
105158,0.005850565626976633
105160,0.004499988739561678
105162,0.004828117947560662
105164,0.001397331855545096
105166,0.0017775501651799662
105167,0.07105442801430019
105168,0.011387767590353107
105170,0.040585941463469465
105171,0.0024054658676423337
105173,0.021188053796067682
105177,0.018052224324887445
105179,0.0037434655181628066
105181,0.035359137562445644
105182,0.023384681344851093
105183,3.705827590297934e-05
105184,0.02185260787530153
105185,0.004277609988589902
105186,0.0029985193759659154
105188,0.007946687948237018
105190,0.004516849940743263
105192,0.009059116262235151
105195,0.09274312087349809
105197,0.0114207945209558
105198,0.002655052413120037
105200,0.023160899981612863
105202,0.003883859419406677
105203,0.006520368348186771
105204,0.004539335094385385
105208,6.842198819947921e-05
105209,0.0034622284095638823
105211,0.0019133836935285792
105212,0.0017569274646356142
105213,0.005129471968048099
105214,0.0022634865149270076
105217,0.010557591045003527
105218,0.0029621743715085515
105219,0.12028239618541313
105225,0.003609379022735855
105226,0.03276921896889823
105229,0.021553444911174818
105230,0.0032213638017628728
105233,0.011856867127619141
105236,0.031283373363431746
105237,0.00341270736800768
105240,0.002297884244488856
105241,0.004460275161286734
105247,0.14974251224118362
105249,0.002986301786550017
105253,0.0038774676154383313
105254,0.03760385049361727
105255,0.054655666916973294
105256,0.003731966802338438
105257,0.017907950739756488
105258,0.09528874585300176
105259,0.002993621087443614
105260,0.00322404093246064
105261,1.3167797972651704e-05
105263,0.0011707625164854756
105270,0.11472234681253914
105273,0.02088498940725316
105278,0.0780361819263866
105281,0.026064193459496458
105282,0.008719946094396911
105286,0.004901084204372939
105287,0.00344833957288578
105290,0.0030364904753861985
105292,0.0036716935464275497
105294,0.05932581281520776
105298,0.004727556421453017
105300,0.10846420556176864
105302,0.030801771835711384
105304,0.020607128085141698
105305,0.01762593339083528
105306,0.0053302323786812884
105309,0.0038156749515395882
105310,0.007199499413428936
105311,0.0006214051597207879
105312,0.002904232227968468
105313,0.004294325980758829
105315,0.004600119396141559
105318,0.008784703821287022
105321,0.027933217608696676
105322,0.0027966396892334044
105325,0.0004311023466312746
105327,0.002936714935410105
105332,0.1419472244578208
105334,0.014729300556376921
105338,0.004601720566949769
105339,0.008441989900984343
105343,0.0053870722013166904
105344,0.00838647403026952
105347,0.059572573337873774
105348,0.005112420192525848
105349,0.00430356808767362
105350,0.002135998401029717
105352,0.011106362330587904
105354,0.009556739746994686
105355,0.009055193758609236
105356,0.0016310599596636535
105358,0.057177185400253294
105359,0.08813357394141388
105360,0.003731694597964152
105365,0.020607128085141698
105369,0.024477616945017072
105372,0.011994237693113658
105379,0.0006671224294681978
105388,0.009052265108311544
105390,0.003741045238433123
105391,0.006286999219752263
105392,0.0072625576681969815
105394,0.15799512953225936
105395,0.022516966305790715
105396,0.11824642116779836
105397,0.016852586038071857
105400,5.839379034417042e-05
105401,0.11669775566752885
105402,0.0002355993975246759
105404,0.00042013191748615044
105405,0.056844584127204854
105408,0.005234127488374373
105410,0.00843898850465779
105412,0.02003662639664892
105413,0.0031155165186964305
105414,0.027423566788190985
105420,0.11763333233385312
105422,0.0005602053229581688
105425,0.021550976725908083
105426,0.021798096429079178
105428,1.5595908832603083e-05
105431,0.00395069877811147
105432,0.0038827326599134874
105436,0.002273140338664703
105437,0.03812115860422623
105438,0.004051135951893042
105440,0.000345770725680764
105442,0.14780082765814365
105447,0.002986232319508815
105449,0.021279800251468865
105450,0.004625745960773028
105451,0.006374243368956528
105456,0.12219705648014718
105458,8.393759853929132e-06
105459,0.0018922153338988737
105460,0.029489996391419835
105461,0.001857184992861743
105464,0.06325629829422379
105467,2.161209174743485e-05
105469,0.08744957883226363
105472,0.028630377163203543
105475,0.09671597798635724
105480,0.006247359198704445
105482,0.009745232021900878
105484,0.04080574648566553
105485,0.10936442981735636
105487,0.04530290538786184
105488,0.008229518738660868
105491,0.004049926796118517
105493,0.004151799864230424
105494,0.005184699099885406
105495,0.015156760679290912
105500,0.0013526032916578946
105501,0.006307221394867376
105505,0.36830380978607113
105509,0.02280890134334345
105510,0.007579636778265217
105513,0.01307796889474686
105514,0.02962935758880453
105516,0.06403329517617735
105517,0.009193068762005627
105522,0.025831648165477342
105524,0.02069408638381859
105525,4.024192018155189e-08
105526,0.00476458173535504
105527,0.009058865312246448
105529,0.0128744396971157
105530,0.11314318228886942
105532,0.013189305932115985
105535,0.005283945382884392
105536,0.004233935028641258
105537,0.0023209597285184166
105538,0.00134184454790449
105540,0.030407798364422846
105542,0.008202148071607167
105543,0.021039877397449048
105544,0.005343815912997883
105547,0.0027641864059376646
105555,0.14645189066197992
105558,0.1479125469616555
105559,0.051388256630969284
105562,0.01177324249639445
105564,0.002367237823186705
105566,0.00998291238669854
105568,0.004817171846059695
105570,0.0018002241266536273
105572,0.043426726544077365
105573,0.0029479109233621716
105574,0.0023227841721752927
105575,0.003507424637737788
105576,0.005062895246918855
105578,0.020233370862582437
105579,0.003559862808497161
105580,0.003842116845151773
105582,0.00748912314031024
105583,0.01650495615454374
105590,0.004658861298110691
105591,0.00040430381713858884
105595,0.009595059080291745
105596,0.01847119183847121
105597,0.021779117701222806
105599,0.008518068818176598
105601,0.008981296639958402
105602,0.013981236400492288
105603,0.00303636111792188
105604,5.017347596780607e-07
105606,0.00303636111792188
105607,0.02192119800676272
105609,0.015166134426486202
105611,0.0008320557447190859
105612,0.00018579668462769816
105617,0.14059949103769265
105618,0.1318685215852625
105619,0.001095498434015587
105620,0.004816817560615271
105621,5.15811122044475e-18
105624,0.003365713569796009
105625,0.0003895750062087053
105628,0.13058010832948536
105631,0.031157248663502245
105637,0.0031161601700917664
105638,0.0702756247296807
105641,0.0339133815203605
105644,0.0020162477890404277
105645,0.005674094191542933
105647,0.006239217658519817
105649,0.026778076410141603
105650,0.038003604727472336
105653,0.005435646984134965
105654,0.0033037822360280668
105659,0.018026858420970012
105663,0.004580319388660486
105664,0.015216579634128894
105665,0.0006170703291536772
105671,0.00429308593813966
105672,0.014976304832991802
105675,0.12551803019373312
105676,0.031516259519915976
105677,0.14977972539977863
105680,0.003661287748453803
105681,0.0028403646313124396
105688,0.0004155984054313684
105689,0.003751527267933456
105690,0.10157419576572527
105693,0.0028448062779302566
105694,0.004528622331432122
105699,0.0034053033598860465
105701,0.013395003312125873
105704,0.21440013984411416
105706,0.027218208593803656
105707,3.690187261439281e-06
105708,0.0520791557284629
105709,0.0036959556908352713
105711,0.023602803201029834
105713,0.06282902578358286
105714,0.05890360108402283
105715,0.010294028876887913
105716,0.1247672242098897
105717,0.0050357348231264
105721,0.004741662881563974
105722,0.02370366255822518
105723,0.0030364430396068926
105725,0.10831605617588672
105726,0.004131443450422358
105730,0.030253843895210075
105731,0.041687067817568695
105733,0.0024768099974355503
105736,0.003956191294877327
105739,0.020561108910984848
105740,0.02429542278612816
105742,0.0009092656481333266
105743,0.004268003997063953
105746,0.017945000377551024
105748,0.02528494300197371
105749,0.038198192066987297
105750,0.037511302132287365
105752,0.030289784857354753
105753,0.0013185902978130443
105755,0.0035506964485316596
105756,0.010258985628624139
105757,0.0034875433171908552
105758,0.07001352843782074
105762,0.054631482533669194
105765,0.000582906418865031
105767,0.024153157107968153
105768,0.003987336281484504
105770,0.00682437189719408
105773,0.020086319089759528
105774,0.0002642409829509462
105775,0.003767302214509553
105777,0.007437394587693782
105778,0.009881825434490227
105781,0.022872341990778207
105784,0.004333752090964126
105785,0.027799591037421745
105786,0.1106229205974847
105787,0.0029420165416989314
105789,0.02756622113135563
105790,0.0040936241913895905
105791,0.010716629228807676
105792,0.0076567495530284226
105794,0.0037075896082613734
105795,0.015145075450799737
105798,0.00012910525019132457
105800,0.0023557119655891745
105802,0.009817174781498501
105803,0.004234343516001464
105804,0.018052224324887445
105807,0.0033981249479364587
105810,0.00012869529137566862
105811,0.049154863246458826
105812,0.0026170047605744567
105813,0.00040858346700942594
105816,0.055299253152657823
105817,0.1081323954591894
105818,0.024425725280916077
105821,2.5467936897218415e-05
105826,0.0713216307599876
105827,0.004479150119741756
105829,0.07186178659656609
105831,1.7510764641733032e-05
105834,0.023016107297058094
105835,0.027648118641859853
105838,0.003368460103630024
105839,0.002644757003875253
105840,0.004332331073961456
105845,0.10940690375146608
105846,0.0447324431650688
105849,0.0030763298782602636
105852,0.00663939754041249
105856,0.013374404607850384
105860,0.007354475306461797
105861,0.013721819136295407
105862,0.009046567739650381
105864,0.059422708936730885
105866,0.07730308620090783
105867,0.0433636474239058
105869,0.002191436677031174
105870,0.01761812339006048
105871,0.00010355158416141705
105873,0.01611248873160369
105874,0.008481215558100769
105876,0.02714406748295622
105882,0.17337567583437696
105885,4.667889152376682e-06
105887,0.0027131493578836973
105889,0.025190285021706255
105890,0.004102233930146665
105892,0.08934384542218694
105894,0.06875060881949989
105897,0.0025235604654996317
105900,0.004366435169967299
105901,0.018052224324887445
105905,0.007347758387179142
105911,0.009213565422215705
105912,0.027253055843771468
105921,0.04974747052376565
105922,0.030383534605087237
105923,0.0035386942370151143
105924,0.002949876037192011
105925,0.09878823096813956
105926,0.029012034163446086
105928,0.14528058001671837
105929,0.041222301097926434
105931,1.1150247185885446e-07
105934,0.051601222035683916
105935,0.0001094026273178536
105936,0.05390708331894693
105937,0.0026495983581025233
105938,0.002313007946973159
105939,0.0035205258882298075
105941,0.06820505901443694
105942,0.0007599010166672177
105944,0.003036506860242808
105946,0.003607160838499917
105947,0.003997252176479676
105951,0.03222085533702236
105952,0.05304914688586161
105957,0.005043006184104568
105958,0.04049463881631288
105960,0.0723080978306654
105961,0.00423118384415927
105963,0.01676616004800362
105965,0.11590697379618022
105966,0.025786345128152335
105969,0.002267585897669591
105970,0.022918100708655936
105972,0.05180206037309658
105973,0.004995087133675607
105974,0.004220573125658386
105978,0.03157303090140706
105984,0.004412059792779304
105985,0.1512662398908571
105986,0.00442470058479537
105987,0.0001775312478209354
105988,0.04164991508117212
105989,0.07924807405241763
105990,0.041679141569353054
105992,0.0866598576887934
105993,0.013750375856328038
105997,0.004035171126445393
105998,0.016765691072937215
106002,0.00010238989856632305
106003,0.006855380052823847
106004,0.003129964577790367
106006,0.005987546160802702
106008,0.003262792434102704
106011,0.00415814763707965
106014,0.0002943932972482052
106015,0.017767812512876006
106016,0.12003212584607191
106017,0.01543609560979682
106018,0.001091907784709305
106019,0.004276121623097081
106020,0.001511579245403529
106023,0.14272978073576814
106026,0.003036449513630299
106030,0.01211159522869939
106031,0.00030387490684414875
106035,0.003561611100821811
106036,0.10055681095351432
106037,0.00616516677544996
106038,0.0032378998660585715
106041,0.009178233999765781
106044,0.03288565750772701
106045,0.029498712078169727
106047,0.09840213367276347
106049,0.0034554673965832743
106051,0.016658490101930667
106052,0.016845059560405322
106053,0.006434065932108547
106055,0.0015583902984536836
106057,0.07292128021011732
106058,0.0036247495409696346
106071,0.09426200023445913
106073,0.0015051834748839527
106074,0.07196206754337206
106080,0.0011935021136009313
106081,0.008025938278831465
106082,0.0034096282285037333
106083,0.01794119678362059
106084,0.14930616212778286
106085,0.09667078913929363
106087,0.0032371187103232076
106090,0.11112540158905986
106093,0.024482489988182067
106095,7.816466178371992e-06
106096,0.004333806980025274
106097,0.0030365495410917174
106099,0.020127978931093065
106101,0.07241495136579026
106102,0.07147273964351754
106104,0.11552986155691904
106108,0.0018619269444476144
106110,0.09942064552244463
106112,0.023543304699755473
106126,0.0013861260058804475
106127,0.033784401798407596
106134,0.00346055791964468
106135,0.003654429463632788
106139,0.4032323883382001
106140,0.018052224324887445
106141,0.10552784055572527
106142,0.019711037260542005
106145,0.003903083538650772
106147,0.06366772541367877
106148,0.005896278348883117
106151,0.1267705917127974
106156,0.003998627867561051
106161,0.004448853593141172
106162,0.06555247133011727
106165,0.020864779769410462
106166,0.0064084876629163096
106167,5.152137827626459e-07
106169,0.0075067297908213634
106170,0.006329464398454693
106171,0.0011355984674585808
106172,0.004038538502111904
106174,0.0009453768534065031
106175,0.016351759584158024
106177,0.12089662336842345
106180,0.002878897233625956
106182,0.0026919122278372828
106183,0.00873785120563921
106186,0.018052224324887445
106187,0.02215685092242278
106188,0.002297055296575102
106191,0.042739872381130695
106193,0.003182768612535961
106194,0.03440527244408891
106195,0.008550934311771693
106198,0.021734534223235825
106200,0.00034335724568628596
106201,0.008099723582984277
106202,7.391359733686382e-05
106206,0.004061701595654333
106207,0.0040441048637809285
106208,0.13534111431539667
106209,0.13457636819304972
106211,0.056844584127204854
106213,0.006921339512077673
106218,0.007579656020702099
106219,0.003165233190231452
106222,0.005234771152911574
106223,0.003907326813918448
106226,0.04055903385275779
106227,0.02459976076347256
106230,0.004192528351338151
106231,0.036671496037510534
106232,0.21057577789976492
106234,0.07783400117643234
106237,0.14350255182092128
106238,0.005087831532530277
106240,0.010707232237421592
106242,0.0021994810803885097
106243,0.10978513298173087
106246,0.00114018342718936
106247,0.003460897365989047
106248,0.020808183152395375
106252,0.10450048741933002
106253,0.01090643319764013
106256,0.05712170794846696
106257,0.0029962666189095803
106260,0.012349805920621642
106262,0.14388809831009158
106263,0.07750766378869932
106265,0.0044885332943043295
106269,0.0282396835653641
106272,0.027887652837251243
106274,1.7442433070609284e-05
106275,0.0256712243231316
106277,0.018097351676095247
106279,0.11331931013997264
106281,0.008203206879619021
106285,0.1335052639757007
106287,0.01116683788286413
106290,0.003036590504192882
106292,0.013750178448085104
106294,0.005696641652929387
106295,0.002494861683629865
106296,0.1650624377619592
106297,0.004050107987073204
106298,0.031152894150148328
106299,0.003532787048513701
106301,0.00633111237334775
106304,0.37548977008061546
106305,0.0030303113134654363
106306,0.02452402457167418
106309,0.1297605347101001
106310,0.042001966809712216
106313,0.006641284357933073
106314,0.0029920480160158685
106317,0.0025374348326543976
106318,0.006320572262825474
106319,0.11266144393474621
106321,5.168271618643867e-06
106324,0.004222731410152207
106325,0.026069325662368664
106330,0.011484252734705502
106332,0.0031743802885506526
106333,0.028739305569180546
106334,0.13657599484535557
106339,0.027050245668295784
106341,0.009334305868180619
106343,0.005682879167219094
106344,0.022773351462927624
106346,0.003283145391323189
106347,0.0037237428657585846
106348,0.008803314002859322
106351,0.0032182299828241857
106352,0.002631497063560799
106358,0.030903895074315152
106359,0.016188617319414945
106361,0.11305937346003586
106362,0.005519472867473248
106364,0.0037801556573423896
106365,0.011571756421567036
106367,0.00030222214396179804
106368,0.004161953824993297
106369,0.030289784857354753
106373,0.012755621564767344
106376,0.17665567276574135
106378,0.00557897982925094
106379,0.02557429592604585
106381,0.05296847589692794
106382,0.004918797977911763
106385,0.001564220906276731
106386,0.005333937725399066
106387,0.08880162510174663
106388,0.03315663078104501
106391,0.0044024748064824945
106394,0.013366261215105093
106395,0.06733182664229755
106400,0.005678292902759786
106402,0.026665274292483634
106404,0.004100223122398184
106406,0.2444434777527963
106407,0.005635393784764981
106408,0.012839464763556265
106412,0.029438011263498664
106413,0.0012663406156991398
106425,0.02290397622013419
106426,0.004886875666949259
106427,0.0002776778190056067
106431,0.0023006106751751803
106434,0.0035973488836989753
106436,0.13196311157468324
106437,0.017037587287141068
106442,0.06824837798117664
106444,1.7744649388023742e-06
106447,0.08916095017100105
106448,0.00015764788423363522
106450,0.02097237581077757
106451,0.0002062683995132766
106452,0.007623656715075909
106454,0.10386903229494031
106455,0.015151647525966717
106456,0.004249694139177144
106460,0.021074703292215807
106463,0.004503238440087464
106465,0.030848376371792406
106467,0.006214187449263476
106473,0.004965447697422414
106476,0.00484324583927289
106477,0.008804878337781284
106478,0.0007438181702552574
106479,0.027982629801185877
106481,0.14885816319993309
106482,9.381147175494219e-05
106487,0.004178580201194031
106494,0.005638292246282608
106498,0.025464358887518197
106499,0.005825944342002746
106501,0.020746872861252416
106502,0.10055095966523621
106504,0.008567753570112236
106505,0.003729909456825462
106506,0.12410079747171844
106508,0.1282681883288561
106511,0.0029631351745468817
106513,0.00011575174369739646
106517,0.007264154982031576
106518,0.013913084696644925
106519,0.0034623404559940302
106520,0.01813515544374089
106522,0.3738867546382038
106525,0.010130742714519882
106526,0.019657451267776505
106527,0.14821720420222861
106532,0.006043488342595303
106537,0.015293714314445159
106541,0.0014472270589706818
106542,0.0009768419087056216
106546,0.009332449111682274
106547,0.006131835156042258
106549,3.230867038989853e-05
106550,0.004989935469154156
106553,0.04280691488359644
106558,0.017073378835875133
106560,0.005744225023114121
106561,0.0018207056616922454
106562,0.18980006597449722
106563,0.005674223511709413
106564,0.004726059151710462
106565,0.011820189763965138
106566,0.0038731214014075745
106567,0.004029038263460948
106569,0.011199702736051167
106571,0.004947331617680407
106574,0.0030115578436441222
106577,0.019597820224413243
106578,0.10010035354183767
106581,0.006911504181447178
106582,0.0022421292975597098
106586,0.0005066483079613254
106590,0.13237066554351984
106593,0.028000247600849917
106598,0.05021030725207296
106603,0.018052224324887445
106604,0.0031765150788388443
106610,0.014403046248807842
106611,0.004327973940854853
106614,0.003825838495917205
106616,0.12152755546870074
106617,0.017110834886753405
106621,0.008201502917801832
106622,0.004386848607387792
106623,0.0050840617631966204
106625,0.03723890336421082
106626,0.005058957504781681
106627,0.07785218803001562
106628,0.003106249318394499
106629,0.0022916815094852897
106630,0.004084408191265905
106633,0.023958600575223483
106635,0.009932142104062167
106636,0.001221441348253315
106638,0.009813642694867163
106639,0.002888902719868056
106640,0.013835396309198259
106641,0.0035609874584750503
106644,0.171455809116825
106645,0.006607063936668549
106648,0.008070137071507812
106649,0.006061872221186038
106651,0.06252753590364617
106654,0.06360299590225443
106655,0.025454285195357494
106657,0.0038941806952145336
106659,0.014733662768388547
106660,0.037553346313106535
106661,7.703161349186945e-05
106665,0.008184245787168424
106666,0.00030264290306011756
106667,0.009098384913579163
106668,0.009369645946997596
106669,0.03183619226914229
106670,0.009676128026827121
106671,0.01510840291107947
106673,0.011946651911796665
106675,0.023534796633052798
106677,0.0021899201866876316
106681,0.0128864290298955
106682,0.01918355438159561
106685,0.13457636819304972
106686,0.0034624003974934804
106688,0.0032248829449642714
106689,0.003324233212856366
106692,0.009642122462048172
106696,3.9664289162886766e-06
106700,2.3783579802881184e-12
106702,0.012790742536220994
106713,3.881769339638973e-07
106714,0.001837778454452764
106718,0.11636547216183545
106719,0.0014034826440987556
106720,0.020868994786151226
106721,0.006332760879506419
106726,0.005057579086317268
106728,0.002662027530498726
106730,0.002313479810754543
106736,0.10066814396343303
106738,0.0024373419327290233
106739,0.00551203987450633
106740,0.004927661219853689
106741,0.0071838708990756926
106742,0.02869820187161348
106744,0.0038460108871983378
106745,0.01041813333719799
106746,0.009293835499469119
106748,0.06327040089055487
106751,0.019186475319789946
106752,0.048946047529549924
106753,0.0016882317880345004
106754,0.010677652740572295
106757,0.05769250844004799
106758,0.004667757628277172
106759,0.052420107906849
106761,0.007090107084216068
106762,0.02306269709085427
106764,0.002963108584502511
106767,0.1377060325835146
106768,0.0029245061621442324
106769,0.0005560919682039489
106771,0.023462498627104547
106776,0.004897395210335927
106780,0.005403428537217658
106781,0.00810011358472749
106782,0.02292811354768628
106784,0.11076583582368257
106786,0.07934551249581254
106787,0.03899768073381961
106788,0.011649812016637322
106789,0.0006399696977975584
106790,0.12454893537952377
106792,0.0127852047243462
106795,0.006348233393771449
106799,0.005125700404186292
106800,0.0031305929524780285
106804,0.02357814795291842
106805,0.003252064582174892
106806,0.18463056417461454
106811,0.004708813538209353
106812,0.05315433583464323
106814,0.012995116790639074
106819,0.04521253934232624
106820,0.008778072655085912
106821,0.018052224324887445
106822,0.003542795606404041
106823,0.0002417604606846627
106826,0.006572397619471164
106828,0.000831644169635991
106831,0.002570070622514585
106833,0.000826354361204798
106835,5.5793070566455856e-05
106839,0.0036367185589583147
106841,0.004960383607117125
106844,0.004735647161712687
106846,0.0005482120139819253
106847,0.17982960464031414
106848,0.043323095344307096
106849,0.02921225297806512
106850,0.0017544532923546125
106851,0.1051040827767329
106852,0.014650169650631265
106853,0.04378983189421079
106855,0.047308517873313444
106857,0.03560772290227383
106859,0.003726211636026528
106861,0.09087203737042211
106864,0.0032951508865729324
106869,0.002819368299420372
106874,0.004302523048143007
106877,0.05393314415618336
106879,0.0067493839883578785
106880,0.0010157621702090878
106881,0.002222381984023549
106883,0.040590635401679495
106888,0.0055400473691542594
106889,0.11466162911959517
106890,0.014777343021196465
106891,0.033867957874914575
106895,0.020960888675293367
106897,0.029913965465755487
106898,0.0024374274981600807
106899,0.019183472772609757
106902,0.12260237489780987
106903,0.07453439814788625
106904,0.0017956691643000286
106912,0.008413192315867268
106913,0.021000734363755123
106914,0.006188336139078912
106915,0.018052224324887445
106917,0.000734350025770147
106918,0.030879573718989615
106919,0.003899852057423585
106920,0.004460066671471343
106922,3.3511433658709384e-05
106923,0.048191654716059525
106926,0.003036465898266548
106927,0.019589093296647733
106928,0.023596185788967602
106932,0.002234463123253284
106934,0.0032220225423783967
106939,0.022108541151096926
106941,0.01718415727001109
106943,0.11263029895399052
106948,0.13174976109592218
106949,0.025040852596559627
106953,0.0017146856023584265
106955,0.006299620706502382
106958,0.0023151036505508
106959,0.027428509875911604
106963,0.006225215157588664
106964,0.001954357745617014
106965,0.04153319468144135
106967,0.0027979246166578054
106968,0.02076094962039842
106970,0.13024507998886478
106973,0.03876694092020254
106975,0.0057619035631162495
106976,0.14396498002361305
106977,0.0038080013217167423
106978,0.0059000370888925725
106981,0.005683576492361563
106982,3.448948826219817e-05
106984,0.003819803698876565
106985,0.04289965742400807
106986,0.0027683118138580407
106987,4.080675789038239e-05
106988,0.018331095094144993
106993,0.0031552153027229724
106994,0.004237763667916198
106995,0.004047315309168905
107000,0.014463389194407816
107001,0.02284240560132807
107002,0.0063518594170200605
107004,0.11760469673416349
107005,0.03467130401002114
107007,0.03909301963347288
107009,0.04403482050626683
107010,0.02011180629579027
107012,0.04353227512571918
107013,0.004381577437635576
107015,0.0036517112882514407
107017,0.0549989143327106
107022,0.00881981146011093
107023,0.030568501681937473
107024,0.010617281851263927
107025,0.023536652249086708
107030,0.10162884030954464
107031,0.004276967589444758
107033,0.00293822986265669
107034,0.10571676997749603
107038,0.045701619467409756
107039,0.10383627812410225
107042,0.025539724093550615
107043,0.004528758030981414
107045,0.07181859829866734
107046,0.020833281229572797
107048,0.0016282327443408234
107049,0.0036518269499755006
107054,0.00217730370354936
107055,0.0665292155814765
107057,0.002929501211862276
107059,0.004752982703541139
107060,0.018052224324887445
107067,4.745428566424223e-05
107069,0.010016815063290697
107070,0.0168741380521253
107071,0.009392356215516375
107073,0.003040522885688099
107074,0.0008536102203704001
107075,0.1311593100232512
107078,9.493024530523752e-05
107079,0.01703724209657024
107080,0.012422573149978095
107081,0.011434623144765982
107082,0.003965940515536994
107084,0.006499707922505875
107087,0.007446535728848711
107088,0.0070139314805736305
107091,0.014115296059913369
107092,3.881210377696114e-05
107093,0.0034624544645333807
107095,0.0030460898886537605
107097,0.02853724585586944
107098,0.01707947391086975
107100,0.004073518218979322
107105,0.0032053447458993884
107107,0.026437743345136565
107108,0.10348598529424016
107109,0.002320004245472192
107110,0.006408658091906817
107113,0.0032644394076886975
107116,0.1342287330108489
107117,0.12360616267053068
107118,0.018052224324887445
107119,0.0023725529174332487
107121,0.022974436613083727
107122,0.00572200634987399
107124,0.0755918574765292
107125,0.013274659963710635
107126,0.12646407239670374
107127,0.0066946608398287775
107128,0.005846528788335782
107129,0.006618403922045872
107130,9.31192207063903e-05
107132,0.0047806240024478785
107134,5.537211170491833e-06
107135,0.005193990210402099
107138,0.004725387516976381
107139,0.021931956172535367
107140,0.038938830429035565
107144,0.012264260445545891
107146,0.022214560095441937
107147,3.925752826629971e-05
107151,0.03286164847401552
107153,0.05776243765146258
107155,0.008169247362694358
107156,0.06442791258407504
107157,0.007936227601382594
107158,0.01606903408866847
107159,0.005579815753953435
107160,0.3498795081279891
107164,0.0063231712713831744
107166,0.005864949680884443
107167,0.0017276615701723517
107168,0.003701027696353608
107169,0.07270671377269487
107170,0.0069141123980641
107171,0.005105284334203352
107177,0.0033542886407235805
107178,0.020473622647266973
107179,0.13102268679219667
107180,0.008291728704668789
107182,0.039871053724622366
107184,0.0076413060189388805
107185,0.09169788194962232
107186,0.003667348424056248
107187,0.004099153262660858
107188,0.04441918411731557
107189,0.004639975331982813
107190,0.004693004495199082
107192,0.15191403274406332
107193,0.018775860133737984
107194,0.001710483704023727
107196,0.0008301256315955719
107197,0.006984448345094755
107199,0.037693302676864236
107200,0.005025123126129345
107201,0.0001304370673409102
107203,0.0030365379119042875
107204,0.019829688386621056
107207,0.004624396270776539
107212,0.05016453685308968
107214,0.02428643739153913
107215,0.0036721550714231936
107220,0.10752059646171341
107222,0.03244235708306924
107223,0.01861549715611519
107224,0.018821302835310954
107226,0.0036434875885665644
107227,0.0028079930809186875
107228,0.004346040151637162
107230,0.029512378321603996
107231,0.023159358003928855
107232,0.018052224324887445
107233,0.003089740860867479
107234,0.038352176033797404
107236,0.004438559503160879
107237,0.023197795296190538
107239,0.0014898536580169159
107240,0.01974218674397718
107242,0.01732515878808327
107244,0.027483492735425927
107246,0.0018129956790162239
107248,0.020271796959621908
107249,0.0006471442735649036
107254,0.03349568848482661
107255,0.0722066443751709
107257,0.0430289233819331
107258,0.006281934963195104
107261,0.00015238153716915862
107263,0.019780148595277842
107270,0.004743056274668782
107272,0.04201830957425988
107273,0.09185612379659994
107277,0.03217484793116349
107278,0.019643913045883185
107279,0.018052224324887445
107280,0.005820214629148511
107282,0.036717854072824074
107283,0.011682061798520561
107284,0.00811561539599434
107286,0.005902195109290021
107287,0.003850653454209184
107291,0.003419157201706494
107293,0.056602187112655064
107295,0.050974935580049674
107296,0.07612470787647493
107298,0.015201200832679314
107299,0.12262899874616941
107302,0.009652590564799583
107311,0.009553043034401075
107312,0.03012609145219606
107314,0.00010090644614416004
107315,0.023919631761160503
107317,0.01876296366006152
107318,0.0075725746689222955
107323,0.11747279593778098
107325,0.03479049697507097
107327,0.10231064126026089
107328,0.007913183735880621
107331,0.0653457172689042
107332,0.02394234468996595
107334,0.0036018725374661127
107341,0.0028599287655116344
107342,0.004462438377780508
107344,0.005522740514523293
107346,0.006141475631498082
107348,0.0028840248183729066
107351,0.00989619575426436
107353,0.04586211401478718
107355,0.00037620738903614877
107356,0.004936031671934514
107359,0.11801774582708452
107361,0.003466527362118987
107362,0.021140229059425912
107363,0.08374093042386364
107364,0.13195258748795785
107365,0.002955395928090414
107369,0.032090897743570344
107371,0.01603871830529555
107372,0.01549288911190499
107374,0.016677301329005273
107375,0.002993786218046158
107380,0.0033001153354859595
107382,0.00413310033806271
107384,0.022229444709620867
107385,0.00247715289703102
107386,0.010216693238583992
107388,0.029113478861021082
107390,0.020607128085141698
107393,0.06039772705479185
107396,0.023462498627104547
107397,0.009829317205654076
107398,0.0037496727744658833
107399,0.05427320579610731
107400,0.1525481473673325
107403,0.004146722185837748
107404,0.171096505202064
107408,0.020634979539956966
107410,0.028392512107501433
107414,0.014447648930442519
107418,0.0029863712552023595
107419,0.0035573057308961615
107420,0.02728812617952342
107424,0.015164234645382203
107427,0.046289166346125885
107429,0.0010505052176990044
107432,0.1049801590986333
107438,0.004784860826670651
107439,0.020607128085141698
107445,0.004384210825023607
107448,0.0029711229393750813
107450,0.06217625229310447
107451,0.012843361608270008
107453,0.008494655461693671
107456,0.005635688191005775
107458,0.012399609208815438
107459,0.0028611508093289626
107462,0.009985988177396857
107463,0.003696810037603506
107466,0.0016097207122189557
107467,0.003986489856589033
107470,0.013694049465812236
107471,0.005551276891425788
107475,0.11590793850997351
107477,0.0037218375113817863
107480,0.004857434172137045
107481,0.03593499491360757
107482,0.06781353039086671
107483,0.0845855318740605
107485,0.0032548944732593604
107486,0.04495757096639243
107490,0.0027819680393686066
107494,0.00022654352440258738
107495,0.006280162581982663
107496,0.004308182047892541
107497,0.012794646289937785
107498,0.007242803676261968
107502,0.003964159649816525
107503,0.0075793520652645795
107504,0.005654464381206454
107506,0.003044726645968204
107509,0.1310865292373966
107513,0.0028564545004781195
107516,0.012797212801445546
107518,0.010369965411278973
107520,0.016569169864334737
107521,0.020415900424049456
107522,0.11309576474302617
107527,0.09503597480508215
107528,0.0034954727265011564
107529,0.10145757932483329
107530,0.005433678498840386
107531,0.005694774712720692
107532,0.021993021983173138
107538,0.0033391266402234008
107539,0.02280695327641919
107541,0.001871047979829539
107544,0.00391530880423585
107547,0.05585324045741599
107551,0.1414944576988535
107554,0.02290780332855726
107557,0.11674804902952192
107560,0.0011397055361411369
107562,0.047919287075494796
107563,4.920689004255323e-08
107564,0.023880007620347504
107565,0.0030364723723385373
107569,0.004086229553577698
107570,0.016826373068771393
107571,0.003951649831381418
107572,0.0239867743677633
107574,0.006693130128895519
107575,0.03072670131425415
107578,0.086270539566355
107582,0.029815485114269142
107583,1.0213588267801278e-05
107590,0.009635550698908407
107593,0.014941841257759034
107596,0.0634168531975298
107597,0.008674918388299063
107598,0.0019214766061114558
107600,0.06883724910869116
107601,0.014240950816613798
107603,0.12865012910061024
107605,0.009638348533826781
107608,0.0036274534886562263
107609,0.005003169638866369
107613,1.8716747191166393e-06
107615,0.02684635040383283
107616,0.005722187648191997
107617,0.01958202735354523
107619,0.002828483294672675
107621,0.004190017300072235
107622,0.026932489848466957
107625,0.007653562835629484
107626,0.023648447997209002
107627,0.02442129244829533
107628,0.004205599349292168
107629,0.0052354551746591595
107631,0.0019739170524306956
107633,0.008179584365263596
107637,0.0034367963318289244
107639,7.47704936283621e-08
107642,0.022554408675505417
107643,4.1023474797681957e-07
107644,0.005204852862500609
107645,0.02185483189158304
107650,0.00143843426013595
107652,0.004657258715777094
107655,0.012186000179204152
107656,0.012542587981352852
107660,0.004061820275977426
107661,0.14205376217631405
107662,0.02334003223174043
107663,0.03534684187050007
107666,0.05883764869638433
107668,0.02395387412352405
107669,0.19530362363188922
107673,0.0045268728395678895
107676,0.018477342383113195
107677,0.0016784473691315786
107679,0.19952040706162763
107685,0.010080617208223182
107687,0.1774210460978817
107689,0.023050190088955636
107691,0.01650016435298216
107692,0.00303659697852973
107695,0.030155409383235066
107696,0.024900803805819854
107700,0.06668832123001331
107701,0.02305027628088442
107702,0.09952684571337618
107703,0.15331949631787944
107705,0.020607128085141698
107706,0.006088201967483538
107708,0.0006598738378070684
107709,0.03101061345234404
107712,0.004342822706748518
107713,0.005671143020007512
107716,0.004508970672870769
107717,0.003339672207754569
107722,0.01661056000299235
107724,0.006307925532382111
107725,0.07001352843782074
107726,0.005208668064939831
107729,0.0017970425308668754
107732,0.03632378612183784
107733,0.09302751269523397
107735,0.021220786541671692
107736,0.004920552962151142
107737,0.01983347069961374
107738,0.04822379706358589
107741,0.004925882171513044
107745,0.12878087584898668
107747,0.008639471300811222
107748,0.028273102830670895
107750,0.007917284041220376
107756,0.002716377803887286
107757,0.012162023691315972
107760,0.0009381629047263181
107762,0.04010942535433952
107763,0.004687085805074505
107765,0.00400727869917985
107767,0.008483392542283127
107768,0.00141432085744762
107770,8.712403281085432e-08
107772,4.4794148532822655e-07
107773,0.0012307903630145993
107775,0.004754992002005023
107776,0.02231789997083097
107779,0.017827341962245564
107780,0.07222347881572008
107786,0.14279695730535907
107789,0.010416045021667862
107794,0.029815301220821426
107795,0.022787372177334165
107796,0.013939188569315787
107799,0.00013909708801190378
107803,0.008877013049673216
107804,0.024784194268154994
107805,0.00446673422045095
107807,0.10362876601882909
107809,0.037944411891842666
107810,0.007251304777126521
107812,0.050251888926462165
107813,0.005500386523803738
107814,0.015528341810162239
107815,0.10180755424688831
107816,0.0033717163744159495
107820,0.14805714727857539
107822,0.007237640545541738
107824,0.005083339795789242
107826,0.006157833844138015
107827,0.007169196171786471
107828,0.16022425502338858
107830,0.0019177970484320639
107832,0.010865426887264891
107835,0.18453792853105727
107837,0.002287571688574182
107839,0.04471801476075021
107840,0.1346083196970327
107842,0.013709099120307256
107844,0.13347606697014944
107845,0.003094682267526455
107846,0.005674082453227937
107848,0.003843189689017128
107849,0.034595439899954984
107851,0.003957260112182769
107852,0.02404740348704387
107853,0.0034895398511492507
107855,0.014342042538836372
107856,0.0038234768332892173
107857,0.0025759742912169763
107859,0.009620628814026587
107860,0.026231971716122494
107866,1.4988928340342653e-09
107867,0.021328183979479318
107869,0.02615508298765818
107871,0.0061347206462673215
107876,0.03546650909059632
107880,0.01033076480230356
107881,0.0011112017674615525
107883,0.00012419771980452
107885,0.039936596295951525
107886,0.0166801795304963
107889,0.056844584127204854
107893,0.00432893861794751
107894,0.046329965263767973
107896,0.0034545086788122315
107898,0.010685601389882738
107899,0.004146441886238287
107901,0.0009318710011202477
107903,0.004141910705341551
107908,0.006543953437990742
107911,0.020596390125842474
107912,0.018589544553280168
107914,0.03984036313154295
107915,0.0230311657983051
107917,0.004987728102911068
107920,0.004134666418010772
107922,0.0043632580442183756
107924,1.6486678738057655e-05
107926,0.0036275144552078706
107927,0.00855796989751592
107928,0.1534349549846686
107930,0.06501932619125797
107935,0.0041262846843277325
107937,0.042186196626866866
107938,0.003527979473984545
107939,0.009262017085054424
107940,0.015559107075048885
107942,0.004159943349424806
107943,0.020559304013498057
107944,0.1280892350680481
107946,0.019322717291355682
107948,0.0031117202380598545
107952,0.07510783616559337
107957,0.020459522219524243
107959,0.0013175089943018238
107960,0.00301584423386992
107963,0.06172492866773234
107965,0.029436925312475007
107966,0.004588259290547205
107969,0.010184041161340505
107971,0.004826328480502005
107972,0.09465704620657293
107974,0.0031320232675864697
107975,0.09750624835762807
107977,0.0074859035126307654
107981,0.0033838158047024567
107983,0.00020820691792379408
107985,0.005916384304040705
107988,0.0038269974042181667
107989,0.003600866340894098
107991,0.016926458593655096
107993,0.06327735594484482
107994,0.005849540327961824
107995,0.0007974220758305184
107996,0.027772894008796376
107997,0.013198025139486851
108006,0.01756643542124557
108007,0.1607180360734768
108009,0.0331295406586284
108010,0.04937199774703667
108013,0.00815693536044053
108019,0.004766916549000841
108021,0.012546962933656714
108022,0.024100688207237545
108024,0.033617268868398054
108027,0.015580839552960952
108028,0.054706172582426854
108029,0.012477173912056822
108031,0.007417432448345173
108036,0.01962503987128664
108037,0.001984601667138201
108039,0.0033534770523256582
108042,0.01024973596461074
108044,0.1241434324678266
108046,0.007586659065632654
108047,0.0027031101330143763
108050,0.004945470786215542
108051,0.008782764344069691
108052,0.006078419664324325
108053,0.017625649792766394
108054,0.004115788651977687
108055,0.04049244085803004
108057,0.0012275095925699544
108058,0.0036791701113928653
108060,0.004227990312348
108064,0.020284603781818247
108065,0.0023150230723624665
108068,0.009397055089551621
108070,0.004963090716781967
108071,0.011052346890050718
108072,0.0003683622351615159
108073,0.024189982673767308
108074,0.0033185521786055164
108079,0.04646419929039632
108080,0.01914145746937548
108081,0.01539418944293083
108083,0.00317151595099634
108086,0.07953386573438082
108088,0.007100852295354178
108094,0.0002452113838928575
108096,0.003036383975966692
108097,0.04141228963864464
108098,0.0860478562329237
108102,0.0016724781852481651
108104,0.005592335352467616
108105,0.007798940058446259
108106,0.010482097291483217
108107,0.01450985441899552
108109,0.02936505101750954
108112,0.006697081620525853
108119,0.0019450993153446922
108122,0.10285289959460414
108123,0.0070416388467274315
108124,0.005129533767548937
108125,0.003944254000451477
108129,0.0033742663229007646
108130,0.0050805205532236985
108131,0.0023151816323062654
108135,0.0003690058342098026
108136,0.004224718635506919
108140,0.07928271152205607
108142,0.00367990820559855
108146,0.004500174910851593
108147,0.026665274292483634
108149,0.004714049604628301
108150,0.003286469485662169
108152,0.037022240411857386
108155,0.002822760096769608
108159,0.10641264661462418
108161,0.02234410841671657
108162,0.028922844071191296
108163,0.07196206754337206
108164,0.0052632995688525535
108165,0.0030271456795502795
108166,0.030607174787847392
108167,0.018635260538492696
108168,0.018815763961937494
108169,0.001084876449919662
108170,0.005848701608880326
108171,0.0007910357534789448
108172,0.02345554940526263
108174,0.002273140338664703
108176,0.01315145539067988
108177,0.0030899972030041575
108178,0.010861344741160382
108179,0.0034907307600321996
108180,0.0879134971632662
108181,0.04122574963863654
108183,0.0017896963816563716
108187,0.0023006106751751803
108189,0.005920095264871781
108191,0.0023005971852195443
108192,0.01861125771751294
108195,0.0038827531528463385
108196,0.025795915445945873
108198,0.00016246274015087905
108199,0.003887749137341264
108200,1.8664983417971268e-22
108202,0.037430010818855865
108206,0.089949195639414
108208,0.007903884033476907
108209,0.018052224324887445
108210,0.0029494232556454294
108211,0.13774313114034376
108212,0.0032733427175300578
108213,0.030519692826298874
108215,0.004517753218940041
108216,0.005129506266176935
108218,1.765284298486951e-06
108219,0.004268686004834606
108220,0.037997581666937126
108223,0.006216261294374136
108224,0.003113000876038587
108226,0.1176358104435279
108227,0.004646937993439266
108232,0.06327735594484482
108235,0.012958411770762639
108236,0.04364856894492144
108237,0.006555552744554591
108240,0.009069310543491787
108243,0.011700962269324131
108248,0.04218328877412658
108252,0.014752440767556116
108256,0.0038410901791244632
108258,0.004786060519715873
108259,0.00413563749001155
108262,0.0042955305157300954
108263,0.007509200220390135
108265,0.016876363110157406
108267,0.07185299286745776
108269,0.007721261960661149
108271,0.09720956968760783
108272,0.0023247960136899
108273,0.030289784857354753
108275,0.003648110625170963
108277,0.030137276549209304
108278,0.004432990405915979
108279,0.0820771714419241
108281,0.0019021420183549696
108282,0.0026174727540936417
108283,0.01448430089752642
108284,0.0127966878337679
108287,0.0037663071021889916
108288,0.018052224324887445
108290,0.047194560373977186
108291,0.0031258263455981824
108293,0.0023913440920287294
108294,0.11300491251310534
108296,0.002851073281050672
108297,0.018052224324887445
108301,0.00817788279114359
108303,0.005846489016635601
108305,0.008413760710290463
108306,0.03972956556684973
108307,0.00624111301416493
108308,0.001869934522329155
108310,0.020607128085141698
108313,0.0030958513725009027
108314,0.019327857772017974
108315,0.003882958088100654
108316,0.009319305418462811
108317,0.14424902489129932
108319,0.017475934571151198
108320,0.1421170757123623
108321,0.003728781227710477
108322,0.006139805907286178
108326,0.008268550401342042
108327,0.014212022338110303
108328,0.0030055381928514057
108329,0.0004960382186015884
108330,0.0004251284558588243
108331,0.002532371893904831
108332,0.024560966207551688
108333,0.0033215098321679065
108336,0.02140555900934956
108338,0.13543598355570433
108339,0.0029862560289283502
108343,0.003167968507314964
108345,0.006265218335381331
108346,0.018884062232837038
108347,0.002957658447676571
108350,0.0002062652515164863
108351,0.0028328893258997047
108352,0.009459815883160829
108353,0.0002564670934342295
108354,0.0009248541326500737
108355,0.040987648947451674
108357,0.011318055036913733
108359,0.02522209289593748
108360,0.003167432417358186
108361,0.02719725703793708
108362,0.0009515980497540797
108367,0.013577754194047201
108368,0.00476043220691238
108372,0.005645989648050591
108376,0.04680329907048128
108377,0.003053237538144408
108379,0.14433402502177908
108384,0.030617904629519983
108386,0.03094354189162087
108388,0.002839172622203012
108390,0.0023378259864985543
108391,0.010109049726957973
108395,0.003462417114096272
108397,0.007634000782817132
108399,0.005131187697349097
108403,0.004293143629659187
108405,0.005390962060668725
108406,0.00886625828993439
108408,0.0036416802308419176
108409,0.02907318248085991
108410,0.028326682492404685
108412,0.00635772231962039
108414,0.003294233824610835
108418,0.0036840480760353916
108421,0.0022068636733589358
108425,0.0661932214191496
108427,0.041206766584349346
108429,0.000603982154031858
108432,0.17070340176520615
108436,0.027089992446947483
108439,0.009150979825182093
108440,0.04477257630927496
108444,0.026066454860019357
108446,0.0016360476769823346
108448,0.004898381297627595
108450,0.00588349233450884
108451,0.005268483692872685
108452,0.13846876163919988
108453,0.07566863274737791
108458,0.004425433748679943
108462,0.003036506860242808
108463,0.0255570892637857
108464,0.012080206786238928
108465,0.04078867180167405
108471,0.004001855736597175
108474,0.00877387396619805
108477,0.004376124900337363
108478,0.003597426169341274
108479,0.004848863067419985
108480,0.1306621106859086
108481,0.021459873129485517
108484,0.007790275761037534
108485,0.017552373659712572
108488,0.13160319606703053
108489,0.1328266344249505
108490,0.007579390548752251
108497,0.11523481696742845
108501,0.004629294152021704
108502,0.07536468751602665
108504,0.018052224324887445
108506,0.031366777841889924
108507,0.005795460795415962
108508,0.020651914644860762
108512,0.1266799706737549
108513,0.02034974702673018
108516,0.010583161243783824
108517,0.14213177569449292
108521,0.0015746466013764784
108527,0.020607128085141698
108529,0.08615119988419721
108531,0.016581522298673837
108533,0.003757732448323634
108534,7.641586608694819e-05
108535,0.003652408681861308
108536,0.007729349195402784
108537,0.005206706149836777
108542,0.002878431708319592
108543,0.03541131617176523
108544,0.04905170597280369
108548,0.006100641540201153
108550,0.02816037736125063
108552,0.011808386376792445
108553,0.004606140902663654
108555,0.004960888379600401
108558,0.0402024279981512
108559,0.007119009651350406
108563,0.001843185641952736
108564,0.07892768544371719
108565,0.005329114946072371
108566,7.618353548134981e-11
108567,0.0020338472190168768
108569,0.00432389384248686
108571,0.04812432658710005
108574,0.026350410280627658
108575,0.00567238971307869
108576,0.005582716951786131
108577,0.010360322443394894
108578,0.004500162836696408
108579,0.044673346174380055
108580,0.005948128080414048
108581,0.006878610340098473
108582,0.00817603474263186
108586,0.0030238939421132977
108590,0.004128829033751186
108592,0.13525678207136468
108593,0.023082711241729288
108594,0.0034290808577709586
108595,0.00512954751828995
108597,0.014434520286976558
108599,0.007438733936951919
108602,0.0010247881699137092
108603,0.14447341930386587
108605,0.07443901693053885
108607,0.04375499349079648
108608,0.07347881631172774
108609,0.00012907398259817674
108610,0.002273333350304531
108613,0.0036309819469090188
108614,0.003494500427921862
108617,0.003959656672830771
108618,0.011036789807446752
108622,0.0018897940273727878
108623,0.02881286217747059
108627,0.006547534209073851
108629,0.02456091736327299
108630,0.004702143136317675
108632,0.09142972569354456
108633,0.016973293395003898
108635,0.011989497676512167
108637,0.1127330841859264
108638,0.009256501128264849
108640,0.00264727282171138
108646,0.009626271475364902
108649,0.005135754412092747
108650,0.0709263338970949
108653,0.1336511599198336
108658,0.013204441065081276
108659,0.06915207255124478
108663,0.025490160985213506
108665,7.119776154368361e-05
108667,0.0021241357619613517
108672,0.011025417359559104
108673,0.019617131451164192
108676,0.0062034931577743075
108677,0.0029641180030573464
108681,0.023817890217290735
108684,0.0018371865690655202
108686,0.004251199485774891
108689,0.0016655340423199197
108692,0.07498412264625168
108693,0.015580839552960952
108694,0.0006913622739136986
108699,0.004217136290286303
108700,0.006814975276802605
108701,0.038416551179166425
108703,0.0001494437010865998
108705,0.004738048610740454
108706,0.0210852190744201
108708,0.0021354759279839006
108709,0.04379684975970308
108714,0.003525280285557421
108715,0.014734028974671794
108716,0.00048775693007696493
108721,0.005123038596652717
108723,0.0034317930967020785
108724,0.00232736994865345
108725,0.004253681857077196
108727,0.018052224324887445
108728,0.006499675876445184
108729,0.018445172240241718
108734,0.004576879825436006
108737,0.005141502517350425
108738,0.013679665860949673
108739,0.003936039397876637
108741,0.0030365495410917174
108744,0.03544769440348075
108747,0.0003259054615370024
108748,0.022435363571115346
108749,0.010333533057217618
108751,0.0035821648906618994
108752,0.1274070066297348
108754,0.00729130725227255
108755,0.002327809793500593
108756,0.013967287172914221
108757,0.05623937396827669
108758,0.004506594986294278
108764,0.11678625636045896
108765,6.424676992366903e-05
108766,0.010383812131550652
108768,0.015258006644204382
108769,0.1460822645431323
108771,0.0048419628788715285
108772,0.0034097408559053102
108775,0.027210399427662284
108779,0.004780690732444193
108780,0.0038922158187611536
108782,0.002407122731000726
108783,0.021182018914416064
108784,0.03478531820556192
108785,0.010587499706363458
108787,0.16876877444056107
108788,0.14103666896179756
108790,0.02368193138208389
108791,0.0038598619136116195
108793,0.0037608688965077236
108794,0.14087758131487915
108795,0.04031593403806147
108798,0.003459355381327073
108799,0.007996453600367862
108800,0.027034023804389726
108801,0.008572338673560106
108802,7.135788060770908e-10
108803,0.15029742574014013
108806,0.015290512950347496
108810,2.0951759590582907e-06
108811,0.04573469022966562
108812,0.1390978795774681
108815,0.00344454463521315
108817,0.06725457605728684
108819,0.005746849455820395
108820,0.005899040321029373
108821,0.0366956912674657
108822,0.0072877359079161295
108823,0.0325081070923047
108825,0.13617131982741623
108826,0.01899718444723255
108827,0.020758134271596545
108833,0.018205091534630447
108835,0.028232024136237596
108838,0.040251002439354144
108840,0.0035309167190964745
108842,0.0037282674321487113
108844,0.011987947085015042
108845,0.00853117536894377
108848,0.018665032023233174
108849,0.0027539180083604254
108850,0.00492489261443451
108851,0.004373258043265447
108852,0.006763385369393272
108853,0.058498095875367966
108856,0.016115570494060153
108859,0.061318256510546024
108862,0.005824464694041358
108863,0.002931998901618331
108865,0.00277332076344022
108866,0.03594939779740321
108871,0.005129608285426641
108873,0.012568027081102866
108875,0.006577949487162026
108877,0.008036342477945244
108878,0.0055257161626252075
108879,0.004499892151201039
108881,0.03772672136406051
108882,0.003046742166445922
108884,0.003345833265860472
108886,0.02431189960235001
108889,0.01263162459352211
108890,0.02912075355192764
108893,0.001093163433549222
108894,0.016761038375010574
108897,0.024883218569809667
108899,0.0183793562324108
108900,0.002578842667070742
108901,0.0054316214523655185
108902,0.0025818515443637308
108903,0.24176629608904454
108906,0.02015206219870404
108910,1.7345654693830776e-05
108914,0.033258166530583326
108915,0.07053079710117172
108916,0.023462498627104547
108917,0.021660717770904298
108918,2.8686376003290674e-05
108923,0.09348203788191307
108924,0.0029453964713328316
108926,0.01757250645757605
108927,0.030397738337289447
108928,0.02242039786016988
108933,0.03645238541791239
108934,0.09125868347912426
108938,0.02595437116996567
108939,0.003587901169500421
108940,0.015750976428029407
108941,0.019198693679973126
108945,0.006702308845056203
108947,0.020720802478099945
108952,0.008809818935784738
108953,0.11364846988529674
108954,0.0025889887617511604
108956,0.03191245647216147
108957,0.014897665478465254
108958,0.01562889951685401
108962,0.03750265592779337
108963,0.022512698818340823
108965,0.04669504760871594
108966,0.0029763877384687697
108968,0.025338942019934578
108969,0.1362842190241191
108970,0.06217087093656212
108972,0.0034622564208326607
108973,0.005360905152683451
108976,0.0005786999216242098
108977,0.013362819058738448
108978,0.07707623513344425
108979,0.024482489988182067
108983,0.02027615128372562
108985,0.000601941186468061
108987,0.004321051795575816
108988,0.02027767483465496
108992,0.0066180981111714785
108993,0.059314670496097247
108994,0.006663518543006509
108995,0.0036780801640570833
108998,0.007482991449650074
108999,0.17028378272348063
109000,0.004650579210906343
109002,0.007430814381402746
109005,0.013484688482717855
109007,0.002454992715589593
109011,0.02694392594271318
109012,0.004261037110066806
109014,0.020607128085141698
109016,0.021394086742549827
109017,0.0005914800199444309
109020,0.01336193775509246
109021,0.15737731300164448
109025,0.009891654401743383
109029,0.01863046834263397
109030,0.06828453724919734
109032,0.015673310712747853
109034,0.0034051990489875126
109035,0.02314515124421073
109037,0.004850083476110534
109039,0.10442627806058542
109040,0.0025450056229696177
109041,0.008817602147930242
109042,0.015727286192086617
109044,4.7193978696913626e-05
109045,0.01948584549822635
109047,0.11308514248280002
109048,0.031056929195856498
109049,0.023388150223982954
109053,0.006996192644185312
109054,0.04953332575081115
109055,0.0071198367530061184
109057,0.0046309597773552666
109058,0.005066270939650675
109061,0.0066616946748992755
109062,0.029076471628835948
109063,0.003980891971608321
109067,0.0030096486503039493
109068,0.026149621447457205
109069,0.11028447420184433
109070,0.01676282452685217
109071,5.4230796459240805e-05
109073,0.002382829399552617
109074,0.004185353532632798
109077,0.005875465394586235
109079,0.018561366690878756
109080,0.011351104877413695
109081,0.0042997863867013444
109083,0.02606591142735814
109085,2.9424032978349352e-05
109087,0.02088296955883998
109088,0.0056742676055192695
109092,0.05725172642079389
109093,0.009225375720764999
109094,0.06923858029328905
109095,0.0045374620908257305
109097,0.01859492039529455
109102,0.2777976757487763
109104,0.00509252894062289
109105,0.003503662467274716
109107,0.0024523914703728487
109109,0.011369911104988632
109111,0.00225988333794861
109116,0.0024815060030929227
109117,0.10750916848866161
109119,0.0037070014529609675
109120,0.027367621583026237
109122,0.00028157009387748367
109124,0.006647104226704371
109125,0.024836823836600484
109131,0.046857736166088154
109132,0.012642715956627937
109135,0.006015718004843612
109137,0.0271670482816846
109138,0.0214887023007294
109139,0.08971213496084067
109141,0.016856270834501506
109143,0.003713756088455141
109144,0.005565486152686146
109145,0.003273757141427365
109147,0.0036472345856885676
109148,0.0022968643047558044
109150,0.0044075413139878575
109155,0.018106473653335047
109160,0.0031078505107626957
109161,0.004267443406546513
109163,0.015410825740661872
109166,0.09552901491227057
109167,0.15834590743244004
109168,0.059178189466728544
109169,0.005003276035185196
109172,0.018052224324887445
109174,0.004183970733099784
109177,0.13289406374497315
109180,0.04938697663668488
109182,6.13409071668669e-06
109184,0.019943455043666465
109185,0.02831248292630971
109191,0.019266336001673285
109192,0.022834159943922214
109195,5.1827961965632014e-06
109197,0.005397791246674081
109198,0.09807648227464635
109199,0.02346864320083339
109200,2.3390955451734283e-17
109201,0.003812172128633418
109202,0.00581781760361319
109206,0.004800610789898164
109209,0.08448203712786524
109210,0.025813813926190598
109211,0.0044891813938343
109215,0.009803420894528653
109217,0.004890216708804349
109218,0.024927016043083745
109219,0.02669665286033611
109220,0.0035022843699950203
109221,0.028838992832915078
109223,0.011290205160382032
109224,0.004712752501613774
109225,0.004452687455758592
109229,0.02343738435801978
109230,0.026665274292483634
109231,0.0200670528763415
109238,0.004622092263646207
109240,4.648151741307104e-05
109241,0.025729025440143997
109242,0.003737705606720033
109243,0.012340701157803233
109244,0.13615506502495942
109245,0.13174976109592218
109246,0.056844584127204854
109248,0.014352942605576244
109250,0.009496884957233432
109253,0.012418333148418913
109255,0.004362950913989754
109256,0.003933212071574707
109257,0.0032675892201413483
109259,0.013099262217330336
109260,0.004749387600996352
109261,0.004388806874139008
109262,0.0031691485308711553
109264,0.01885353278912364
109265,0.03534313115344591
109267,0.12235540428075936
109268,0.03145475757555641
109269,0.00469184608337778
109271,0.015597041800594512
109272,0.16517848516048475
109274,0.004474296279473244
109277,0.008125729407515688
109278,0.11371925882990092
109282,0.012194493433793793
109283,0.05161288949224289
109284,0.024043437143380694
109288,0.06594994581637002
109289,0.018323876400315627
109290,0.008328445948282573
109291,0.027817483016914227
109293,0.02907822474255303
109296,0.015039573859899107
109297,0.01945757160561861
109298,0.0002627930192169226
109299,0.004352177467019082
109301,0.14997816212145215
109302,0.004097511255152939
109304,0.11550420113228757
109306,0.04942069231604314
109307,0.008392199171887332
109308,5.9295355029588086e-05
109314,0.023472236492387874
109315,0.004748809255236828
109316,0.004947814929726704
109317,0.003530447093694328
109320,0.021143754765317272
109321,0.00015160322190119815
109322,0.04640861752625325
109323,0.004015133139840684
109327,0.057639808231505614
109328,0.011220622947739395
109329,0.12997078847519036
109333,0.05156287604807315
109334,0.0025732168502225128
109337,0.02814361338164603
109339,0.0032929274803914586
109343,0.016157078374668024
109344,0.024482489988182067
109345,0.0408987084091062
109347,0.010379500170835563
109350,0.0431772775948659
109351,0.1366722948793958
109353,0.008461246338908967
109354,0.007381711530629059
109356,0.010966645618999609
109357,0.02816427130418391
109358,0.0056742999609074
109360,0.004133450364741602
109363,0.008002890169316943
109364,0.028337700638713832
109365,0.0027137974492228117
109368,0.03720013882879192
109369,0.0035313044090134202
109370,0.024863290661875745
109372,0.008959409363282813
109375,0.01687401355813667
109381,0.016769307487003848
109382,0.02714406748295622
109383,0.0070781947244403145
109384,0.022319734599144405
109385,0.01508651199001495
109386,0.00963619767124042
109389,0.023636949438450173
109390,0.10490313470161726
109394,0.004693609748495907
109400,0.010508801955491512
109402,0.0076672531286962825
109404,0.023419565484572035
109405,0.0358774348218296
109411,0.021656867452777492
109413,0.005917423639109857
109415,0.004619597914104043
109419,0.03027463285710173
109421,0.08131354025922968
109422,0.012366708490843233
109424,0.02945832329505388
109426,0.004929506924606278
109428,0.02524168210179402
109429,0.018052224324887445
109434,0.005969989028672035
109435,0.003721587113477983
109436,0.05411974475907768
109437,0.051327378836916536
109438,0.002315209026249926
109439,0.09671597798635724
109440,3.106786458943136e-05
109444,2.2869467648071035e-05
109450,0.12727368417111387
109452,0.01584492052642446
109453,0.01465004810695854
109454,0.012541945275374894
109456,0.001128987885914171
109463,0.023548497025327856
109464,0.01579187474050116
109465,0.010253410441759545
109467,0.0017421119022010456
109471,0.018165709067673782
109473,0.003687594707056947
109474,0.05549359527933451
109477,0.023711408489411553
109479,0.004137250764258054
109480,0.0009663958292049217
109482,0.0972971116655751
109483,0.08501850155951794
109484,0.0034475249730078128
109485,5.930762795771656e-06
109489,0.01889257039181811
109491,0.02379680975797282
109495,0.052652843753390396
109499,0.003462050490222421
109500,0.03171779053690792
109504,0.1332722719790138
109506,0.006835565461900445
109507,0.0639308616664706
109511,0.0041266354558605394
109512,0.026941044830578614
109513,0.0033890578806351295
109514,3.7429096822208315e-05
109518,0.006416799285735294
109523,0.0016544029787562424
109524,0.015709886544248132
109527,0.06406675522827779
109529,0.04082962506702462
109530,0.12028239618541313
109535,0.15419429307223836
109536,0.0165050599772004
109537,0.003035177591422068
109540,0.008707477248683222
109542,0.1517320245166754
109543,0.0030411411437645934
109546,0.033525949299434685
109548,0.01813325334644338
109549,0.003595793603770104
109550,0.00558105509602269
109551,0.002958709755128407
109552,0.0030364577059374094
109555,0.1309561075249084
109556,0.015244414529626868
109559,0.0066596746440216745
109560,0.22716920980780056
109562,0.001830041739655473
109564,0.003594826101637982
109565,0.04877465563605477
109566,0.004248562114408159
109567,0.00571397552872714
109568,0.13174976109592218
109570,0.05128034847115126
109573,0.04138684710043776
109575,0.022475189969273186
109577,0.011634890346268845
109578,0.028010169967971486
109579,0.001279132302155129
109580,0.003999347474231143
109583,0.08309097819645984
109584,0.0053977361271051
109585,0.019048503938412006
109586,0.010717601546937306
109590,0.07595856422451382
109591,0.015580839552960952
109592,0.006240753748519785
109596,0.06129923601155854
109599,0.0704831160104744
109601,0.004339793207847061
109603,0.0054545086962765705
109604,0.01364523698972349
109605,0.0038539423121692964
109606,0.0003242498871269397
109608,0.00341120057591428
109611,0.01386461585568598
109612,0.0022351774409435986
109613,0.02705781356505128
109614,0.0037277887322006644
109615,0.004954783195362699
109617,0.07196206754337206
109619,0.006824070502137658
109621,0.035488229990285336
109623,0.029923185583666155
109624,0.04740210358955302
109625,0.006971673674686654
109626,0.10490313470161726
109629,0.0004367804308602182
109633,0.1254779347705181
109634,0.008477040557595373
109637,2.0434283582486817e-08
109638,0.006293139946512195
109639,0.13830168035167262
109642,0.09010222952695086
109643,0.0033232004955248344
109654,0.04911196849739654
109656,0.0230574162372271
109657,1.0142902901705408e-07
109659,0.025674392890691372
109663,0.008969180734036606
109664,0.03302058802791629
109668,1.605439962350266e-06
109671,0.13251328949624214
109673,0.024676396419043227
109674,0.02123122394384478
109677,0.11764928486518773
109678,0.013407174604135852
109679,0.015648539973505387
109680,0.005085835157093886
109682,0.018052224324887445
109683,0.031055823521642413
109686,0.005174396205386905
109687,0.008338349939353482
109688,0.2625590453567288
109689,0.020748345162386266
109692,5.9688988119814875e-05
109693,0.13079897462258225
109695,0.0049858736634643816
109696,0.005933401055226772
109701,0.08573263716030659
109702,0.004551631024596687
109703,0.0029334080095726888
109708,0.023408480370009112
109714,0.01659157833673986
109715,0.007932272415510734
109718,0.007376207842490217
109720,0.024482489988182067
109724,0.026663926944308865
109725,0.004876623984036893
109728,0.02628208940007899
109730,0.026116274728903915
109734,0.008722710536728557
109739,0.13066518326066584
109740,0.010322329263058804
109745,0.010893863261857506
109746,0.014147448202776197
109747,0.014901363394738737
109748,0.012528393992319026
109751,0.02085196103015474
109752,0.023071351038202702
109756,0.06867225313908537
109758,0.023731831878513646
109760,0.0027292108977983475
109762,0.00011177751258679928
109763,0.02509890001376723
109765,0.00037366407496033
109766,0.006676548423276193
109769,0.004514830138865692
109772,0.019208498396512612
109773,0.005646777254116043
109777,0.007749630519921695
109782,0.09528869374690001
109783,0.03820620784070394
109784,0.005332744166319727
109785,0.011230595755843151
109787,0.10039270867060393
109791,0.007387003921114894
109793,0.04223295851981117
109794,0.005383960227199732
109797,0.1555723144113576
109798,9.857993592944799e-05
109799,0.010060390410232193
109800,0.051671270779599376
109801,0.06428546532496181
109805,0.0004160010471231031
109806,0.00982760879094819
109807,0.0016075898041732221
109810,0.004053497597342583
109811,0.021967913646614
109812,0.03536277580706398
109813,0.1418873955972603
109814,0.0030927671740669403
109815,0.011506824180508168
109817,0.002784522000221703
109819,0.005282848347643373
109820,0.07726478797743111
109821,0.0023193553852790066
109822,0.010640099928763127
109825,0.01064865442814049
109826,0.00018669801444114542
109831,0.044331882923348685
109833,0.003836768264566796
109834,0.002273140338664703
109835,0.01356343995460158
109837,0.1019136031462462
109838,0.006876969425240945
109841,0.12179860993107522
109842,0.005576959009014138
109845,0.020607128085141698
109847,0.01782341655818724
109848,0.004571217036857809
109849,0.0025345555171405816
109850,0.00467052149772273
109851,0.022190340449468566
109852,0.12420392366458374
109853,0.02048431766749801
109857,0.0026583439502482586
109864,0.0032429848013590073
109868,0.017919356830247687
109869,0.004095263078431942
109870,0.005260482478060767
109871,0.0018454550205688315
109876,0.02916549205167235
109878,0.43258782608980284
109886,0.12271637092277865
109887,0.0037698445241356234
109889,0.018052224324887445
109890,3.4182252933470636e-23
109892,0.004359502553949299
109893,0.10690249741349983
109896,0.006337041622132086
109897,0.030059646132613846
109898,0.0052122475068252325
109899,0.015069945733044082
109901,0.021440800485021755
109903,0.0014178914664208966
109905,0.003947488667283578
109907,0.0029863350616822757
109908,0.008032422077706517
109909,0.07765600766452896
109911,0.007258462617468729
109912,0.005683376840437744
109913,0.004443804487671089
109915,0.005441965153633501
109917,0.0022572707414185824
109918,0.009035687181030459
109919,0.1303854612461197
109920,0.003111477838455172
109922,0.02449591611235764
109923,0.01557723072388622
109926,0.004109052057714253
109927,6.541911615179455e-05
109928,0.009435869967473982
109930,0.002197994559476084
109932,6.146154970257755e-18
109933,0.046014964952191505
109935,0.005636205715796597
109936,0.002900279765626354
109938,0.018052224324887445
109939,0.003401580188844796
109940,0.1154035064742089
109941,0.004154202267719914
109943,0.00010628173486433825
109944,0.005295420208789925
109945,0.13003455651077292
109948,0.008558592431584933
109950,0.12442824007739875
109955,0.05886582086371923
109956,0.006070171339670133
109957,0.0029633836528609827
109958,0.0020315353476675463
109960,0.005129591652627489
109961,0.020897912501282843
109962,0.004870547946608829
109967,0.005108061957719692
109968,0.027832027453172974
109969,0.00021654017023870699
109970,0.008010212486049089
109971,0.03681275721422421
109972,0.08832797249598814
109977,8.579034533523635e-05
109980,0.0005056379857514941
109981,2.686928247200037e-05
109983,0.0451632852400061
109984,0.003713818453823333
109988,0.03872743288417558
109989,0.00494203938736231
109990,0.0148862575266711
109993,0.011609214813220766
109996,0.035818217310255765
109999,0.0038512618033241064
110000,0.005751758176072479
110001,0.03363354900651754
110002,0.023194763382267735
110003,0.005408705204205297
110004,0.016908823115960356
110007,0.006860755315467532
110010,0.01637256301446461
110013,0.00401345665989225
110014,0.0027449291035210716
110015,0.012923941277109231
110027,0.024025394492566406
110032,0.009825049050407092
110038,0.005019393722951104
110039,0.004989736073960152
110042,0.01476143111030157
110046,0.11759586458479625
110047,0.004251052699151962
110051,3.205107410827823e-05
110053,0.057437855684787625
110055,0.020607128085141698
110059,0.011335478634485915
110060,0.0003165025133133991
110062,0.029676051090980437
110068,0.0011532642218962505
110072,0.004043844973091398
110073,0.04405548418029188
110074,0.09460769989380102
110075,0.02946884849008052
110078,0.007559121712491637
110081,0.0034056429994854197
110094,0.0031599882626802676
110095,0.04711926927206268
110096,0.026902371229757627
110100,0.024810182867373968
110101,0.05234069553369716
110102,0.022401502384690485
110104,0.00024948058486839737
110107,0.0027070458159722953
110109,0.013459806962714087
110110,0.026012147058108614
110112,0.08647629329371317
110114,1.954596949862635e-06
110117,0.007782058342037417
110118,0.012973032690303275
110120,0.08936961261825607
110125,0.003070419406841302
110128,0.0040374004014863425
110130,0.049713259021790794
110132,0.12161868884876655
110133,0.0034623964805641718
110137,0.0846015700553169
110139,0.004654763618800862
110144,0.024482489988182067
110149,0.10628178107879623
110150,0.017355382071778155
110153,0.07781112457251832
110155,0.006071716453905257
110156,0.018907556925536338
110157,0.02463432526971566
110158,0.0790939601335312
110163,0.0070119698062837505
110164,0.04314237842377084
110165,0.019922457339446843
110169,0.013910181066439594
110171,0.00289155846728909
110178,0.020607128085141698
110180,0.002949876037192011
110181,7.073705334716346e-05
110182,0.07139214696992043
110184,0.005045483843189136
110190,0.03910170095773029
110191,0.018052224324887445
110194,0.10642294877864049
110199,0.005846574993414152
110201,0.04913484869024368
110204,0.032406133564712086
110205,0.030468804096436448
110207,0.0026192642907297125
110208,0.010584058496261114
110210,0.01060778261008626
110211,0.004049051788060375
110213,0.11461926274791381
110214,0.048458682034857044
110215,0.0019429549988058325
110217,0.018832975449903425
110221,0.060113129642942076
110222,0.11948610011829856
110223,0.003863891844573323
110225,0.015281304831967237
110226,0.004844010898290292
110227,0.004448875568515653
110228,0.00395918089445102
110229,0.01013468028895647
110231,0.011701729908226703
110232,0.004195280888190513
110233,0.02540830542668975
110236,0.001954890367099464
110237,0.03315408312011467
110239,0.025560840143034072
110240,0.017712085889678153
110241,0.008676852182259857
110245,2.346521466232773e-07
110246,0.03527445674685133
110249,3.285046531671882e-06
110250,0.0056927457243436
110255,0.005325198388462817
110257,0.004165928996629011
110259,0.11564845052023476
110261,0.00019346094808147713
110262,0.002639931439733486
110263,5.811504796836077e-05
110265,0.004606874906104244
110269,0.05943918728181763
110275,0.005817491136432939
110276,5.3719734945648076e-30
110278,0.08863209291033981
110279,0.005147299526404455
110281,0.0027204905737667176
110282,0.003487922139664214
110283,0.04809243934362903
110284,0.13655260934672417
110285,1.7121816417838303e-05
110286,0.0009205453749999876
110288,0.02860463310761641
110289,0.0064607468197084555
110290,0.037900185811682155
110294,0.032437098933917406
110295,0.029621056964905912
110301,0.007788972998333281
110306,0.10537245593840049
110308,0.006066656197772945
110310,0.004274362116716573
110311,0.007827451274751448
110316,0.10348585023211578
110317,0.004379463698813191
110318,0.009316749678468404
110319,0.004773932834439943
110321,0.0063264773523945775
110323,0.03406762367466372
110324,0.02626652768822611
110325,0.0002566475404472521
110326,0.007761117905297368
110327,0.0001632928687953055
110328,0.04151782292806498
110329,0.012780531678999112
110330,0.003694379400726077
110332,0.05513368582437317
110333,0.00010744603337364346
110334,0.006947741485508766
110335,0.013207291179484054
110336,0.12889868593222717
110340,0.009347041298864357
110346,0.0007333190465700698
110348,0.005576580155215681
110350,0.008722080055459514
110351,0.02877946060108703
110353,0.026027875138328868
110355,0.017089207895691235
110361,0.004394211713498199
110363,0.0008521571280434421
110364,0.0045966703686437385
110365,0.0026564648704886125
110366,0.14956775311773604
110368,0.004865520513422395
110372,0.006316258806534171
110373,0.0337712825970318
110376,0.013694049465812236
110378,0.009401004449124738
110380,0.004243240013194059
110381,0.01119007365186662
110383,0.005269573103334342
110385,0.10720663251025422
110386,0.020044480096547333
110388,0.016186023313872144
110391,0.004685852973461248
110396,0.0033089024898016756
110399,0.004320807753321548
110409,0.008199464305346328
110411,0.006402741724978414
110413,0.005939447973313567
110414,0.024000918422751077
110415,0.006490262938540548
110418,1.211452252484701e-05
110419,0.009468578758164776
110421,0.005794855775253715
110422,0.004187452110003339
110424,0.0032192187068131135
110425,0.014233283782341071
110432,0.00040795655614530354
110433,0.08073453983203138
110434,0.028250602959746768
110435,0.0037535037938805013
110436,0.012422842215486292
110437,0.006182903860088345
110442,0.03440527244408891
110443,0.010973497546474786
110444,0.03675335189853019
110447,0.007055451389218503
110449,0.003024213027001049
110450,7.1500352306708024e-09
110451,0.01951216456901193
110452,0.004987728102911068
110457,0.08868684431577269
110459,0.005912806393149379
110460,0.00043009336253831896
110466,0.023457064443941453
110471,0.016326291900863654
110472,0.007237280249893673
110473,0.004205344247805344
110474,0.11364332213877197
110475,0.003700405206356284
110476,0.0034179918786807094
110479,0.05360151946318828
110480,0.034722357557268796
110481,0.027279624103914824
110483,0.11093596495099793
110484,0.0032143987421881432
110487,0.019879412583573775
110489,0.06454010045632233
110494,0.013803607704281368
110495,0.0029862764150018974
110499,0.1502374375977549
110501,0.040467772390782614
110503,0.02279921624790202
110504,0.00010011897079831623
110506,0.03510743670521273
110507,7.181212387995319e-19
110511,0.020745762117512306
110512,0.021946719958213574
110513,0.018052224324887445
110521,0.046156655456838544
110522,0.004208880872317151
110523,0.015273596232074808
110524,0.0033103353987028
110525,0.004359222092560833
110526,0.004188716628926621
110527,0.026665274292483634
110528,0.06767159800283122
110531,0.018052224324887445
110532,0.040267284286141056
110535,0.0030365413485375923
110538,0.02855480441925247
110540,0.0025736255023619307
110541,0.005394307440439316
110542,0.018052224324887445
110546,0.05270868049190627
110547,0.02712169088025135
110549,0.009948068454743964
110550,0.0033816255577921767
110551,0.0033516923197995105
110553,0.007921355418280323
110554,0.0003530580412783007
110555,0.006371404467193742
110556,0.01503308042329754
110559,0.003504025525223424
110560,0.020404841391444193
110563,0.11448337213766789
110567,0.0004844954955572679
110569,0.009286879206704905
110571,0.0030782937519494924
110575,0.11721070917966454
110576,0.07196206754337206
110577,0.008366225306161842
110579,0.020455410331796337
110581,0.030987727190776644
110583,0.0032046686844635327
110584,0.0027260980569273983
110588,0.008914906789799537
110589,0.015718179750486568
110591,1.1035523109926075e-05
110593,0.0004301186726802399
110598,0.00429900308821772
110601,0.0004596711662805256
110602,0.05701233223192035
110603,0.003586960123047224
110604,0.0005289656997517181
110609,0.00036980711958204787
110612,2.8976979242454484e-08
110614,0.0051514626271647115
110616,0.031268449001424205
110618,0.017524484061857408
110619,0.002265182254113892
110621,0.03619663600797209
110625,0.03415406940216278
110626,0.0022875497574419844
110627,0.0033316573165099186
110629,0.007811099502386623
110630,0.007053460397128434
110631,0.036075679958673786
110634,0.03658772195299133
110635,0.009797186467121929
110636,0.0033600783717958847
110644,0.005787626846324357
110645,0.019274015330180635
110647,0.12095044005003167
110648,0.02808852382563593
110652,0.004119047951420461
110654,0.006333057654189182
110656,0.0152083450116586
110657,0.046727114975274535
110658,0.004752567216648093
110659,0.01208894413748297
110663,0.01935572454957449
110666,0.0251198598417299
110667,0.09732982853950677
110672,0.01521821517491739
110675,7.371638120639353e-05
110676,0.007355567626249588
110677,0.02149366198136591
110678,0.0038865920460237277
110679,0.020748697022186215
110680,0.009590497224905868
110683,0.004767788325252858
110686,0.0018425685295081074
110687,0.03777429403694162
110689,0.00435566350441705
110691,0.01694044253455884
110692,0.004733302949568572
110697,0.013661415654449017
110699,0.008270743370980854
110700,0.04506056206287555
110702,0.0034880328801515544
110705,0.01762062238344492
110706,0.020542742094933557
110707,0.0029917088101829026
110709,0.02498431602367143
110711,0.04145882575093584
110712,0.010419851071512769
110714,0.009509219408756412
110715,0.005515720920584828
110716,8.634678091572908e-06
110718,0.0046046280112931265
110719,0.001332843019175947
110722,0.00800970249339919
110728,0.051754489750507504
110729,0.02088438958305559
110732,0.14391987998121306
110735,0.10392153370278583
110738,0.002377299322425552
110739,0.006012568322067829
110740,0.00446209677502204
110742,0.012510099350281429
110743,0.002315209026249926
110744,0.0028732086180085306
110745,0.03163838202338943
110749,0.022036441544218216
110753,0.0033554666307050443
110754,0.02602057883355946
110757,0.015229739004547122
110758,0.014620654867544991
110759,0.0029906697313377877
110762,0.012511174585461067
110764,0.025627304554754253
110765,0.00021867812290718184
110769,0.05963168146013024
110770,0.00014716175446391808
110771,0.10980400081026083
110774,0.0044454858132699365
110775,0.2240850536436772
110776,0.026751308848702277
110779,0.028107874001805845
110780,0.029309845930746446
110782,0.003377371076066378
110783,0.0030657192862450634
110787,0.0025819520580399155
110789,0.0024636030766227016
110790,0.006349842889622351
110792,3.2984352426770963e-06
110793,0.012310709071691009
110794,0.05348345641636369
110795,0.018378758068080373
110796,0.05264837983262783
110798,0.008042729411205365
110800,0.0006476032070163963
110801,0.12028239618541313
110802,0.0037635096797646087
110803,0.002789651499823856
110804,0.0036344585927570363
110805,0.008065727201145081
110807,0.0009392353132055175
110808,0.00035158150868211423
110813,0.07407002489156285
110814,0.030470410113010403
110815,0.01534867461908242
110816,0.13378224152918786
110817,0.011127995439179002
110821,0.020969821280273037
110824,0.004282245241031929
110827,4.417334226995154e-06
110828,0.0005354025077667035
110829,0.11277777056672159
110830,0.006871931989836262
110834,0.0071383402496845265
110835,0.01802552674830655
110837,0.02648250784191408
110840,0.02282691990700807
110841,0.06071287897362035
110844,6.180549937221938e-05
110849,0.0038715887301852257
110851,0.014649291319810624
110855,0.05702485792743672
110857,0.005333889813809964
110859,0.09136152653285426
110863,0.004335047043326025
110864,0.006282690766742464
110866,0.002861002990564222
110867,0.006353525560283599
110871,0.006510407646451866
110872,0.03245023082049679
110873,0.031574662462151654
110874,0.005578971337605126
110876,0.01055039130127767
110877,0.002986232319508815
110881,0.10314947209805415
110884,0.07200945306347128
110886,0.034037787208853997
110888,0.031247620584610107
110891,0.03216568642432429
110894,0.015348329059979673
110896,0.0012377329204540661
110899,0.0650711317909492
110900,0.10863102224097367
110901,0.0038829316539767175
110902,0.03354729543683003
110903,0.004983868557263719
110904,0.01075766800715798
110905,0.01889317534853327
110911,0.006408327172410851
110912,0.0053240222752174
110913,0.017003256456597164
110915,0.06879885832867169
110916,0.020320353708123337
110917,0.07470635666747054
110918,0.02644019992929724
110919,0.013441136151778391
110920,0.004686789943939128
110921,0.0024740936693313366
110922,2.440861590456985e-07
110926,0.007568090982020415
110927,0.018233953517950086
110928,0.0167714684762061
110932,0.0018412817837203902
110934,0.026540973982640288
110939,0.04402456573477674
110941,0.008028866420520885
110943,0.0014908887852529353
110944,0.001912939072009632
110946,3.310112420612923e-06
110947,0.012811272819122674
110948,0.0036532777367789438
110950,0.02714406748295622
110952,0.043729142338807855
110956,0.01521617654042774
110958,0.003068840458480587
110959,0.013304978444133597
110962,0.0014495814856875105
110963,0.018052224324887445
110964,0.12057059085680323
110965,0.0040315824017464206
110967,0.0005525852101898724
110969,9.219740561774946e-05
110971,0.003486282309491565
110973,0.008102372514697226
110974,0.004451145412283875
110975,0.004591368980405092
110978,0.029763612804172872
110979,0.058238842501103255
110980,0.053319510445670584
110982,0.015442535299437832
110983,0.03579283092794365
110985,0.0033133183711144486
110986,0.0006688652003518316
110987,0.004651879278380202
110988,0.019766715642898357
110989,0.022474939304163628
110990,0.0021347104608596627
110992,0.006134548899584502
110993,0.010742453877840352
110995,0.03881767889698216
110996,0.040859228342644466
110997,0.044153075719394204
111000,0.008753997396129969
111001,0.002614171905140959
111002,0.07751814075085653
111003,0.002367716466525409
111004,0.005249247390679528
111007,0.12106154013337499
111008,0.0001640780638425417
111010,0.00025176837291114633
111011,5.138038053406084e-06
111018,0.00494203938736231
111019,0.004688433294539437
111021,0.0028890180795948317
111022,0.017826692885326595
111024,0.0056403809643375555
111025,0.12574536018892504
111028,0.004001815069371478
111030,0.019410314934774103
111033,0.018815763961937494
111035,0.026149854041396043
111036,0.07056685830564137
111037,0.03891065381394175
111038,0.0023359181165557475
111040,0.001125480109233033
111048,0.10687012923786947
111049,0.02219379125102373
111050,0.005950488093371475
111051,0.0031554000254329865
111052,0.05911148678534105
111053,0.009552809347616341
111054,0.004192494603575145
111055,0.012731024819103666
111056,0.0017929473490630142
111057,0.004341256783479112
111058,0.27392965832435673
111061,0.004577386618759448
111062,0.0007997100013661895
111064,0.004926805024081805
111067,0.04032805395716808
111069,0.00417508473195629
111070,0.0162288741496314
111071,0.005355822731095039
111073,0.0038450289428990196
111076,0.016036170653195268
111077,0.0021777481304505074
111079,0.016931949863337382
111081,0.003045168741510124
111083,0.0010816694371483012
111086,0.019376812045606397
111094,7.162711391597652e-05
111095,0.0023005971852195443
111098,0.01704196582990352
111101,4.624715671035312e-05
111102,0.004167868491534991
111103,0.018313221236013213
111105,0.00822080929141061
111116,0.0017945937476091037
111117,0.0030048843152288506
111118,0.005674038360848674
111119,0.01245643446713144
111120,0.002779243138368164
111121,0.023717226874744007
111122,0.02430457907202589
111123,0.05453977274934631
111124,0.002825249045173956
111127,0.026178328722986303
111128,0.032160118202520245
111130,0.060524242259449725
111132,0.03521653995353999
111134,0.18133836117812802
111135,0.012743728159335185
111139,0.004473141588643382
111141,0.003844246809953685
111142,0.018052224324887445
111143,0.0049263550126709505
111147,0.08088219580182715
111150,0.02947361967203134
111152,0.050710332461348526
111157,0.0065771619016255995
111158,0.04777469563601156
111161,0.03289536998502705
111166,0.003997009478368437
111168,0.017870211279133782
111170,0.0036425659205141753
111171,0.029222917308860508
111172,0.005674355794161039
111173,0.0034963057839979793
111176,0.2535387413459374
111178,0.002469890960625761
111180,0.016615175407509106
111182,0.0008138709082202218
111184,0.14525324126090255
111185,0.024540820166407493
111189,0.005837581689909656
111190,0.010804023739739078
111191,0.0035109397147339992
111192,5.3918770252753114e-05
111195,2.7367155689219913e-05
111196,0.0032370935424294437
111197,0.015155984718407144
111198,0.003448382678436759
111200,0.0013647506311487208
111201,0.1269757693118045
111205,0.0024442746837026927
111206,0.0027660551157165023
111207,0.0048644115527161315
111208,0.01733949053903793
111209,0.010047450745302217
111210,0.0002502825713530976
111214,0.0031069690539092427
111215,0.004034962568864494
111218,0.01410579598106037
111219,0.004733232097514342
111221,0.10233754417387178
111222,0.008601326532796962
111223,0.003884163833177232
111225,0.08690814805655746
111228,0.05137559487448929
111230,0.009992261759285487
111231,0.004857279318377443
111239,0.004521399391877203
111244,0.010156722898150719
111248,0.007579213456918596
111251,0.10044420697974284
111252,0.04767559556313322
111253,0.02860362989069557
111255,0.0017798696138083448
111257,0.014331095441603927
111259,0.0038112895202371466
111260,0.02700273792881898
111262,0.04667449909442542
111267,0.003036383975966692
111269,0.04522858626620773
111270,0.006702018251980288
111273,0.03890372135296917
111274,0.003036524963495455
111275,0.03765957263516768
111276,0.00556799555334907
111280,3.3063301099353985e-05
111282,0.0034560184752557665
111283,0.05637424629886591
111287,0.024482489988182067
111289,0.06276512968333631
111291,0.053898431412519356
111292,0.008505463947772544
111293,0.02757123616568602
111294,0.00026231434279691
111295,0.00024019414086311083
111300,4.0707593232656216e-08
111301,0.017609032398351494
111302,0.05164007824822273
111304,0.1405174941882853
111306,0.11823128744318352
111307,0.004137475796648201
111308,0.004614695837815949
111309,0.003939018154276508
111310,0.001047512961903569
111312,0.003036598696879222
111313,0.00633349297844237
111314,0.011699998294482667
111316,0.01688025931053171
111317,0.012759149910324447
111318,0.0039342816190320335
111319,0.031572634200480475
111320,0.04832813062420741
111322,1.220676896486885e-09
111323,0.0010981432879528662
111324,0.0819098206232947
111325,0.017421232367992246
111326,0.0173966033904838
111327,1.8718920379844017e-05
111328,0.033447827225591614
111329,0.01459585508297744
111330,0.004057817455969174
111332,0.011077155467627673
111338,0.010374590139632612
111339,0.002753154109837023
111342,0.0050480502311321595
111343,1.2813660108554602e-06
111346,0.04674277923365876
111347,0.024375385312385704
111348,0.012566793977855125
111353,0.041403155425542175
111355,0.12331223760120319
111356,0.01456480759903185
111359,0.0025737064334814246
111360,0.028415987449995867
111361,0.012661246245375308
111362,0.022670454179113158
111364,0.11156696943022214
111365,0.1560926396701785
111367,0.0035824790118772153
111368,0.003036598696879222
111371,0.0022115508245857205
111372,0.004606051784413968
111373,0.009911523680031212
111375,0.07898830758437264
111378,0.004500174910851593
111379,0.0033783336778897
111383,0.005918314233380754
111384,0.017229069423723348
111385,0.004121725159597517
111388,0.07523176847074299
111394,0.009510268153957474
111395,0.0034120512141060043
111396,0.0029862764150018974
111397,0.0696723560513462
111398,0.0038527055110800946
111399,0.00011663654462634123
111400,0.0393455174493897
111401,0.003335986078693436
111402,0.003414394354229581
111403,0.0015088299816079984
111404,0.003677810245076376
111405,0.008670417506870982
111409,0.035293359887868275
111411,0.014941860145915085
111412,0.013694049465812236
111413,0.018803834590426848
111418,0.004953520871003357
111419,0.003717653791349673
111421,0.00822343093239974
111426,0.004180133551087198
111427,0.060257836382951506
111428,0.0038173241864633083
111430,0.005406417190555454
111431,0.050921256610866064
111432,0.17134450683013508
111435,0.005377972155676015
111436,0.021586230572168782
111437,0.003601764755135645
111440,0.0036947249134658537
111441,0.00044058907270279546
111443,0.001769091447408913
111447,0.03539005241825778
111448,0.0004515134753278709
111449,0.012188174687402659
111452,0.01623145460248655
111453,0.002184578458794083
111454,0.0026502472397939548
111455,0.020607128085141698
111456,0.023812902976105776
111457,0.0037758944771840055
111458,0.0037897080062683796
111459,0.00701840222866547
111460,0.03819051116584202
111461,0.003462452506037705
111462,0.14166426859092365
111465,0.018052224324887445
111468,0.0042740399058505294
111471,0.03238712872010435
111472,0.035634872865855045
111474,0.0034138418891680707
111475,0.0020625459458181433
111478,0.004240478243125538
111480,0.036882628354953075
111481,0.00270398356724124
111482,0.0017526371518064238
111483,0.002635243869273977
111485,0.020607128085141698
111489,0.006586544127525405
111490,0.004046515707138836
111491,0.004596599502766184
111493,0.023748635059427654
111497,0.11437548321139372
111508,0.012513594157955705
111509,0.015566311590609328
111510,0.004401679803141704
111516,0.1326224367348572
111517,0.050251888926462165
111519,0.037757346027838534
111520,0.032696536863400225
111522,0.00904507785656661
111523,6.658393593759496e-05
111524,0.005293962510691362
111526,0.0060618990633265245
111529,0.001754107568268703
111530,0.03192911092039165
111539,4.247748173683561e-05
111541,0.02290287997311054
111546,0.040482211094431085
111547,0.0036733114541456203
111549,0.02659964966406127
111551,0.00440204775767823
111552,0.017300952557917453
111554,0.10942827096562337
111556,0.030159080175571475
111557,0.01013598071010083
111558,0.0019130704143172095
111559,0.00189708312362223
111560,9.792233699794262e-05
111562,0.0058253975810658425
111564,0.0038817377035037922
111566,0.1433399341817451
111567,0.0001265279351771825
111569,4.484973552267945e-05
111573,0.04534721240635731
111574,0.005302247224065706
111578,0.007916532585460457
111580,0.00280759142918581
111582,0.00235232121365179
111583,0.00013403035607070655
111584,0.008721469142380063
111586,0.0009957666920761827
111587,0.00419937434258187
111590,0.0010859162525291087
111591,0.005067691222525861
111592,0.007955425605339116
111593,0.07587139429339126
111595,0.024822935419988014
111598,0.032336645890135185
111604,0.0007987389486492842
111605,0.026490393155884886
111606,0.009371059713719408
111607,0.05438711051376773
111609,0.0413343290406977
111611,0.007339362277226076
111612,0.0001984823560075485
111613,0.0033538798011503237
111614,0.0036426936541505573
111617,0.01402876984151763
111620,0.0020762124760060193
111623,0.09908443858385899
111626,0.0028882468224876354
111629,0.025653881082341876
111631,8.511015940986654e-05
111639,0.04999910293910993
111641,0.002659107905994187
111643,0.005673979571539589
111644,0.028307537063993513
111647,0.007132158338326657
111651,0.00343977227191507
111653,0.035458378848871916
111657,0.004426795433810942
111660,0.007692231442356185
111661,0.0037234120023913976
111662,0.0020718700109820915
111663,0.02579452154579778
111664,0.006691205317330769
111665,0.011842388758033767
111666,0.009876123208557158
111667,0.06603280713030152
111668,0.005789931694957768
111670,0.0033495496397373723
111672,0.0019985739308425845
111673,0.031456695525380274
111674,0.020456960447239197
111676,0.015884279757964276
111678,0.004923187037406795
111679,0.007058920809859801
111681,0.0038572147629248586
111682,0.07032162154495557
111683,0.0026485357287480676
111684,0.00043619153947366675
111685,0.0029204412826845526
111686,0.020986341982265958
111687,0.0036962621180059423
111688,0.018052224324887445
111690,0.010964996232703927
111694,0.03216325438912851
111695,0.12341423675490845
111697,0.001136063402546719
111701,0.1506759613928774
111703,0.004545913526260985
111704,0.003450806646004802
111707,0.1306621106859086
111712,0.006125799005187861
111714,0.012375645883251721
111715,0.03125973323777169
111716,0.036565737153873575
111717,0.028610333046204382
111718,0.005674167679749958
111720,0.08309912536672111
111721,0.0030314087816256862
111722,0.005382259635784665
111724,0.004976244282560524
111725,0.06853190697948368
111728,0.0031849066305239364
111731,0.0053494910492587555
111732,0.001290861396226284
111734,0.017048707877149585
111736,0.06455883390454348
111739,0.0016519679323199793
111740,0.05287345105868817
111741,0.0060626836303332605
111744,0.0049514716689239595
111746,0.13961478639602773
111748,0.00433762106145454
111749,0.10226389886504228
111754,0.004074936384341736
111757,0.0040478223944037574
111759,0.0021141482962443005
111760,0.021994773658478413
111761,0.025293677489981074
111762,0.014967124697902028
111768,0.0066393265223965246
111769,0.004091892855139705
111770,0.1298564865074555
111772,0.12801292912023457
111773,0.11346773193352477
111774,0.0033887485171012525
111775,0.02624120008263077
111777,0.08080787822590939
111778,0.0013880948221303932
111780,0.012079428237390867
111781,0.018716728437354457
111782,0.028965542009370335
111786,0.09898997155454642
111788,0.005635387354920123
111790,0.020988001261487046
111792,0.021602351246517687
111794,0.004651322686637496
111795,0.015123581178693331
111796,0.009874476381713584
111798,0.004838484991858704
111801,0.05495926570041356
111803,0.12572271236476587
111805,0.028817470112250634
111806,0.002861021980473657
111807,0.00029440276339811006
111809,0.03269277741893185
111811,0.0036816935036363377
111812,0.003462452506037705
111815,0.00425141908371844
111816,0.001362075311550172
111821,0.004831907751754099
111823,0.08972539352168692
111824,0.004677895950289891
111825,0.0032239889415759315
111826,0.029391253170524413
111827,0.002649613624067842
111828,0.016246347134286986
111829,0.00527977139819145
111830,0.007246274257073937
111831,0.016926844733883527
111832,0.03768454262176199
111835,0.014298211668110869
111836,0.018351911655044045
111839,0.007945758016109182
111840,0.022323221423198935
111841,0.0035789938413582413
111842,0.0019170172184578187
111844,0.002287571688574182
111845,0.003114476970272717
111848,0.019094668883991896
111849,0.0023731121880757136
111850,0.08314388301377591
111851,0.018052224324887445
111852,0.021509929099900373
111853,0.10490313470161726
111855,0.006379248613326827
111856,0.008730332456418872
111858,0.018052224324887445
111859,0.018052224324887445
111860,0.006927751757593277
111862,0.1895577392097536
111864,0.014135943109522316
111866,0.031712912830163385
111869,0.005239996454427463
111870,0.00287788607904285
111872,0.0414952091424919
111873,0.2573649413040879
111875,0.007059252398509578
111877,0.07001352843782074
111880,0.008820221194445458
111882,0.004500061182186564
111883,0.10579732084663059
111884,0.1309561075249084
111885,0.004220825211154963
111886,0.022602748659602743
111887,9.221845490177757e-05
111888,0.002976062899720524
111890,0.002693214248683929
111893,0.0034512105194823657
111898,0.030289784857354753
111901,0.024584281246568213
111903,0.016503862703636307
111904,0.060324399245249224
111907,0.1296063564146275
111908,0.045132464843918904
111909,0.13104389695522312
111912,0.026581106804747685
111914,0.0072646173583610345
111915,0.00644200971790819
111918,0.0034012415143429963
111922,0.02973164920564789
111923,0.026272408477920346
111924,2.145855750861013e-05
111925,0.026665274292483634
111926,2.994232563609757e-06
111930,0.017816977373743294
111931,1.1415902514777076e-09
111934,0.004424901708081665
111935,0.007167609039289896
111938,0.010387883444617071
111941,0.12344149752586316
111945,0.21918242736818006
111951,0.005447726285523728
111952,0.01172945775468471
111955,0.020577506033149593
111958,0.018052224324887445
111959,0.04664614228802089
111962,0.0049809541593090955
111963,0.02107740324229269
111966,0.003298163495339053
111968,0.0008012144971646262
111969,0.003444356942816403
111978,0.012613315647830279
111980,0.09298796953686153
111985,0.01496558855884033
111986,0.030928283997739815
111988,0.01846811221238711
111990,0.005525122249422408
111994,0.020310907410995553
111995,0.015080709195108635
111997,0.04202393174417192
112000,0.003214405072350027
112001,0.011940667502057554
112002,0.013110542725235834
112006,0.07241846726431773
112007,0.05809398689742506
112010,0.003098432229938151
112011,0.035891440293418904
112015,0.018052224324887445
112016,0.026665274292483634
112017,0.02028366735023906
112019,0.0021375712938193226
112023,0.05794281273208442
112027,0.0037628797391128697
112033,0.0034622416633787443
112035,0.016501950925200508
112037,0.11649891705690775
112038,0.0012538146689742363
112039,0.017237637876611724
112040,0.007206923575902451
112041,0.08034535086216131
112043,0.0011640744083016448
112044,0.08021191983541759
112046,0.002847775073034309
112050,0.004238688660144617
112053,0.06211553374597256
112055,0.0029031771159534017
112056,0.006004468612551706
112062,0.01686977512482389
112063,0.003912286529174886
112065,0.061563624524471915
112066,0.02326968758073744
112070,0.02269100286351852
112071,0.020057881182518347
112072,0.05906257135014061
112074,0.018052224324887445
112075,0.018959509925671213
112077,0.03699167038800388
112081,0.022166679433254694
112082,0.020477410471632717
112083,0.0005016051876657603
112085,0.004835952682333959
112086,0.021903714897640196
112088,0.018052224324887445
112090,0.046340844434969414
112093,0.0029296473701873457
112094,0.003799087201323423
112095,0.005994595618269829
112100,0.0003242580469351944
112101,0.1251214426463575
112103,0.035541920266395015
112104,0.006025378997337133
112106,0.0038630885297615495
112107,0.003395207430131113
112110,0.00211551725905182
112111,0.002273140338664703
112112,0.0225898720326791
112114,0.010635353313352964
112115,0.017739377048645824
112119,0.005846793838588329
112121,0.13454941138008653
112122,0.003291032820754385
112124,0.027976565699535796
112125,0.0009158798972513876
112127,0.030085600888462655
112131,0.03411483759046264
112133,0.04669004558957122
112138,0.015487160768195172
112139,0.007887760629298312
112142,0.006635850973290619
112143,0.0024807035131908296
112145,0.0003460719276276336
112147,0.01203581517442891
112148,0.03673808411662109
112150,0.0010586444994629893
112151,0.014104555601214317
112152,0.006368751329875748
112154,0.00018390363507538824
112155,0.050251888926462165
112159,6.668787438001485e-06
112162,0.0034623817225153367
112165,0.006333951144560961
112166,0.003112087712391221
112169,0.09868558611222535
112170,0.015926626535639875
112171,0.05125817341641361
112172,0.05420765152663616
112173,0.0037759325516396234
112174,0.010749948370758452
112177,0.0032683009148551357
112179,0.009137469342209057
112181,0.12870136568772494
112183,0.00224310080652278
112188,0.0037328949256714853
112189,0.01336469460637582
112192,0.0133850684553401
112195,0.0038011110604156437
112196,0.003462303106782492
112198,0.001366112979797013
112199,0.0038827531528463385
112202,0.1538737426661295
112206,0.006124986932159463
112207,0.003943858946798801
112208,3.356221917210149e-06
112212,0.029577359486026914
112213,0.04215225857716676
112215,0.14768920874027266
112216,0.027607506247836176
112217,0.002951860984770989
112218,0.03811766450084731
112220,0.008727201926161004
112222,0.09596894535106172
112224,0.006461093851745151
112225,0.030204208601476806
112228,0.015832989615899424
112229,0.11182845736479817
112230,0.10337205774713366
112233,0.007847617820281469
112235,0.0058467662506762694
112237,0.007834957715640998
112238,0.004231894337197266
112240,0.03065317520576359
112245,0.0038155577840774143
112249,0.005097265211036046
112250,0.007380508861514254
112251,0.005294630899779215
112255,0.00361991649859365
112258,0.0036939315624363333
112261,0.004160107144302052
112262,0.024760199021331784
112268,0.0061790852259149655
112269,0.003626684724737172
112270,0.0004672913334383435
112272,0.004042947602457619
112273,0.18236726021623448
112274,0.00696988546688172
112277,0.020119791093031282
112278,0.00449996712343785
112279,0.012567641234602224
112280,0.023497726269260978
112283,0.002512144170883679
112284,0.0027208391407709948
112286,0.02308960602852609
112289,0.02052766266904056
112290,0.024929944135365437
112291,0.004065263392080746
112297,0.018732934548289663
112298,0.004377794045165129
112299,0.0026681571594149717
112301,0.003237488243149458
112302,0.005322325415323256
112304,0.012528721594455517
112305,0.0037266152259502025
112306,0.021561995603076672
112307,0.003180440442787877
112310,0.04017280865298842
112311,0.021987753651473697
112313,0.022662080686039695
112314,0.005459304332466899
112315,0.0005251910148229419
112317,0.003404071686726696
112320,0.004335347860901397
112324,0.00529467213722095
112328,0.0006395397951944721
112329,0.005151377945039478
112330,0.00690594667482147
112331,0.06906515183442416
112335,0.005943807891735037
112336,0.02755465780036851
112337,0.11265111047402776
112338,0.026012791571083542
112342,0.025738174223074155
112343,0.030293514459169363
112344,0.04890325475261473
112352,0.003186756254971097
112353,0.007540261462629068
112354,0.003916005873357523
112356,0.11943742991834456
112358,0.004220925154006181
112359,0.003865717740921503
112360,0.0032723039481499885
112361,0.008422394239416963
112362,0.00016822838892978053
112366,3.9919525328635626e-11
112367,0.006517186540208538
112368,0.0022918877488770167
112371,0.0056744058077524955
112372,9.435207634723784e-05
112376,0.02650248538038546
112377,0.07019159868375197
112381,0.00774518793158958
112383,0.019113162235282973
112385,0.10243113038381561
112386,0.021831687169755302
112392,0.010929564618732885
112397,0.0023006045711055946
112398,0.042755522540100406
112399,0.003461028494508307
112400,0.006983453147493591
112403,0.011730728431360237
112404,0.010021388960375964
112406,0.0349664317863772
112407,0.004766572575232316
112413,0.07824967750576385
112414,0.005652159391724717
112415,0.0022361424197578812
112416,0.0024898523699531596
112421,0.0024021619174712746
112422,0.01755716076569946
112425,0.012493308854875809
112428,0.01354920724863125
112430,0.0008346516222670279
112432,0.04336163413437645
112433,0.0034445057877575745
112434,0.02557883080938059
112435,0.07394166469624609
112437,0.005211181419924493
112438,0.02751709070545375
112439,0.0023434954653271797
112440,0.0022078394321568937
112441,9.899648475848111e-10
112443,0.0038657742829234973
112445,0.013008516047029434
112449,0.016430612571255353
112453,0.0028867119494729167
112458,0.02286817216872861
112461,0.0057995236913978825
112463,0.13248134514769974
112464,0.002524768926256866
112465,0.014477939698916815
112467,0.0034622564208326607
112469,0.029567829838446646
112472,1.19443954489186e-09
112473,0.0019265420138436056
112475,0.05117409332737248
112477,0.022686423810741478
112480,0.07107624344487715
112481,0.0009944767556716062
112482,0.02386475585142438
112483,0.04393742904247645
112485,0.0010812707037820214
112487,0.05126263357487952
112488,0.0033550585848728586
112489,0.0016254743077942246
112492,0.003295299196040737
112494,0.0019592085344223385
112496,0.005849760407737486
112497,0.00596146892153681
112498,0.018097063784469347
112499,0.002792961015800964
112501,0.05869877342078467
112503,0.008775496098751577
112505,0.008355459501200257
112510,0.0073188106659311655
112511,0.0369202752262297
112513,0.007548327171464023
112516,0.031599612456043265
112517,0.14471004086823494
112518,0.081432492820739
112519,0.010279042057624156
112521,0.009981803332902056
112523,0.0048916415829949045
112526,0.013839021307926623
112527,0.009195541802030454
112528,0.019213709525042387
112529,0.047948847701601495
112531,0.04374783912641772
112532,0.0046804497527536655
112536,0.001272589600979477
112541,0.014542033294403112
112545,0.008133373193573365
112548,0.06845077261234464
112551,0.0942102043137255
112552,0.011058091724575104
112553,0.00278891243407365
112559,0.0022919794704108726
112564,0.003278333236022325
112569,0.010040557670188724
112570,0.021476231566111968
112572,0.003034941173124961
112573,2.1694493666473883e-05
112575,0.005050115767662306
112576,0.0030162765883928982
112577,0.004164721239591236
112578,0.1459842360979239
112579,0.002437925956597751
112580,0.002622221087791434
112581,0.005936263101193429
112583,0.014785206457593906
112585,0.018052224324887445
112589,0.005066338114024662
112595,0.1458003365488236
112596,0.07185999273935226
112597,0.0101801952192118
112599,0.024913643121362336
112602,0.02654561447656743
112603,0.004709722354760971
112606,0.0038827062273182294
112609,0.007624298862596756
112611,0.0014034023703486539
112614,0.006171495178634112
112616,0.005100300649383378
112617,0.06598392741915798
112621,0.03340969725865897
112626,0.02264319806826733
112627,0.03768211428821412
112628,0.004464952519375567
112629,0.05210527168811607
112630,0.004881698738849349
112632,0.003004105342005674
112634,0.00792294082136528
112636,0.004144572871569681
112643,0.0009132630340296143
112645,0.006567737302164368
112646,0.016786463447316304
112647,0.043472378538388784
112648,0.13380886214454785
112650,0.0034609051992505174
112651,0.0393455174493897
112652,0.13382700499942235
112653,0.004519236925536785
112655,0.058734790534707794
112658,0.0030648612247106363
112663,0.01131868139623285
112664,0.008369728203677602
112665,0.0365448281706523
112667,0.13237066554351984
112668,0.12311205865776939
112669,0.0038220194568481763
112674,4.127623955085093e-05
112675,0.0075854267693222545
112677,0.005674370492400495
112680,0.11951156950955807
112682,0.008476154485136594
112683,0.020917491027266276
112684,0.027980025646870858
112685,0.002094726711573839
112686,0.019113519435916076
112687,0.0020244726523784393
112689,0.00688951466528966
112691,1.646516501584382e-05
112694,0.00077218606371785
112695,0.005874032835669084
112696,0.0038549636612910734
112698,0.003480758548414181
112699,0.005727007326010614
112700,0.0046065320368015965
112703,0.006687980048692273
112710,0.030059646132613846
112711,0.00563222300556163
112712,0.00541640144974137
112713,0.03292116049246796
112715,0.010153974604397278
112716,0.02831248820874719
112719,0.003964240489521427
112720,0.13337310878422604
112723,0.027847241048167926
112724,0.003063788824448641
112726,0.0032371265375018363
112727,0.05396387730986608
112729,0.0047791153900521455
112730,0.030083525829932404
112731,0.0278719927887672
112732,0.016635065001298875
112734,0.005769617273905532
112737,0.014715868501661998
112739,0.09589351891616829
112743,0.003750780425412418
112744,0.10322852860024893
112745,0.01757910643017894
112747,0.016480574564623807
112748,0.010461997060040749
112752,0.00021466450733833718
112753,0.004622974201861844
112754,0.010866969722753453
112755,0.002869743395587388
112756,0.0022823190465661473
112759,0.03974256698719279
112761,4.573809994660619e-07
112762,0.0057068270436481435
112763,0.0165826549771543
112764,0.0065829893621136655
112766,0.007163713477555179
112767,0.11468445873145988
112771,0.008220578497020833
112773,0.001056382118435025
112774,0.0037355696354648997
112776,0.003347444706084189
112780,0.0483642928397923
112782,0.003806900190895012
112785,0.011816134666152061
112788,0.006421920815783918
112792,0.012292113919334418
112795,0.005082169074617296
112800,0.1256157400456841
112803,3.1070430926192806e-05
112809,0.0059953538982699195
112812,0.006968204365567705
112813,0.0754274344691805
112820,0.0022496576444404077
112821,0.02060267862199075
112824,0.02183876558444206
112826,0.14168358285649796
112827,0.0030363740656341666
112829,0.007635057777781086
112832,0.003155240733890084
112836,0.005039327285219825
112838,0.007053933169136467
112839,0.0286113394748699
112840,0.005219250484083874
112841,0.10601379658325072
112842,0.0038374981537233426
112843,0.020491656868557463
112846,0.13864724369465667
112847,0.0029862685117874118
112850,0.10290395344653931
112851,0.008281992847152652
112854,0.039397046933444264
112855,0.08054367510098588
112856,0.02086351014786055
112857,0.029749603817193635
112858,1.3329701464129756e-09
112859,0.006784040941877396
112861,0.08811976191686642
112864,0.02453460714053369
112865,0.004871706535944262
112866,0.000418479525252423
112867,0.09307586629649833
112869,0.008877085154718386
112870,0.0002076213271495485
112871,0.008949419123944095
112872,0.13355921924138323
112873,0.005526092988183879
112874,2.58839662138544e-05
112875,0.004413525339036362
112878,0.006487746876935605
112880,0.011247637816041914
112881,0.0021397184953902606
112882,0.05873599528025063
112889,0.009721380005341972
112890,0.029668798192962254
112892,0.2509265634327551
112894,0.09626943538396805
112900,0.06370568047647619
112903,0.005434477036802136
112905,0.027776096765114347
112909,0.0002226046164481594
112912,0.04656836178358322
112913,0.027899850719276004
112914,0.03920850325213774
112916,0.002385860073646996
112918,0.0018628477403380497
112921,0.03954294349674124
112922,0.004841138301613436
112923,0.00767425083062873
112926,0.0024116266877091206
112927,0.004155524826113543
112928,0.0007677191006756628
112929,0.03758780879198666
112930,0.025319599612135417
112932,0.00468266579138989
112933,0.00431644321402177
112934,0.2489533459871486
112935,0.007873487798174157
112936,0.11488474184818287
112937,0.02714406748295622
112938,0.003904955776583188
112939,0.003705607280857157
112940,0.0034622564208326607
112946,0.020420344958278765
112947,0.008682797533553688
112949,0.003928431646313602
112950,0.006800577548703032
112951,0.024798854247374408
112953,0.005160660317064536
112959,0.00913396366284877
112960,0.139286793004709
112961,0.006320306556171701
112962,0.01969067031108288
112963,0.001332733209393465
112964,0.008553170300751489
112965,0.0034828513907163095
112968,0.001061616585604921
112969,0.007820474211872944
112971,0.04533719915097664
112973,0.00212406775319606
112975,0.0192487649833472
112980,0.022869182644140038
112981,0.01458205206049926
112982,0.05997833987758165
112984,0.10237144314528047
112987,0.001737739960353743
112990,0.005557914945338213
112991,0.0005953306787446321
112992,0.007069968115226618
112995,0.1019136031462462
112997,0.00862687704569567
112998,0.0061918700486287975
112999,0.0034807746307895615
113000,0.05816236945430659
113003,0.00423428649467466
113004,0.0037916321758348017
113006,0.008514889177449404
113009,0.13541263152048771
113010,0.0741777227703507
113011,0.00646662284889934
113013,0.013052710179176918
113017,0.047057070399838405
113018,0.11124123768559825
113019,0.04098040515663129
113021,0.0035141182560018327
113023,0.26044226178331226
113024,0.0063381170146558
113025,0.026665274292483634
113026,0.015285601051370072
113030,0.01371642181821678
113032,0.13417476143717122
113036,1.500495856599313e-08
113038,0.006343081508965585
113041,0.0034713901447150156
113043,0.028605895770800603
113044,0.02897310117287755
113047,0.029601738928172198
113052,0.012643015395362433
113054,0.0037224088898552775
113057,0.018052224324887445
113059,0.007026989985039811
113061,0.17351266683373798
113065,0.003031024405254425
113066,0.00294471219842654
113067,0.04988909262590645
113069,0.0094594145129997
113071,0.005390487091260953
113072,0.04060494466715609
113075,0.10785462192006216
113076,0.15193262073965516
113078,0.002986232319508815
113079,0.010287952990075757
113080,0.050759798593449965
113081,0.013064294766538528
113082,0.010989847017801561
113087,0.04383235155715825
113091,0.006615351649984864
113094,0.003150719189476925
113096,0.016034957178470203
113098,0.02316505703162196
113101,0.13161928767970077
113105,0.014981039806269268
113106,0.017319216995779887
113108,0.03735235125563181
113111,0.10602340752452194
113112,0.008317272303717297
113113,0.0029189449821776015
113114,0.009882722322644371
113115,0.0038065220540571035
113116,0.008132204201055421
113119,0.015578617370080603
113120,0.1035624504359576
113124,0.0018180201544522679
113125,0.0935827146738133
113126,0.002920197703847432
113129,0.002458850093135989
113131,0.019830213914700086
113134,0.0026344561731464293
113136,0.021584567045832732
113150,0.22192261186823192
113153,0.13859907300036386
113154,0.00666377797632459
113156,0.027353957691674487
113157,0.009219978434337039
113159,0.13554801338437947
113160,0.002315209026249926
113161,0.0007331139330089278
113162,3.0930231384519735e-06
113164,0.0025919570915702364
113165,0.0036819911106730535
113166,0.011758440869726938
113167,0.03441451729930626
113170,0.005408865333891699
113173,0.010974623414995614
113174,0.07200686095008112
113175,0.0036813415828096403
113176,0.006045980780922462
113177,0.0021223999241498878
113179,0.018052224324887445
113184,0.002932623486150315
113188,0.03669245500716372
113191,0.02488963205380809
113192,0.010738441813343083
113193,0.014837863671234023
113196,0.0038554250529352074
113197,0.006642291997082124
113199,0.04998001993442679
113200,0.0041995425389569725
113202,0.0018333900062803598
113204,0.0037739029901261104
113207,0.00017932410102700113
113209,0.0037092532564776902
113210,0.010334050662559883
113211,0.007448994733598983
113212,0.0004421052444372128
113213,0.005597097270533634
113214,0.013556391860976435
113218,0.037749621597375084
113220,0.002889571814855033
113225,0.00433354886461586
113226,0.020607128085141698
113227,0.026665274292483634
113229,0.008935044918911488
113232,0.031376328595026766
113233,0.0032370935424294437
113235,0.004054099532372433
113240,0.002165834782068579
113242,0.026462518431200597
113243,0.006331701337485539
113245,0.039005999723941275
113247,0.00023404919614816792
113248,0.017131679641392998
113250,0.019508991147260703
113252,0.02374741681053496
113255,0.01012510623230361
113256,0.003314922828377241
113257,0.057674394558136985
113258,0.0022393015727434204
113260,0.0236653289227779
113261,0.014698844990552854
113263,0.009549438797024861
113264,0.06821932706128019
113265,0.016117534203077103
113266,0.0027017270922352664
113270,0.021414524735654073
113273,0.004813651803197888
113277,0.14365287575648814
113278,0.0901439414077686
113281,0.009004691474075517
113282,0.004517403953808606
113286,0.002256797240074237
113290,0.010560767806946385
113293,0.09868288678761547
113295,0.02955238229915784
113302,0.011334722598816313
113306,4.5744419785541114e-05
113307,0.0025570773686264757
113310,0.003036524963495455
113311,0.003677764097762029
113312,0.002002174555690907
113317,0.023319248804034482
113319,0.010491297657839512
113322,0.00010063412499719825
113323,0.003017297803905855
113324,0.03261207398843663
113325,0.0035891014435433066
113326,0.0011921329762630873
113327,0.031464139493412084
113329,0.003447018361292969
113332,0.004793791468324077
113335,0.015449363456628765
113338,0.013506002275158312
113340,0.023906869921885694
113342,0.035431281472559376
113344,0.032937218730522626
113347,0.0030305518503722303
113350,0.006403007250914045
113354,0.1160887090061014
113358,0.0029938960494756647
113360,0.026665274292483634
113361,0.059259555044219106
113362,0.021559496525416187
113363,0.07868358644348522
113366,2.929990071466498e-06
113369,0.09734980030340203
113372,0.00039067681395517633
113373,0.004925902033627463
113376,0.0024262844270988623
113378,0.0016435004867892333
113380,0.0897275148189218
113381,3.7218290909331385e-06
113382,0.004196552739020657
113383,0.007110581756965468
113384,0.022507771056947793
113385,0.0024028206308471774
113386,0.01848348003252526
113388,0.05176829074893458
113390,1.1451808096804888e-05
113395,0.004123068075001865
113399,0.0014395752305670828
113400,0.0034729308673408696
113401,0.009507201361655764
113402,0.00741255419534456
113403,0.10323397815349193
113404,0.02174102435253089
113405,0.00017746204874587992
113408,4.766125342986511e-06
113410,7.29636996679785e-06
113413,0.029240473320068627
113415,0.0033438207015473167
113421,0.0094958031395518
113422,0.00013748315718952793
113423,0.0047856342897623205
113424,0.009114828507996301
113428,0.0360199506645765
113429,0.056608439596459496
113430,0.11628162803943182
113433,0.03152403165888378
113434,0.008384430734404941
113435,0.023402115866718476
113438,0.07245112348580364
113439,0.005758031220036009
113441,0.004610518311427486
113442,0.003724436832133083
113444,0.018052224324887445
113448,0.001586455210683144
113449,0.14452930989197058
113450,0.05273880746458106
113451,0.011499169277580283
113460,0.016796960362791356
113462,0.017410454777505014
113463,0.010650480491526289
113464,1.2615844941789679e-06
113465,0.005696342951983724
113467,0.0042338238817581945
113470,0.02133471424179322
113472,0.0028441786236940224
113473,0.031992360091747184
113475,0.005282410093848712
113476,0.00538750490387666
113479,0.023244087680288236
113481,0.01778408776903713
113483,0.009060511247387722
113485,0.006834862302027933
113489,0.061295287438749776
113491,0.03473027059722242
113494,0.05057600533244358
113498,0.016160906066320237
113499,0.12274005281674377
113500,0.001883665274127601
113504,0.006497550911004894
113505,0.0026430802223319978
113507,0.04587710712128497
113508,0.008089648683958445
113509,0.03442648363205811
113512,0.004961449900952829
113514,0.00042843220262371123
113515,0.008104591380144952
113516,0.132935190896259
113517,0.004347595313136569
113518,0.0018964232561640645
113521,0.041703342257221276
113524,0.03136632102892671
113529,0.10971648753308097
113530,0.003565044779087469
113531,2.197760085181028e-08
113532,0.0367288608596847
113536,0.1316500644927148
113537,0.0230681854142871
113540,0.026367049289275357
113544,0.1026321935405211
113548,0.08299684501025989
113549,0.030287896476019587
113554,0.09671597798635724
113555,0.04268289622843363
113556,0.004657320503700023
113557,0.023693075393082116
113559,0.010822466331336487
113563,0.15972910674963847
113565,0.007579386630997275
113566,0.0038363095374763117
113568,0.07219423578323265
113569,0.0031366043308496193
113570,0.005985607064430479
113571,0.0011270449242838023
113573,0.01008605515256887
113576,0.00370789053440101
113578,0.044904958855444536
113579,0.010559268129371597
113580,0.0016724725698582753
113582,9.819523312513075e-09
113584,0.004276908265393432
113585,2.1578001542365772e-05
113588,0.02120391796232018
113589,0.003122626680951917
113591,0.003947488667283578
113594,0.010819886142352601
113597,0.007006903100293917
113602,0.01204961642442769
113603,0.06565034737731959
113605,0.002771737072319025
113608,0.03327785420595028
113609,0.0012072174411471629
113612,0.003840815198944379
113617,0.24693259062724388
113618,0.04602424158431798
113619,0.009508959379356217
113622,0.0044308639512289005
113623,0.05059687108899815
113624,0.0050247878270368255
113625,0.005903125419428561
113627,0.11758625521340271
113628,0.003029445669477482
113629,0.04903235605592802
113632,0.005119230727509214
113634,0.011930313771135166
113635,0.06548522971709474
113637,6.871060256088052e-05
113639,0.02319503607415544
113641,0.0069229119532956155
113642,0.02957295735703694
113644,0.003309984164518746
113646,0.12248260838198163
113648,0.10941962615318979
113651,0.0020930844292730596
113652,0.03576252567064859
113653,0.019971513400886494
113654,0.019956838409407946
113656,0.0035767037182563655
113657,7.76636004756013e-05
113659,0.010626062588948082
113660,0.006835413899658768
113663,0.12239434818494202
113664,0.0032225649173774156
113665,0.003590088193583362
113666,0.0028668056053954
113667,0.004426863035584069
113668,0.00669891844076847
113670,0.0066406680886114434
113673,0.002994174428405382
113678,0.03258170813419945
113680,0.02016175622279339
113682,0.1399363764354458
113686,0.006416846941818069
113687,0.01048501081271724
113689,0.02378496980919335
113691,0.0029755175528626884
113692,0.0022706215932363576
113693,0.041525650360766185
113695,0.005418729634238303
113696,0.02130411690362199
113697,0.0056292016013393615
113698,0.006176463035227407
113699,0.006089302778184299
113700,0.023703754844215393
113702,0.025157158412935237
113703,0.003862696543659538
113704,0.024482489988182067
113706,0.038233792478343916
113707,0.0034165605731354257
113708,0.016225752624985736
113709,0.12417980392263123
113710,0.06516627898582104
113712,0.02234230079974954
113718,0.1420662399928593
113720,0.008436501031179851
113726,0.22526724889398128
113730,0.003500761865261374
113732,0.15253420574461596
113733,0.021848136020616218
113734,0.026689473541855784
113735,0.016749496670170425
113736,0.022476073704089487
113737,0.003036496949510424
113738,0.009749452064458004
113739,0.007495617386563702
113743,0.005058646085429401
113747,0.01836755611670652
113749,0.007146832865647897
113750,0.022870737322767117
113753,0.01452168511698061
113756,0.006227138113621252
113760,0.013178725542820003
113761,0.0014273231757228934
113762,0.004769193247343865
113765,0.007544221743716319
113768,0.03964163107589001
113769,0.03223939759157183
113770,0.033371692646978174
113774,2.9111889416176815e-08
113775,0.006411961838859193
113776,0.028012910795302704
113778,0.0008276141650311224
113779,0.01365012732524552
113780,0.018052224324887445
113783,0.003998241582043901
113786,0.026773031656027266
113787,0.006712555481135974
113794,0.03909301963347288
113795,0.01809043067269981
113797,0.14007957294687148
113800,0.00490981422105064
113801,0.05950612423655103
113802,0.03119982379488303
113803,0.02349433374542293
113806,0.004211289629014855
113807,0.0009705190823573028
113808,0.0007028164808371292
113809,0.022788388670902132
113810,0.0037855817137740725
113812,0.018052224324887445
113813,0.010404182725467014
113814,6.880550238906968e-05
113816,0.00740160133595965
113821,0.006847917572604691
113822,0.014210470236283529
113824,0.10789662141694831
113825,0.06526170785510417
113826,0.004417574502127494
113827,0.19173076907539283
113829,0.0034894933122634787
113831,0.13567429189942298
113832,0.046230091523234026
113835,0.06426957529777134
113836,0.03952737800800616
113837,0.008456997254296154
113838,0.02394329432471954
113841,0.007362254704535763
113844,0.020044802772331848
113846,0.06141874522442988
113851,0.006905698599051394
113855,0.0027976332524791182
113858,0.008259541393161705
113861,0.013145541332537881
113862,0.004752768377015865
113863,0.05596783697136359
113864,0.022898034280136727
113865,0.003541578148060054
113866,0.0989217118875528
113867,0.009070974827803998
113872,0.1395634638477411
113875,0.12444664794321356
113876,0.19900649647968546
113878,0.014385869157025536
113879,0.03764018631624336
113880,0.09242964859442845
113882,0.010552449043013976
113883,0.00784346215181181
113886,0.0018919356958111584
113888,0.037831337705381246
113892,8.46526505628183e-08
113893,0.0007767285174263866
113894,0.003632067342199281
113895,0.0028622216296987847
113896,2.9145916938892615e-05
113897,0.0029028790359695023
113898,0.018501660081873837
113902,0.043176494676754544
113904,0.032273878617440355
113907,9.768324853997366e-06
113908,0.0035705768352797666
113909,0.0024710980214621486
113912,0.02909132384052111
113913,0.0016407074701932645
113914,0.003731555746070248
113915,0.0002267717752820333
113916,0.020607128085141698
113917,0.12496412623846946
113918,0.010142252609787343
113922,0.008258946344890012
113925,0.023392807247624877
113926,0.11112540158905986
113928,0.003274373638709428
113929,0.00974448605859661
113930,0.017152631009159654
113932,0.00018638336270081505
113933,0.003708244201088613
113935,0.0039906620831097125
113937,0.006706396446918914
113939,0.003039109222437209
113944,0.0001694288659777546
113945,0.01045369339448601
113946,0.028160476085584377
113947,0.008168886467314803
113948,0.021034847668290245
113950,3.860776992545582e-05
113951,0.027430017647435693
113953,0.00918605077788137
113957,0.008341885025514808
113959,0.0063407769384953
113960,0.008323222484696488
113962,0.02432697068596528
113964,0.01335473493777458
113966,0.06426290249249406
113970,0.013694049465812236
113972,0.010339499286346343
113973,0.002222356724772272
113974,0.03056538349251424
113980,0.09264441776823082
113983,0.023462498627104547
113985,0.006922733585916592
113986,0.0060342951100299065
113987,0.018052224324887445
113988,2.3767007673771444e-06
113990,0.06741264271087993
113991,0.010997411784472938
113994,0.019183973815283712
113995,0.004294043460831011
113997,0.1268672140864512
113998,0.07057362773198103
113999,0.02301125524688203
114002,0.0023971146691841713
114008,0.000759142408298147
114009,0.014777133601890502
114010,0.0025122665841811388
114011,0.15453126029404485
114018,0.0228926376444449
114019,0.02549566192870877
114020,0.004204733884757196
114021,0.011968557088346474
114022,0.09101396533128732
114023,0.0065871737540828
114024,0.025261934387283802
114025,0.0038827633993531673
114026,0.12878087584898668
114029,0.02083189033406489
114031,0.03775196000138052
114032,0.008979562515298677
114033,0.0035924213171363785
114037,0.0036341494458745935
114040,0.33100695737824576
114041,0.004474630946442393
114042,0.019264957595824143
114044,0.0044801056918314
114045,0.0035092140139108426
114048,0.3210221072643891
114050,0.008684444359713711
114053,0.0067042521630558535
114055,0.002498193984320801
114058,0.008281047822799651
114060,0.013416872346677017
114062,0.0024246238560976475
114063,0.00037461085398396063
114064,0.10920114251854199
114065,0.019044452159017847
114066,0.00465947873141017
114067,0.044100716774962516
114068,0.0056398428425191586
114070,0.02292616173724664
114072,0.024482489988182067
114073,0.005569841677116889
114074,0.009501607230125948
114076,0.006775419330396121
114077,0.0022587643144423323
114078,0.004067998685655662
114080,0.0010549856604529216
114081,0.00783720208573713
114084,0.052889012902717
114085,0.019321967338088566
114088,2.5090847616790027e-06
114090,0.00439360256185432
114091,0.003262067056912447
114092,0.11545905309649031
114093,0.016216158098139394
114094,0.029744030147447323
114099,0.002591655353711405
114101,0.005837265100507676
114104,0.017943355586657203
114105,0.030208298463222052
114108,0.018297933890738548
114109,0.02132142952355217
114113,0.013532143480715417
114114,0.013138398852194307
114116,0.05341320834248737
114117,0.0046639075055746925
114119,0.006373519974327603
114121,0.00045718236454650376
114124,0.21244615422896435
114127,0.005078857269217767
114129,0.01509455174148549
114130,1.7034085106550232e-05
114131,0.008842465951617858
114132,0.07920570332612846
114134,0.05445967213952783
114136,0.005364936036984046
114137,0.0006527830709163315
114138,0.0018364042025015284
114139,0.0022731400046386466
114143,0.0026106160417990265
114144,0.006875916319646072
114145,0.02012081454331052
114146,0.004765703935931835
114147,0.004383854828814189
114149,0.028334514253657125
114153,0.0034669765881496597
114157,0.003352508551196942
114158,0.019041314407233455
114163,0.03049561943651084
114164,0.031544283063342
114165,0.0209671348460112
114168,0.03575168510955456
114169,0.015547401518264652
114171,0.00041294183150914827
114174,0.00037616171498139876
114179,0.07317843889907218
114180,0.009258662810850417
114181,0.004743998336571796
114184,0.1534185829707978
114185,0.14570618182193001
114186,0.0036090763034579824
114187,0.051327441615569104
114188,0.08595377259223894
114189,0.0015563394180387782
114191,0.0037211311195364844
114192,0.002629487005713693
114194,0.0043248021159492354
114198,0.0846015700553169
114199,0.0031624169374108303
114202,0.027889229201958545
114203,0.012137388421276133
114205,0.004783326310450225
114206,0.0036347187744630856
114208,0.016434562346637142
114210,0.05711071113299842
114211,0.003880918679988015
114212,0.05424593418064696
114213,0.13305807890577845
114216,0.1255888466089656
114217,0.005378693006939216
114220,0.004801254066960287
114222,0.02441839257508028
114223,0.004393835068028125
114226,0.005504768849977103
114228,0.0018460797969948274
114229,0.009350383391586201
114235,0.006061448357961434
114236,0.05171785080561701
114237,0.010775096709271906
114238,0.03588926126600815
114239,0.019030105268113627
114241,0.004499892151201039
114243,0.14473592958216788
114244,0.005227168211420956
114245,0.004573619318339516
114246,0.07195571929556871
114248,0.003212369155736915
114249,0.1063965878906086
114251,0.003823599137586996
114254,0.020478128566008617
114256,0.006907433916151109
114258,0.004158901599664825
114260,7.650849606444552e-06
114262,0.05181854965986712
114268,0.0035129865493724963
114269,0.003911653816968521
114271,0.0026884002901431765
114276,0.027300787114725607
114277,0.003455536538561168
114279,0.0067589708941788425
114282,0.035920467080963386
114283,0.004765138567100494
114285,0.021867182849227465
114286,0.0006026391944617176
114287,0.03440527244408891
114288,0.02583658249809649
114290,0.029045036499834014
114291,0.003061806168564731
114292,0.019158838674744723
114293,0.001496437836357349
114295,0.03611526712416668
114297,0.03649265262076349
114300,0.02641806036258553
114304,0.0821719698368196
114306,0.003770717782621608
114307,0.1160887090061014
114311,0.016790441489513804
114312,2.8061343611573417e-05
114313,1.3127620678225247e-05
114315,0.1035113698851098
114316,0.004193444962611031
114317,0.002845724458296175
114318,0.004457131738341081
114319,0.017687325854894263
114320,0.02208391038444866
114325,0.02954651999709834
114326,0.011959916295633602
114328,0.01737726259947367
114332,0.003326703481043269
114334,0.0047399872814798405
114335,0.00017141233492983063
114337,0.003999825988822096
114338,0.04823376340373173
114340,0.020992538555017266
114342,0.0184945021807433
114343,0.009542049842595537
114344,0.0033812211206335555
114345,0.007095577683152564
114346,0.005047600578252816
114348,0.02097835292901421
114349,0.11271113005443553
114350,0.012592364040332137
114353,0.027370893081735126
114360,0.004937487455286424
114361,0.022237312906297206
114362,0.005390923234589558
114363,0.11471456131530898
114369,0.005155470207719454
114370,0.0004999143263197453
114371,0.037429969369038016
114374,0.02466474293056437
114376,0.002883792431084032
114377,0.10535669489349618
114378,0.04171147652571424
114379,0.0911165397415234
114382,0.0215593983548171
114383,0.003366197830959264
114384,0.026665274292483634
114385,0.026345181417269672
114389,0.004827914564677084
114390,0.0019153566358127503
114395,0.10170064201597084
114398,0.002945943335836558
114399,0.011904533952573047
114401,0.007040918763091323
114402,0.08910688694309486
114409,0.003011491810900051
114410,0.0072310542599321485
114411,0.009886755123476018
114413,0.005082086951541376
114416,0.0021750022098919884
114417,0.1447743707276513
114419,0.005635781164574841
114421,0.006895884066747814
114424,0.0030365706822160304
114425,0.07141600505335516
114427,4.852639586905198e-05
114428,0.022167946038316517
114430,0.006727360496730514
114431,0.0050192996928282935
114433,0.0020228719192840147
114435,0.05690898034984827
114440,0.08548125868016572
114441,0.023637672390367643
114446,0.022441628263558982
114448,0.01577769609712329
114449,0.007677076603576483
114451,0.009007002404274675
114459,0.1189927119408164
114460,0.005261640388051052
114461,0.005081190023530154
114462,0.008796752493096515
114463,0.032995412700440534
114464,0.09983036673873458
114465,0.14983841091201708
114466,0.010230899395910828
114468,0.004823180791953454
114469,0.12646407239670374
114471,0.010417807708438096
114473,0.03618574474162164
114474,0.0001786522376533616
114476,0.006935156971300408
114480,0.016066484212479634
114482,0.035903824780071134
114483,0.004958884307524885
114486,0.006656706830796024
114488,0.01028407854241832
114491,0.11143878758411752
114493,0.0965980447821845
114494,0.0032398693851578386
114495,0.0004315249737566408
114497,0.003237384520280167
114499,0.004191574409915786
114503,0.009267985552899548
114507,0.021408510304800392
114509,0.004084564507679954
114510,0.0024202739017006713
114512,5.30222800874173e-05
114514,0.03191367275096092
114515,0.032118745489327985
114518,0.020318974720469618
114521,0.002751747950302827
114525,0.2795096619062115
114527,0.0004275811632649271
114529,0.13457636819304972
114535,0.026301884777703236
114536,0.013682654567946406
114538,0.1019136031462462
114541,0.0033301211081606576
114542,0.027493473903937596
114544,0.005486666279072231
114547,0.007518748536676998
114548,0.025259462297992002
114549,0.000670555431320569
114550,0.02433157178214616
114551,0.004006284744793512
114552,0.007274520361579937
114553,2.4639769477456087e-05
114556,0.01380365340998374
114557,0.014038061895596497
114560,0.0036122340260933542
114562,0.12791152750108536
114564,0.0030348463505635247
114565,0.04369252022711013
114566,0.04370438992068058
114567,0.010724212526278521
114568,0.009112077727857245
114570,0.03440527244408891
114573,0.004360089334623843
114575,0.005134520124449162
114576,0.005945485666960581
114577,0.10908801932584881
114578,0.002122070261915781
114579,0.11989109847544338
114580,0.002499838320271854
114581,0.0047121843418518865
114582,0.004794930878130818
114585,0.01688136647695909
114588,0.037710085146134255
114592,0.00661017463800767
114595,0.01730240528761094
114598,0.007305154515159416
114599,0.004001512184216984
114600,2.8810030512628673e-10
114601,0.12810053151425135
114603,5.027642045596095e-05
114604,0.008765276192894876
114605,0.03446418322269749
114611,0.020607128085141698
114612,0.09591818786171358
114613,0.004042234302600745
114619,0.0035673059603095964
114625,0.008875659039633567
114629,0.012513314941956316
114631,0.04717925680079618
114633,0.0030332637724890645
114635,0.07347183598165204
114639,0.029039996800827684
114642,0.007544505633675654
114643,0.032379202064155885
114644,0.01875348750816634
114645,0.10943641975625035
114646,0.0031472488313223006
114649,0.037952604701537634
114652,0.0709242836738831
114657,0.002854425005172747
114667,5.420356378127173e-05
114668,0.0059476455207472185
114675,0.003976029857973517
114677,0.003649633168199627
114678,0.012738561480851727
114679,0.038081855695690295
114680,0.0393455174493897
114681,0.006108888013359562
114682,0.06828841880860945
114684,0.0067439213120661454
114685,0.0199711385867419
114689,0.004022121481922369
114690,0.0049895875592048606
114695,0.01726927134108057
114696,0.025789606607607027
114697,0.005712361580139351
114698,0.008321963575006044
114699,0.003033434253434482
114701,0.003992808391351473
114702,0.03190220058673502
114703,0.002508066434468841
114705,0.005325182625666944
114708,0.008501634436735753
114709,0.014228415701369153
114710,5.062602516483396e-05
114713,0.01307421259966748
114715,0.012547494555051693
114716,0.045228771949996076
114718,0.1255081158578659
114719,0.006018158220563711
114721,0.006605949095816594
114723,0.023974806332380083
114725,0.0041951136734128276
114727,0.011366496594680149
114730,0.003921684843901137
114731,0.02391519353680915
114732,0.006154030819447614
114733,0.008510592821921539
114734,0.067680722078334
114738,0.005026277370036401
114739,0.04282622750754751
114741,0.00019307918232212273
114742,0.006074620707004483
114743,0.15060193803499397
114745,0.008626295081068927
114746,0.04877283782379929
114749,0.032745072250709654
114750,0.003327421431868095
114755,0.025980746261359593
114758,0.004553694217481931
114760,0.0016559733908489728
114761,0.004378546625596554
114762,0.004542388756889949
114764,0.018052224324887445
114767,0.0033595606540223486
114768,0.13967045146868973
114770,0.005635115787661687
114771,0.021938909610601777
114772,0.07427654499747018
114776,0.09721568155635654
114777,0.010582824264234484
114778,0.014774348514453113
114779,0.009394364948855191
114780,0.002365032151650982
114781,0.19078405088990308
114782,0.0024666170529869485
114785,0.002807342434567855
114786,0.02585929998167387
114789,0.09066159403720124
114791,0.008289140761406438
114794,0.01301018705856774
114796,0.002798057775648977
114797,0.006943578087146911
114800,0.02319481030355305
114801,0.010644841997359652
114802,0.006330902763990102
114807,0.006354858011371488
114808,0.019946586422225306
114809,0.0017349699332783856
114811,0.023036395197247924
114813,0.004286052279994107
114816,0.0007029827098584037
114817,0.003088658591443752
114819,0.0166187726689321
114820,0.004093146295979759
114825,0.004615293158907447
114826,0.005955455485734034
114828,0.018052224324887445
114829,0.0044999766659037325
114830,0.0028638973010841353
114831,0.003164788749242812
114833,0.02513249000119267
114836,0.006878744089122003
114837,0.004697991370752668
114838,0.0029862764150018974
114840,0.005279429592723497
114841,0.0070287855508523464
114843,0.00694053673538017
114845,0.0007503921821136504
114846,0.0044743948686312976
114848,2.63189673927739e-07
114851,0.022561178640548154
114854,0.008629928244251923
114855,0.005045444738883973
114856,0.0038828863595360644
114858,0.00285034615928515
114862,0.008543428975058272
114866,0.19131094126669249
114867,0.004131620928598392
114868,0.004678740729024094
114869,0.030174949921759297
114870,0.003119462387715007
114872,0.007104826595572035
114874,0.004154383812841967
114876,0.0005308725569311688
114878,0.0931444437702844
114880,0.02943808372432569
114882,0.005624265211257591
114884,0.01866378336497857
114885,0.003215420901470768
114888,0.003780300666972646
114890,0.00010808290499274779
114891,0.004332565308536009
114892,0.0022754544034145696
114896,0.0036040579362263438
114898,0.010288737473330698
114900,0.010933145924983463
114902,0.02461974303832609
114903,0.003768505185285332
114904,0.030060570330194256
114905,0.19127648909678996
114907,0.0035587682720938495
114908,0.004923177971330232
114909,0.00900064425716031
114911,0.006893623178370329
114915,0.0023742757219607116
114917,0.049461513217418734
114918,0.012671668776849828
114920,0.006150613088994634
114921,0.03770318840399485
114924,0.0172846214403875
114927,0.029638152019756243
114929,0.019605988507725044
114930,0.0004469795630104363
114933,0.016399981695085806
114935,0.004082803041593274
114936,0.011343588291506584
114937,0.0038815524623191143
114941,0.00546974333581833
114943,0.006303196798527857
114947,0.05719566282466836
114950,0.018309923667859003
114952,0.013464959020962959
114955,0.005045509912893425
114956,0.06257589989055526
114957,0.011455924611836968
114958,0.019373044847368254
114959,0.03806536224336913
114960,0.00622633192652069
114962,0.00027444972946796283
114963,0.060113129642942076
114964,0.18778066949203445
114966,0.003846107342049149
114970,0.015153066102116603
114971,0.10967084554052037
114972,0.06325110312238205
114975,0.013193661814619274
114977,0.006122495548669363
114981,0.007248925902723173
114982,0.003621473878743272
114983,0.004822744613211281
114988,0.08475292320339137
114989,0.028477873577468362
114991,0.0036292027414608083
114992,0.0328141923796636
114994,0.02113214788930024
114995,0.031218969145452427
114997,0.14284923883563572
114998,0.0012019969009583935
114999,0.016695979934727503
115001,0.10389908097891155
115002,0.0007826967168386653
115003,0.03551809897776291
115004,0.027995189154678725
115009,0.0072722420691801815
115013,0.014732854192885916
115015,0.009160926923549667
115016,1.4732336535873749e-05
115019,0.10873419591147251
115020,0.0049186150302076796
115021,0.004806350390572226
115023,0.010587295130473308
115025,0.13731019331818853
115027,0.015560914356719491
115029,0.006335576553853141
115030,0.02717501875252905
115031,0.009218967269065743
115032,0.029908310687656287
115039,0.005903960960625002
115040,0.029743879390264547
115041,7.582923767009786e-07
115045,0.014483574613517732
115046,0.002493793787699281
115047,0.013725847723608948
115049,0.00023774249375389163
115050,0.002331308242535818
115051,0.007785743592970867
115052,0.021460812224043536
115053,0.12478747386474263
115054,0.1340316903781172
115055,0.030289784857354753
115057,0.0016830309452259664
115058,0.004731589931976598
115060,0.03955771420169133
115061,0.14513121671651005
115062,0.01890788764146516
115063,0.019958406119018484
115066,0.004088712083555502
115068,0.01615395876541411
115069,0.018386883021429472
115070,0.0069371260058204995
115072,0.00017284964739700277
115074,0.002860679865493057
115075,0.007733193718359305
115076,0.0042999204872537005
115077,0.007343130778380507
115078,0.02723485814008823
115079,0.0017661373790724868
115080,0.0236207027952443
115082,0.04680380332529614
115083,0.002817730985354831
115087,1.2986051583682874e-05
115088,0.004027320016372381
115090,0.0017310197854536538
115091,0.032653835722256934
115093,0.0033542050797339853
115095,0.0029032964767944096
115096,0.019403934179563685
115098,0.025150373402847627
115102,0.0012308030273905602
115104,0.005673979571539589
115107,0.0002699744794329078
115110,0.028191511189693375
115113,0.03440527244408891
115114,0.000977524581946205
115125,0.006798801257475698
115126,0.003449402549706941
115129,0.001505143886698159
115130,0.006210742987358088
115131,0.020607128085141698
115134,0.0022493627622747793
115135,0.024017398757096707
115136,0.006621194059861594
115137,1.584033495315148e-08
115142,0.0024703494315986827
115143,0.030664948990201748
115145,0.0031355638701980105
115146,0.031130295161347243
115149,0.005958785985289751
115150,0.011252680498059355
115151,0.014022046200522163
115158,0.020122079753479172
115159,0.0030445932739694035
115160,0.059317241257987575
115161,0.002639872084160365
115162,0.004804613664836618
115163,0.030401224179968853
115164,0.005595821461919867
115168,0.0812432816372644
115169,0.12879182665064107
115171,0.0605725043999588
115172,0.14612365264698485
115173,0.0031238568290051488
115179,0.00951904523658825
115181,0.006310108204631239
115182,0.004256263411588556
115184,0.024758750022200002
115186,0.003445676240979804
115188,0.07100046664970053
115189,0.07877323899264813
115191,0.0031122348277856956
115192,0.012754990617337543
115194,0.004252588430618277
115195,0.008631415374300596
115196,0.006608574975100009
115198,0.01963863883917346
115203,0.04066605888688578
115206,0.0656620084907562
115208,0.002369957107204336
115209,0.09982407918755908
115210,0.15621568259067545
115214,0.023217674969063597
115216,0.013648841605190072
115224,0.001721942312688442
115226,0.0038053701112415687
115229,0.009538620490568814
115230,0.019410822808927242
115233,0.06137200925450134
115236,0.00599084113700186
115238,0.004162588417553656
115239,0.0005356363542246221
115241,0.030384736808644914
115248,0.021676425206206433
115249,0.029710923218320598
115250,0.018190238779131975
115251,0.027540042246038905
115252,0.041564356696844634
115256,0.0006263421667271683
115258,0.005294560463580997
115260,0.012512257814632676
115262,7.209247844034714e-05
115268,0.00335295568431154
115269,0.011695645741519906
115273,0.004396735287665998
115274,0.08624580622472486
115277,0.04397675550580199
115279,0.0366461691642755
115285,0.004229873168279845
115287,0.006909310309316611
115289,0.13213243953849274
115290,0.012416761506142064
115292,0.03800269445037937
115294,0.00012352408833513333
115295,0.00086762955891484
115302,0.0031578960382866676
115303,0.0354373004149846
115305,0.011492169864514457
115309,0.1268556042655436
115310,4.277306481757737e-06
115312,0.07294132101131005
115313,0.05145978985496931
115314,0.10182200577948722
115315,0.053635032099816585
115318,0.00627000496285724
115319,0.00015574371200040039
115320,0.009239733252326505
115324,8.088335617598721e-07
115328,0.018469931024518826
115329,0.06562991628883567
115330,0.025941081956739942
115332,0.014295470428720071
115333,0.38288400877472323
115334,8.358722420531042e-08
115335,0.022648246707718048
115337,0.0002454882814398188
115340,0.006294295533613582
115343,0.0041361816469954816
115346,0.009160780833753383
115347,0.011616100400351787
115351,0.07283406767619073
115352,0.008366015017078097
115354,0.0024190622088588873
115356,0.009836457449324718
115357,0.0028053400349825905
115359,0.06855858505558964
115361,0.05349320237554904
115365,0.006996567118730145
115368,0.2014679159292353
115370,0.005454602984710811
115371,0.0028127389092799816
115372,0.038937060320575506
115374,0.0034661918294020904
115379,0.0034690877209789233
115382,0.029577489069921338
115383,0.05351731595951396
115384,0.025839118706528403
115385,0.00395925488001075
115386,0.022210104779035414
115388,0.003807780260393199
115389,0.003036590504192882
115390,0.0034051990489875126
115392,0.020607128085141698
115396,0.003947522680570219
115399,0.002870843707989182
115403,0.03959919527997978
115405,0.08535765765746932
115408,0.051524722089164095
115410,0.02851334862942377
115413,0.06864529330936324
115415,0.004796352244549026
115416,0.009017233406115028
115418,0.0645243853081711
115423,0.003462424493188018
115425,0.03954564773427314
115433,0.018052224324887445
115434,0.005764410742504422
115435,0.02437632007127193
115436,0.0029076018086608597
115437,0.007243578748014208
115438,0.0028741802201331457
115439,0.0005850656611735288
115440,3.2454983443577313e-06
115441,0.02719302822542121
115445,0.00015777984820324875
115446,0.06590083288610829
115447,0.0040095856705345805
115449,0.003441055752728652
115451,0.0024856754952884007
115452,0.00012033195986995805
115456,0.0004073372247608748
115457,0.13339814443797204
115459,0.02712421464458697
115463,0.0018641895222555787
115464,7.252999327349687e-05
115465,0.02350514340582244
115469,0.014044497172963405
115471,0.09790297218395562
115473,0.004439134060354946
115475,0.03944693116610364
115476,8.186887031168143e-05
115477,0.00838497631256963
115478,0.1024140801438492
115480,0.011161547225046184
115483,0.0024076222881262523
115486,0.004500085329986183
115487,0.02268733120301744
115491,0.018820265544965804
115496,0.0035938097267256427
115500,0.01359250688973206
115501,0.028366192120297246
115504,0.010496159318205713
115506,0.0026497413193572444
115519,0.07910952149767143
115520,0.012830856551807147
115521,0.004323040598404636
115523,0.08614530007178457
115524,0.006993706405750543
115528,0.007984434630952292
115530,0.0049263550126709505
115531,0.020709890085092567
115533,0.003572186545392178
115535,0.00453079909051319
115536,0.026136456019243415
115537,0.003101470530572207
115538,0.003916248999842716
115542,0.012869497574290269
115543,0.0034623964805641718
115545,0.02658000894980531
115546,0.003715384714404346
115549,0.13457636819304972
115552,0.00270102367760559
115554,0.024810581994433832
115556,0.020440566401083046
115559,0.155803540109526
115563,0.007738474832585585
115564,0.012184183097814336
115567,0.0167217948955022
115570,0.002224244852548687
115571,0.12002682575564723
115578,0.09783522443277103
115579,0.007404283417680428
115582,3.841027313722842e-05
115584,0.0879134971632662
115585,0.015950316210668475
115587,0.11015721050182645
115588,0.005496745797896097
115589,0.008867800063838076
115593,0.011818690637529274
115594,4.4829902052909555e-05
115596,0.0104053161336926
115598,1.4230855999134413e-06
115599,0.017797808142562464
115600,0.0030998314332841715
115605,0.018532176272350195
115606,0.00331566093625143
115607,0.01079794122568029
115609,0.012118751926020972
115612,0.0002935000750845444
115613,0.003789302042038668
115615,0.04671590746335755
115616,0.030418937457362315
115620,0.026927993692043968
115622,0.004350064249202961
115623,0.04976434079768316
115625,0.002420967265176648
115626,0.20963099398182838
115627,0.0794945432334624
115629,0.00442858060287434
115630,0.009720410828523584
115632,0.0023006106751751803
115633,0.010334372069827548
115636,0.005599099445038056
115640,0.020063663182708094
115641,0.005869455851952128
115642,0.1415710906827483
115644,0.026924343308591066
115645,0.003647843225686967
115646,0.1356706677920409
115647,0.015505275880209115
115648,0.0039173298113837195
115649,0.01792557733047773
115650,0.02671200259326519
115651,0.006541725392006524
115652,0.018257784455671604
115657,0.05809584105544415
115659,0.027841757655411168
115660,0.09602812512317921
115661,0.005629231084888582
115662,0.08130672795756723
115663,0.1378489416472043
115664,0.017415536908674718
115666,0.043813528743918924
115668,0.004141564889667899
115669,0.007684052279057997
115670,0.0002116284656998827
115671,0.004651664523139185
115672,0.0039472471613775486
115673,0.021782822741626174
115675,0.04172310141137744
115676,0.0045907693740579
115677,0.08088831379699991
115678,0.00350454473545958
115682,0.03501372948258544
115683,0.004653231367827581
115684,0.012675953471078489
115690,0.007795720701730955
115692,0.018115784259578372
115695,0.013111766530453395
115698,0.023205172008430856
115703,1.4263407611706066e-06
115713,0.15143697219343863
115714,0.07347183598165204
115715,0.018950511233752337
115716,0.020540410213146794
115717,0.002890985663764222
115719,0.004202839372771541
115721,0.008060795912245905
115722,0.0003530980672465827
115723,0.00520293231999962
115724,0.0029863238347267594
115725,0.20820017465140783
115727,0.007165261011768052
115729,0.0017770272427306366
115731,0.0028424797634332456
115733,0.003947384918579578
115734,0.0038075681422314205
115735,0.0005565317281330252
115736,0.019960611909815816
115738,0.0033701194341938133
115739,0.020668283596890123
115741,0.04600629340095663
115742,0.005598049093557216
115745,0.005758696607487993
115748,8.841447596879464e-08
115755,0.012615704710844246
115759,0.004694707979277866
115760,0.1324984910354203
115761,0.032922339617916074
115762,0.05013568535030632
115763,0.006205103138366667
115764,0.0051856595724490764
115767,0.026665274292483634
115768,0.029645185412818298
115769,0.0015435631756295775
115772,0.03419338023734731
115773,0.014463163538782384
115774,0.04401254691459913
115776,0.0034624750984098254
115779,0.002498694068098493
115781,0.018987947550356512
115783,0.019669091913661056
115786,0.001830127908509814
115790,0.014076378544866552
115791,0.013720810624848995
115792,0.003365189344273104
115794,0.02308409197745223
115796,0.012593878294505872
115797,0.004469026892375236
115801,0.0219826226895798
115806,0.003753742406104697
115807,0.02527259541074671
115809,0.032123069688074865
115810,0.007145699768374894
115812,0.024482489988182067
115814,0.022826263567108755
115816,0.047765622290037106
115818,0.06765698919221155
115819,0.010064232293415335
115821,0.007443659605184473
115822,0.0049186150302076796
115829,0.10678087320592851
115830,0.019701043719605092
115834,0.001790978450372236
115835,0.02313538655286299
115836,0.0017553622322336788
115837,0.0029968089573499754
115839,0.003183885729238612
115840,0.0038827369665494593
115843,0.004257548546371051
115844,0.01725613641399478
115846,0.003165233190231452
115847,0.03160341461588319
115848,0.08026840751618877
115849,0.014536062863518393
115852,0.10010035354183767
115853,0.004192883821977567
115854,0.060470352282227975
115855,0.021705722316245294
115857,0.02714304816372355
115858,0.009299085629817752
115859,0.02160237420215017
115860,0.003855220672866758
115863,0.010282881646850957
115864,2.1576888320302674e-05
115866,1.6629655332382025e-05
115867,0.003841047557894527
115869,0.011431509447727235
115871,0.005282925762403458
115872,0.0043155700633271945
115876,0.027919425557506122
115877,0.14872085669613946
115878,0.006402949086723099
115881,0.006653003107606798
115884,0.0031186359570141813
115887,0.08743346312974838
115893,0.003111190110591087
115895,0.03278449652320123
115896,0.15495580059802785
115897,0.028068964037070605
115898,0.0034624750984098254
115899,0.018815763961937494
115900,0.006756842552044743
115901,0.0049234999112482995
115902,0.006089823923936973
115906,0.01454396325676559
115907,0.02212204852952389
115908,0.018467984221673395
115910,0.00591394778839225
115914,0.1091351201844735
115916,0.1309561075249084
115918,0.02231641788707529
115919,0.0045272975054742185
115920,0.02985863726450275
115922,0.0022093290632441216
115925,0.014101965183914444
115926,0.0005259870663846257
115928,0.0044430163464328236
115929,0.006712676388755668
115930,0.0019068692703252514
115931,0.047230541947966775
115932,0.007579432950210548
115933,0.00318517034666993
115934,0.01856399342538044
115940,0.0028358397283333686
115943,0.0149898358084559
115944,0.01223792374611483
115946,0.003827251611601656
115948,0.004848642181254848
115950,0.035936286965787774
115951,0.0009134928881543705
115952,0.029760004894116458
115953,0.08008204839215462
115954,0.04677209434625064
115956,0.027618226234261054
115957,0.04070663899007895
115959,0.03131402942513816
115962,0.003245598027169895
115963,0.01860653727670145
115964,0.06829835442292687
115965,0.014778279196160317
115966,0.11112540158905986
115973,0.024482489988182067
115974,0.018052224324887445
115977,0.0015140006018394987
115982,0.05268468749463419
115986,0.12417980392263123
115991,0.18846019624475321
115992,0.0074769702642635116
115993,0.0023838584570447683
115996,0.026945686508317288
115997,0.004734434647398456
115999,0.09052048737181242
116000,0.0025567335438801274
116001,0.007290337238821572
116002,0.02144265795055017
116004,0.0008298583575446872
116005,0.03996823643256803
116007,0.13660868917602018
116008,0.03001288899836277
116009,0.004189595248056343
116011,0.026168312131035786
116012,0.0350767802441782
116013,0.005878820336232613
116015,0.003343894383171959
116016,0.0018767863283481552
116017,0.008634767751398644
116018,0.0055642055121792955
116020,0.07501134111582695
116022,0.00553696956148823
116023,0.004190725165606357
116025,0.05529952440007961
116027,0.003664131488422005
116029,0.01818652401672434
116030,0.005701093450893721
116034,0.04142219570828436
116036,0.0016287109980370287
116038,0.03155574686996688
116039,0.05748775107109852
116042,0.005107178950501228
116043,0.01896609828039087
116044,0.0008895346918358756
116046,0.012966514344629204
116049,0.022905651758647668
116050,2.368350343466825e-06
116051,0.004558078216798676
116053,0.007917047196069546
116057,0.00048231930649851064
116058,0.09441647305103987
116060,0.007461953240085444
116061,0.0029862560289283502
116062,0.0031649221883960654
116063,0.0026413302585619135
116064,0.013453004144690462
116066,0.011956027300922125
116067,0.06327735594484482
116069,0.00012888860351494238
116071,0.002616287816620992
116072,0.032026703928937736
116074,0.055577997296039065
116075,0.002445612398835345
116077,0.032983953939160995
116079,9.940659046504459e-05
116085,0.05665952147736762
116086,0.004804513414860674
116088,0.004160604801683572
116091,0.051326356613628055
116094,0.002513111536254875
116095,0.016626918762627854
116097,2.0327668079091873e-14
116098,0.005537674707147199
116099,0.004096852072972584
116100,0.00309851426756169
116101,0.050949713749884065
116102,0.007773737642804719
116104,0.003374119209401433
116105,0.14918473561049497
116106,0.030731012677706965
116110,0.0031507580244781856
116111,0.003368604390712941
116113,0.006816675163393711
116119,0.0701469134740409
116121,0.012914631609364596
116123,0.029693664778658282
116125,0.0008119788995363588
116126,0.028075389860715397
116129,0.008486225560901882
116131,0.0049067994817096365
116132,0.02456690927498904
116134,0.006402223626564094
116137,0.0029242684064436707
116138,0.004010748954478233
116144,0.030557330927573616
116145,0.007062588800583845
116146,0.140531972729319
116148,0.00487634524422285
116150,0.017912079069148303
116151,0.0072562498595120034
116152,0.07842333005792354
116155,0.003882911854221968
116157,0.00851325819368017
116159,0.0014324630975017195
116160,0.008033274269176167
116165,0.007031905032112708
116166,0.011720614582302093
116173,0.002626370292027779
116174,0.00365796534200054
116177,0.01619017655042545
116179,0.023774147919208732
116180,0.0034471097132061233
116181,0.06188324758039021
116183,0.02408468432017767
116184,0.00245382642011071
116190,0.026665274292483634
116192,0.00826598903912303
116194,0.00015858656192516761
116195,0.005920200444251644
116196,0.13908936208530862
116197,0.05129006998660389
116203,0.002814983730051328
116205,0.00896754726005609
116207,0.09137753463907745
116208,0.007769162361764947
116210,0.021403163697251128
116213,0.003932815720389935
116215,0.018052224324887445
116216,0.0031231621255511316
116218,0.0033773264167627063
116221,0.003218862341611685
116223,0.01791201802922683
116225,0.0009220118238108878
116226,0.031994153368622644
116232,0.003882958088100654
116233,0.004053629940044017
116234,0.006564968953905275
116237,0.001155901619043836
116239,0.1342287330108489
116240,0.03498834977570833
116242,0.06484101951251219
116244,0.06855681623956514
116246,0.017181077430278358
116249,0.004425927278939283
116250,0.04029164209099514
116253,0.004614192989130663
116254,0.003941846560979219
116255,0.000728949215236015
116256,0.06529547857290546
116258,0.24526029913369915
116259,0.020954775672522342
116263,0.00302394623336718
116265,0.0031038000089540912
116270,0.008720058768708596
116272,0.12719108345952365
116277,0.0031836717878404625
116279,0.00042451226331940707
116280,0.0011150658943882008
116281,0.0035710060281250277
116285,0.04009621225554251
116287,0.061321412123074126
116288,0.07737582962793907
116290,0.0008957569564712385
116292,0.004747721045555065
116294,0.009488474377619726
116296,0.02748160519394566
116298,0.006423903091893179
116299,0.10589089903832964
116300,0.0016152683781514292
116301,0.06513383452840343
116302,0.0029652259774704524
116304,0.09897362832778313
116309,0.03429233460493659
116311,0.009503603532339455
116312,0.006306746497567578
116313,0.0031071856350077948
116315,0.0031511867246124346
116317,0.0035242112831678587
116318,0.013692423065529197
116320,0.005058989821036264
116325,0.003963430286165957
116326,0.0006946853547293677
116328,0.004642094500224085
116331,0.0744137323614246
116333,0.002883075742172875
116335,0.014438592547588041
116337,0.01883538337601382
116338,0.007560762393678423
116339,0.008115002553590147
116340,0.018052224324887445
116341,0.006530061613631851
116343,0.003602500249272452
116346,0.006919401476532226
116350,0.1312607944374087
116351,0.004051062086296979
116352,1.4095458855607074e-06
116353,3.516528203932767e-08
116354,0.0035477238974122305
116355,0.006769587742361926
116356,7.095649629374256e-05
116357,0.014664695131056588
116359,0.03989216855148108
116360,0.04677868473158403
116361,3.682515762615604e-07
116362,0.002304640713770267
116367,0.00010054095578889747
116368,0.003197554638153398
116371,0.003437092649633657
116373,0.004289493481795583
116377,0.012476087025466437
116382,0.0047578558049393965
116383,0.01600235398071383
116393,0.01318724177325092
116396,0.008259627644180893
116398,0.0025740589886578034
116399,0.08151504765585403
116400,0.0024251748363369264
116402,0.0037443823745064997
116403,0.0016469863508795921
116404,0.02736867394305297
116405,0.025668578088375835
116406,0.003035137697204142
116407,0.012761204100985598
116410,0.009986109653992393
116411,0.00921171818210781
116414,0.012942634144246467
116416,0.004513329361157285
116419,0.08913306416849426
116420,0.12875108854563264
116421,0.055679668578583315
116424,0.023316446574726233
116426,0.014924006762582917
116428,0.019733957864908995
116429,0.005685973023949573
116430,0.025983811859114483
116431,0.0007289067851274173
116432,0.0025287192004459784
116435,0.0045656517487853735
116436,0.011305723694741254
116437,0.003036524963495455
116438,0.018406645689791404
116440,0.004241163772090313
116441,0.006640245613023745
116442,0.003155296519668941
116445,0.022474623390117947
116446,0.009076048234175836
116448,0.0017694626239413754
116450,0.0025341214935844544
116451,0.009833056262349
116452,0.03229602219072925
116453,0.0015518833113988427
116457,0.004269521964693654
116459,0.0012410438450519245
116461,0.027069475911578822
116469,0.0641500571074311
116475,0.0016766907391213232
116476,0.025126482547008697
116477,0.018052224324887445
116479,0.04555390648460456
116480,0.0030162397772731976
116481,0.00477011406652052
116482,0.010587518041402583
116483,0.056636205468722355
116490,0.026325857108352484
116491,0.003499392691226747
116492,0.0054353283106606315
116494,0.0035542482922063367
116497,0.00026722217999273926
116498,0.033069005227356674
116499,0.1335161902604127
116501,0.018147060758259045
116503,0.002671097633898108
116504,0.013623288989474524
116507,0.014787270951894603
116512,0.0026097289872279413
116514,0.008158201290786607
116515,0.0003276270573024889
116517,0.00024220322699799703
116520,0.0062263897435716675
116521,0.007120931393064851
116523,0.0026136315146718437
116524,0.003906017507683038
116526,0.0177655216622416
116527,0.020154216102008668
116529,0.018608576372605868
116532,0.018052224324887445
116533,0.007129500019707774
116544,0.007497840696812658
116547,0.01336267867815208
116550,0.02323446023123719
116551,0.014459599635956921
116552,6.132827158856455e-06
116558,0.002689878548100166
116560,0.04980405333493737
116561,0.12355811686118495
116562,0.030352520480884073
116564,0.003712802870028651
116565,0.004976251280027755
116568,0.0043092824812386785
116569,0.007509494419511729
116570,0.013694049465812236
116572,0.10223472690768838
116575,0.0031553763702322256
116576,0.014450657231885183
116578,0.045585916654302255
116579,0.003691994250210933
116580,0.007445421714732014
116582,0.021190044727906174
116584,0.0056353250949152806
116588,0.0035022406054862694
116589,0.0043103352601218765
116590,0.003006979544809635
116592,0.09001046274739961
116593,0.0051569110509421656
116596,0.09515250618309004
116598,0.004345127657450241
116601,0.02807572010764054
116603,0.07909917216963595
116605,0.020129170553676384
116607,0.004101221293744809
116608,0.0008693397861488129
116609,0.07669884584546083
116611,0.018621401170859753
116613,0.032470056342890866
116614,0.0014701522420515882
116619,0.019151997659938705
116620,0.03526191373002943
116624,0.09553640386780164
116627,0.0029863712552023595
116628,0.013649872609259225
116630,0.012486487889456988
116631,1.8420492973456538e-10
116633,0.09807648227464635
116634,0.003463172946068062
116635,0.0029813429945764643
116638,0.0011059120094352223
116641,0.05256411792745965
116642,0.04707118678204962
116645,0.0006626863369122453
116646,0.11726402985622683
116647,0.21170952074876334
116650,0.010054900294591856
116651,0.027602271058303537
116658,0.0127629340641158
116661,0.01615067212123921
116666,0.00703689531679979
116667,0.0028943099134390872
116670,0.006526833429660531
116671,1.254611120100952e-11
116673,0.002303890194977684
116674,0.004254595536249576
116675,0.018052224324887445
116676,0.043432444064885174
116678,0.005834611176938258
116686,7.992421944751081e-05
116689,0.041752425376348413
116692,0.012152267104951547
116693,0.004380447895520211
116694,0.0031679430573831303
116695,0.031933988590090716
116698,0.026563392173382563
116699,0.06147318432160208
116700,0.00020466721762732432
116702,0.008152604671974335
116703,0.0073800860416303685
116705,0.07453439814788625
116706,0.00897776629265681
116709,0.015814159880207426
116714,0.03560839125997199
116715,0.007899371278847659
116716,0.009021838901548278
116719,0.005129333274332838
116722,0.08020957410494811
116723,0.030209305773133296
116724,0.0008473313446893317
116726,0.00560675652646127
116727,0.03590291259063781
116728,0.004912303675823904
116729,0.002846108224520103
116731,0.06359705127045288
116732,0.023292755847227304
116733,0.005361611345250917
116734,0.09799259129862542
116735,0.014054622974692543
116736,0.04792322787563238
116737,0.005393649931138196
116739,0.002939612674903759
116748,0.10104328255336023
116749,0.030767674510533423
116751,0.011173012182532941
116752,0.009174421261569426
116754,0.012083266137354163
116755,0.01903104485966964
116756,0.01659874913399096
116757,0.16636190075617688
116758,0.00846172619963835
116759,0.016611896249013682
116762,0.007741222349987571
116763,0.005164724574820432
116764,0.004426727172315437
116767,0.003580519082685286
116769,0.0029368623026850126
116777,0.018420825816563416
116779,0.015746968869709686
116780,0.1028311044538337
116784,0.02861517674971725
116786,0.013286866735199675
116790,0.003004443839703717
116792,0.017339750845996097
116796,0.0029958781381020363
116797,0.07937338159961477
116799,0.0025354317072021357
116800,0.011498286437550919
116801,0.0017526515584889936
116802,0.005575328122920158
116803,0.0007139327497102684
116804,0.10332977927992582
116806,0.006383497328132021
116809,0.0031600215505502697
116810,0.12646407239670374
116814,0.005754858075436276
116815,0.005193726132505711
116818,0.04332441181341719
116822,0.036305732027583595
116823,0.020607128085141698
116824,1.9067741164747525e-05
116827,0.1140046733880918
116828,0.00460978747785768
116831,0.004194350770399007
116833,0.020596994620914764
116839,0.0029002976577306933
116840,0.004912394155035537
116841,0.0035765933049142504
116842,0.10973769604230729
116847,0.00017748784459890705
116849,0.00757952132466199
116850,0.0018984709109665892
116851,0.005166369646102034
116852,0.09524868939565465
116854,0.004470122635595497
116855,0.0048783999330322585
116858,0.002640921656881693
116861,0.0004840361817229057
116862,0.008775577561686239
116865,0.062171911525943736
116867,0.004245155929513538
116869,0.008131133883548382
116872,0.00010994614613498882
116877,0.16901910066934733
116880,0.06753440783748535
116883,0.005868412912206978
116884,0.007059963279792698
116887,0.005635300817550307
116889,0.006197327810218565
116891,0.0054745959649822205
116895,0.04618379591861004
116898,0.0042333595035158504
116899,0.09728233332402515
116900,0.0005250125761607369
116901,0.0036445741588326448
116904,0.09320259788516284
116907,0.0129248869799182
116908,0.04094159870959804
116911,0.013432466880213777
116912,0.0034623910599918643
116913,0.11991335840130515
116915,0.00350448885760373
116919,0.002986301786550017
116923,0.02714406748295622
116924,0.006499919522897291
116925,0.0792114106795098
116927,2.6463031252701975e-07
116929,0.013675858693624442
116931,0.13457636819304972
116932,0.040217865583032156
116935,0.013719782351577356
116938,0.002797199380033852
116939,0.0009031656123875765
116940,0.01507783851685856
116943,0.13442656316355348
116944,0.05382089992575867
116945,0.011030692340555674
116946,0.03666214561244203
116950,0.0034571638624311227
116952,0.009661168178501772
116956,0.007416407708457735
116957,0.021330698846400147
116959,0.005019699285091441
116960,0.12368878314490993
116961,0.07821360210360916
116965,0.021285968393534995
116967,0.003972368729535675
116968,9.046504676771268e-05
116969,0.014622598298055596
116972,0.05685716998963001
116974,0.0032781410135373423
116975,0.0028718803509348747
116976,0.010587392206732398
116978,0.10418629353862237
116979,0.08455462875102138
116981,0.0034955100444457646
116984,0.00671502972292604
116985,0.007106151403552466
116986,0.010750610700767313
116987,0.016237709906089748
116988,0.0037087133473232246
116989,0.007226011552025157
116990,0.0073630356538770285
116993,0.15108335512003726
116994,0.04004041689689803
116996,0.01248791648523707
116998,0.02149977179959306
116999,0.004926805024081805
117000,0.017168072814843012
117001,0.011207184743917064
117003,0.009318673490447297
117004,0.08246989424682157
117008,0.026002561234859247
117010,0.1477925494242632
117014,0.01066185241197377
117017,0.0038317665228472944
117019,0.0017050902034121869
117023,0.0036305782528436763
117027,0.052281649930796946
117028,0.004338694881558784
117029,0.030250871399336476
117033,0.004274908367607304
117034,0.026595695588145583
117035,0.003067876766265174
117036,0.013694049465812236
117037,0.06591107076825538
117039,0.001427034783422931
117043,0.015807058152112224
117047,0.001561242456671132
117050,0.12264816323378208
117052,0.0030834470569516435
117053,0.02296654615008006
117054,0.13237066554351984
117056,0.030289784857354753
117058,0.0057483196624435046
117060,0.1276381729695185
117065,0.005129451263872975
117066,0.002272361160146995
117067,0.020944757302858812
117068,0.03670542806292509
117069,0.00459396174675522
117070,0.002996397820787777
117071,0.004358592347727202
117073,0.05922016365980277
117076,0.007360555160979922
117077,0.00015335186584536446
117078,0.007237540601739906
117083,0.042627800817215754
117085,0.00625131154443596
117088,0.0037873112387476733
117089,0.010048452793467126
117092,0.004806612652826687
117093,0.04728778453994863
117094,0.018596098830162545
117095,0.04422710540168726
117097,0.013188537841641387
117102,0.0303207956410717
117103,0.025358249364992428
117104,0.013865234106888417
117106,0.003947448500441757
117107,0.021414091606639218
117108,0.002575109940190394
117111,0.02299530518088692
117112,0.003301496571613434
117116,0.02757084363070735
117117,0.024189615993560138
117120,0.03790543534440318
117121,0.003036467616542098
117122,0.018052224324887445
117123,0.004386049298653311
117124,0.0028487027420359586
117125,0.003170450211419203
117128,0.003764951432609707
117129,0.0033090919752962974
117131,0.005784178691974938
117133,0.007202864626197107
117134,0.006999856923534933
117137,0.003892211368508337
117142,0.025111373208697402
117143,0.0001247473145392093
117145,0.004001691020453407
117146,0.0002505643468519501
117157,0.051644493668564245
117158,0.004753597090140092
117163,0.01956145463884882
117166,0.02295272176951422
117168,0.05470965226557509
117172,0.0430710205578667
117176,0.0051825781094684475
117178,0.10094884667112529
117179,0.00806966538673796
117180,0.025351228504293385
117181,0.008258792052739333
117182,0.005129660407471118
117185,0.04495376237482187
117187,0.06219745055914631
117188,0.0545833204023585
117189,0.14903883071051885
117193,0.014931078576331067
117194,0.04244898452873461
117198,0.024136301149215666
117201,0.003155107090723201
117206,0.030458474536930763
117207,0.027548894795981722
117208,0.026537979981652804
117209,0.01667994702316571
117210,0.006478504353172765
117211,0.018052224324887445
117212,0.00032895845977434963
117218,0.014039977855897036
117221,0.005432845133797598
117226,0.019585419332792425
117227,0.02293256426889703
117228,0.007579371306984181
117235,0.0017192822651871907
117236,0.027015384857828218
117237,0.018052224324887445
117238,0.006968711286792457
117239,0.004989918178942159
117240,0.07855469471102001
117241,0.02769526379428396
117246,0.004371473713098326
117247,0.09377762750114058
117251,0.0030660464236377393
117253,0.0016467858210874183
117255,0.1160887090061014
117257,0.007924327009828178
117259,0.0044355158409561495
117260,0.009795017610542888
117261,0.005399147452302284
117262,0.02212862681160443
117263,0.0036525543787993835
117265,0.004969136126570766
117266,0.0846015700553169
117267,0.013596169042854211
117271,0.006301027657979489
117272,0.0036167827197916285
117273,0.003828279170533818
117275,0.09397130653364665
117277,0.00445268994088112
117278,0.03289628035964775
117279,0.027086287733526577
117282,0.006308378625571452
117285,0.005848523467873915
117286,0.010666646867547936
117287,0.004125884563123683
117288,0.007706873183016224
117289,0.018815763961937494
117291,0.11737351811992595
117292,0.00792417148804443
117294,0.12637851505192577
117296,0.030748851748844314
117297,0.02784195710488379
117298,0.031117362154629652
117299,0.04945288183370457
117301,0.0023006106751751803
117304,0.01133796221750315
117306,0.006896137027271935
117307,0.11112540158905986
117308,0.013970685408481736
117309,0.0066474791421406824
117312,0.0033297161442327624
117315,0.0481578428288006
117316,0.02567216006069375
117318,0.008159953658243804
117320,0.07247447258788936
117324,0.005393038345686178
117327,0.14652356386836618
117328,0.006250587939326407
117330,0.004500066244615793
117331,0.023016444998294004
117335,0.030289784857354753
117336,0.005687380314169488
117339,0.008001732666533647
117346,0.00010612312829072456
117347,0.0027728814401221276
117350,0.022803506871152526
117353,0.0825538263158317
117355,0.004049183623706482
117356,0.0029459583772849874
117358,0.004289174468445978
117362,0.019258610140189078
117365,0.0026378161262229525
117367,0.0035109575565672076
117368,0.007902980593315144
117369,0.022007050129685554
117372,0.021307695504926363
117373,0.01356203173888858
117374,0.006009285226299257
117375,0.020192001054053485
117376,0.024019799761197926
117379,0.0031193259788096983
117380,0.0068517078023798365
117381,0.016830006701676805
117382,0.0018928619749442154
117383,0.0059087543023182
117384,0.0060781588017191236
117387,0.06972477248576918
117389,0.038899455523508
117390,0.012133640745415777
117391,0.0033032048074523018
117392,0.022693495091018624
117400,0.010134166705389224
117401,6.820747299396825e-09
117402,0.0053659028423068324
117405,0.10700085998433101
117406,0.006032392663825844
117407,0.009587065464669337
117409,0.01742526090014428
117410,0.023495596011239364
117414,0.025925540747170118
117415,0.028084843104638334
117416,0.0017916390376180053
117419,1.0545037196940372e-22
117421,0.003036524963495455
117422,1.3967489925622528e-10
117423,0.022441122455506737
117424,0.03086771854199512
117426,0.005985040320388828
117428,0.04861163542391593
117429,0.13717564760919526
117430,0.028153190067962273
117431,0.09417916952384325
117432,0.1197497049987396
117433,0.030289784857354753
117436,0.0003390639702731611
117437,0.003860873634149832
117438,0.11944367926481228
117440,0.002366122939518235
117442,0.06653412534306537
117444,0.006024638082597055
117445,0.023462498627104547
117446,0.0025595199611588883
117448,0.004251783426885394
117449,0.002636066701121209
117450,0.005412866498639075
117452,4.990875275932443e-10
117453,0.002702039755226728
117455,0.015706276309616355
117456,0.0014672669012684107
117458,0.0021014817854928397
117459,0.048379745604516175
117460,0.023400973100899728
117461,0.09807648227464635
117467,0.0037131169979406574
117471,0.0013040677161361475
117476,0.003521628519814681
117478,0.024769740175925297
117480,0.01134621161214252
117481,0.0019144286603037695
117482,0.008826617730477684
117484,0.005241325017712393
117485,0.1383592713236142
117487,0.1087104728110347
117488,0.01794552159690738
117491,0.00397898283520677
117492,0.006667450316653955
117493,0.022385679772670135
117494,0.030338014648163186
117497,0.014044736140832619
117498,0.004264220517378169
117499,0.011804175205040157
117501,0.01950193278581456
117502,0.06544791070089882
117506,0.003268741085711982
117508,0.020805012457437974
117509,0.003036383975966692
117512,0.002986301786550017
117518,0.01246614442950697
117526,0.011634532727788853
117531,0.013694049465812236
117539,0.005142447068410171
117540,0.0030365413485375923
117542,0.11736221298224074
117543,0.018052224324887445
117548,0.0026461430889214684
117549,0.0031188386261330942
117552,0.0036725308642165844
117553,0.007227655790595054
117554,0.01281069679720302
117556,0.0024893650315921056
117558,0.045281210066554244
117559,0.0336339159001953
117560,0.007438919162010931
117561,0.02900187769545143
117563,0.1407819120879796
117567,0.022159760724935144
117568,0.006319993147896683
117569,0.025774631693140725
117570,0.0019304977203683249
117573,0.01285573928701063
117575,0.1125025184832454
117576,0.002639931439733486
117578,0.12274860228579855
117580,0.02218476875940639
117581,0.004866520973857996
117583,0.1089503594804014
117587,0.00021109819010227946
117588,0.0002656726392672517
117589,0.004705185060460666
117592,0.004235558494933914
117596,2.9660233365225944e-05
117597,0.0064764141289092225
117600,0.0032520454940779477
117602,0.059174676652391685
117603,0.004091461190773989
117606,0.10867543862254692
117609,0.14712089907724585
117611,0.0031855427083235348
117613,0.005393524687242837
117614,0.017788503696622885
117615,0.007430523444192914
117616,0.26826504045627686
117617,0.10452390369085122
117620,0.10241489072998783
117631,0.01843819913907995
117632,0.006591147216250197
117633,0.034642278225464694
117635,0.002817229849490743
117639,0.01657582940826399
117645,0.11660855700038097
117647,0.03433733778451496
117648,0.003583016604653503
117649,0.0038981246201848295
117652,0.006915922684307145
117653,0.019250157902161072
117658,0.013191673634467743
117661,0.005362947941982701
117664,0.003782054399463436
117665,0.003046983008948779
117667,0.009799832743889453
117668,0.01718498534686827
117672,1.1115476962248156e-05
117674,0.014069703092174504
117676,0.06449091731910613
117677,0.01365241158967107
117679,0.011649306437714826
117680,0.004292347624783245
117681,0.004101322650947879
117682,0.0003731902546805741
117684,0.011311571338871888
117687,0.0067381308638737696
117690,0.005234610032295964
117691,0.03624488414196794
117692,0.024235578367867893
117693,0.0003187587854805099
117695,0.0056396389746241815
117696,0.020607128085141698
117698,0.01836711940622141
117699,0.023979480119333534
117701,0.010824498347082618
117702,0.050131971388866575
117705,0.009426245614992643
117707,0.009751973871660392
117708,0.047037885756069236
117709,0.007146644329406684
117712,0.0010294060744356211
117713,0.027891606147563093
117714,0.005719718934811186
117715,0.007247369795293689
117716,0.006297596821483068
117717,0.005769015536714268
117720,0.0021857045704822852
117721,0.02519830433366637
117723,0.031452568255238955
117724,0.007597154364481151
117725,0.004107084428844604
117726,0.00016966031242717636
117727,0.025743413318364435
117728,0.021469312031411093
117730,0.02101760725926165
117734,0.018024064613048195
117736,0.020342224843721956
117738,0.003893107763883194
117739,0.0044999766659037325
117742,0.08635697109564072
117744,0.011881815589547685
117745,0.005473069037109528
117746,0.0029573634075929713
117747,0.001078460094981494
117748,0.006597763288272167
117749,0.10483582227400341
117755,0.03227297354333738
117757,0.10251826761441739
117758,0.000456877089786066
117759,0.1325330851296907
117764,0.0033302066906056352
117765,0.0029789065784482085
117767,0.003205715446813958
117768,0.0035140589831587823
117769,0.01597590474155303
117774,0.003381959700023648
117776,1.0843478164441533e-05
117779,0.01635265620459187
117780,0.027181045259887772
117782,0.002648343847325383
117785,0.012476042144014116
117787,0.02788576743999678
117789,0.008017267600807176
117790,0.0030931624996035773
117791,0.0036442297648387016
117792,0.003981973426886211
117793,0.07169217018180302
117795,0.002998154781325634
117797,0.003803534783889408
117798,0.014561927162296259
117803,0.004283459273580207
117804,0.03136050578241819
117805,0.005679443402183644
117807,0.0041147257752245205
117809,0.01727293879506413
117810,0.00021550566716438166
117811,0.011475854453271891
117814,0.1338583355966804
117815,0.1312978782823089
117818,0.017792696399665048
117819,0.028668543946080444
117823,0.004499292697290134
117824,0.014953500647694332
117825,0.002708221747891183
117826,0.026207883902091503
117830,0.15452433632815704
117831,0.023801989279965827
117832,0.010196556604297679
117833,0.03492609341370459
117834,0.0058865931869432064
117835,0.008975352245835573
117837,0.028133134470377918
117839,0.02203343407549543
117843,0.004242827806233254
117844,0.024647374945613074
117845,0.008412008288787706
117846,0.004489165412748362
117847,0.02715082574118433
117850,0.011396040165342146
117851,0.0039263708112827495
117852,0.03264093377862998
117853,0.005240387993854973
117854,0.003865320099384371
117855,0.0017532851011602926
117856,0.007180288577306516
117857,0.027420160448019405
117859,0.018052224324887445
117862,0.08946864779223518
117863,0.0037990629914255248
117865,0.005199679516227097
117866,0.011026925913430675
117867,0.10916021194831392
117868,0.016817892584934026
117869,0.005336743732410077
117871,0.0021748692801323278
117874,0.0002682598251466362
117875,0.005361145839674928
117876,0.03486252083885185
117880,0.029017419973564523
117881,0.0019763196640759954
117884,0.028196923072167833
117891,0.015475629170692031
117892,0.08494276260711774
117893,0.0029963345768390212
117894,0.10220423598189234
117895,0.029555870486834376
117896,0.00828766025409564
117897,0.0032533707143915
117898,0.004554691994987141
117901,0.0037465210662170033
117902,0.08471205389116279
117904,0.013177266302690803
117906,0.04096343228116869
117907,0.008731404662847901
117911,0.018052224324887445
117912,0.004689899401802778
117913,4.1000601866606636e-05
117914,0.00731371653404184
117915,0.0034145051125908806
117916,0.002718902552131388
117918,0.00717021511836479
117919,0.16857494048623964
117921,0.004870958801483356
117922,0.02384741464835586
117925,0.04589158153423782
117926,0.004825593037852779
117928,9.670716284667022e-06
117930,0.011986590633361716
117932,0.003328388908254278
117933,0.0031592201641763716
117934,0.011397489513036452
117941,0.004803545244782568
117942,0.05475509198692973
117943,0.005060467808985301
117945,0.004105114710961963
117948,0.0027725532597850096
117950,0.004905944201061858
117953,0.003657108446370044
117959,0.022226653891787178
117960,0.14252405969225615
117961,0.004369050954605576
117962,0.03596531884661594
117963,0.0037780560933589327
117964,0.009293804697617558
117967,0.010482282443379377
117968,0.028828281359986076
117970,0.010179372594974602
117972,0.014477924513663495
117975,0.020607128085141698
117979,0.020281951698962953
117982,0.007515146105510696
117983,0.03122725662829803
117984,0.0022921119842421616
117987,0.006960634647586381
117988,0.00045484667401535716
117989,0.0034624844361372926
117990,0.15208973147856863
117991,0.008334056997959331
117992,0.005674105929882063
117993,0.0031716196886198253
117994,0.002986301786550017
117995,0.007159641964012821
117996,0.008784288452778975
117997,0.0010045332921184379
117999,0.030118024054782352
118001,0.06369144242321356
118006,0.00011775619735683368
118008,0.0031552068257126773
118009,0.02079166314071085
118011,0.07181974126952445
118012,0.020659652141830527
118013,0.0035247274963530577
118014,0.000648871509090546
118018,0.004314027930681693
118019,1.0567066957732338e-05
118021,0.03086400171273348
118023,0.010433841394715664
118026,0.0779104021990856
118027,0.0073467413925453655
118029,0.14821658380316757
118031,0.010042943950433291
118032,0.3378064895865383
118033,0.007140847943326555
118035,0.007506464742625475
118038,0.004001171923904409
118040,0.002982611026479491
118041,0.031482287588134296
118042,0.028984722557326637
118045,0.10075621581848707
118046,0.006321709176119199
118048,0.007758079883820488
118050,0.001702116361929381
118052,0.00664252073798407
118056,4.50833421925684e-05
118058,0.05580124652806926
118061,0.017192138536676976
118062,0.02798260432056528
118063,0.03593138366783369
118065,0.1207272226217753
118068,0.003289019891013239
118069,0.06155899538176888
118071,0.01819013329453892
118075,0.05454496993187511
118076,0.017134074104267077
118078,0.17725250728112898
118080,0.03909301963347288
118083,0.0056742676055192695
118084,0.0001993907681191172
118085,0.04074094644715815
118090,0.00933511936239856
118091,0.08863209291033981
118096,0.09460717814903107
118098,0.0030658128572952493
118099,0.004884591118916229
118101,0.0017776126980291198
118102,0.0011782439717113705
118105,0.002916687859753386
118107,0.030276333381719145
118108,0.1274171658790188
118109,0.006934309540086782
118112,0.14649548723268926
118113,0.0034408907425421157
118114,0.014084941222657339
118117,0.00486514086017624
118121,0.00331141392526394
118123,0.002872802116116882
118125,0.01727195211193956
118127,0.0065273589928681736
118129,0.0018447517082768746
118131,0.005109375504528147
118132,0.002986406192943805
118133,0.035979864885312254
118136,0.007247667943608483
118137,0.0012608889953314858
118140,0.0261272019101925
118141,0.013639828205401947
118143,0.016819750405717565
118144,0.001422624512251328
118147,0.07250355124888043
118149,0.0023874038661561912
118150,0.002640563055313198
118151,0.018052224324887445
118152,0.0038771205049803453
118154,0.018243773878757207
118156,0.04128607990311086
118157,0.020353607078927662
118160,0.003947387140154421
118161,0.03964970187868779
118164,1.88988332050855e-08
118165,0.02176791629386689
118166,0.004096776662264108
118167,0.0012385824805538753
118169,0.04866130239098078
118170,0.006301270272123148
118171,0.0038771374804233614
118172,0.015637701514102566
118173,0.04950069629274834
118174,0.0027258754997517955
118175,0.004232440850990252
118177,0.0027190407861118846
118184,0.05114232983433097
118187,0.00018195041448862341
118188,0.017391776267341022
118192,0.013713762294907802
118193,0.07655189976928094
118195,0.03497367862593729
118196,0.008836710895765593
118198,0.004614101297169358
118199,0.02471243781128543
118201,0.002877245193791308
118204,0.004042946981831102
118208,0.04780965178498556
118209,0.008957724860965868
118210,0.007877024602675926
118213,0.001581730057206093
118216,0.004354356746749578
118219,0.018052224324887445
118221,0.006517508267514905
118224,0.006235617188195625
118225,0.016179910822253698
118226,0.012205610392006752
118227,0.005601358600654868
118228,0.002715762179157026
118231,0.03219410285809862
118232,0.0048698642562547785
118233,0.024955510997946045
118237,0.2924355828545833
118240,0.003931258425386082
118243,0.02424966855397296
118244,0.005249243084019442
118248,0.022875616528054147
118255,0.011661364743539565
118257,0.005797414624147728
118262,0.004646514438803624
118264,0.009463224174683628
118265,0.10961943970368573
118266,0.006164816908293117
118267,0.012752147110453848
118269,0.005236173399165475
118271,0.019285469158753826
118274,0.0004346859671830911
118280,0.056844584127204854
118282,0.0034098186740954845
118283,0.004871385797364525
118285,0.008119879394509012
118287,0.0007479258851211004
118288,0.005321093693788198
118291,0.006533329021656052
118293,0.06584293222266008
118294,9.676488557346217e-05
118297,0.0033655655343020918
118300,0.004422308819049155
118306,0.02119849023097964
118307,0.004500066244615793
118308,0.015396838212592202
118309,0.03705494205590738
118315,0.0036121766577861605
118316,0.019869226893983495
118318,0.05130680061690546
118319,0.0013906623682450844
118320,0.028750236489476284
118321,0.00705743049635925
118322,0.05609704864611406
118324,0.13499872565052048
118329,0.017570676614644738
118332,0.005129382511818128
118333,0.03965680831787239
118334,1.0986569194519513e-05
118335,0.035038548965659735
118336,0.01137998729415625
118337,0.0032573975509329342
118338,0.0054984543010801554
118339,0.031574087326834
118340,0.004924088505808406
118343,0.001008050162007493
118345,0.003947488667283578
118347,0.0013059180628354674
118349,0.029317099580081777
118352,0.0034107996717267102
118353,0.008133056971646112
118354,0.004458759191319843
118355,0.026665274292483634
118357,0.00229666503695471
118358,0.025252253606032362
118360,0.01578640016794132
118361,0.030289784857354753
118363,0.00452448624075257
118364,0.006041458034569803
118365,0.0582656890596353
118366,0.003438422014422034
118368,0.026575111878711685
118370,0.002029128179247555
118371,0.15085934198304546
118373,0.017640014114240418
118374,0.0029863587719151097
118375,0.1171421445908423
118377,0.0050498499827239425
118379,0.006073985321991265
118383,0.05917959706693152
118385,0.03659869523449443
118386,0.02867695208853054
118388,0.05503981146163717
118389,0.02929523520482229
118390,0.043695477420735374
118393,0.026274656684454372
118394,0.14971126041444496
118395,0.004979745605457225
118399,0.008692451928640021
118400,0.014364427849755402
118405,0.014483994770291376
118406,0.06826319808453384
118407,5.806213700013958e-07
118409,0.003017538989123607
118412,0.03288771611187291
118414,0.017922895933475548
118415,0.025431908428108337
118417,0.002735369169934186
118422,0.03666743019145878
118423,0.02180766377557104
118424,0.261439110391898
118426,0.003405222285263257
118427,0.0037378308786241627
118428,0.014651466404542726
118430,0.007878905139545967
118433,0.011905159826317192
118434,0.002476765664794243
118439,0.10118238764195299
118444,0.018294700333044856
118445,0.07057082368373387
118446,0.00303636111792188
118447,0.07241420446840606
118450,0.02431118434512636
118454,0.007756271576914513
118457,0.04788928234914177
118458,0.00723749709076937
118459,0.007346765475705975
118460,0.003462377805607087
118461,0.09845881240164686
118463,0.14929234287318788
118466,0.11727559751626455
118468,0.047763584096783794
118470,0.10617945600651704
118471,0.004392784912607659
118472,0.003036449513630299
118477,0.01058311203473773
118479,0.06972507167206106
118482,0.06392375537869319
118488,0.014150624485273005
118489,0.018557573140626865
118491,0.006102434968283772
118492,0.1028159102166608
118493,0.022539757731512264
118496,0.006755197764338253
118497,0.005205467591050192
118498,0.021705621590181943
118500,0.003972069685382677
118501,0.009290556400616748
118502,0.010373728620909585
118506,0.048422156451197844
118512,0.05873699760955072
118514,0.025525254830757637
118515,0.04448424379253565
118516,0.003387157082812039
118517,0.016568603344632612
118522,0.03330802457568398
118525,0.003657964982597753
118526,0.012962650273989261
118529,0.01814027401470496
118530,0.002150576181283644
118531,0.007588027345226604
118532,0.07466425998519712
118534,0.04447103767109392
118540,0.2645808510509047
118543,0.0034630280299047136
118545,0.040441556540923705
118546,0.07064642877279088
118547,0.017714571429037724
118549,0.1060062487272905
118550,0.006324855691239844
118554,0.008612063578287645
118560,0.013187283686401522
118563,0.033526977543754645
118565,0.016982180425435506
118566,0.02250637814150896
118568,0.060113129642942076
118569,0.03786127582087283
118572,0.038921043209699635
118573,0.0005273237548525287
118574,0.0034860736256319786
118575,0.0060110287162717865
118582,0.13154640564533204
118584,0.004234020668851406
118586,0.05102127995620028
118587,0.02068553676775557
118589,0.0029708619744399484
118594,0.011014507265457914
118595,0.028119701431400967
118603,0.01113820791717863
118605,0.003947181363486011
118606,0.006177439117416481
118607,0.05426206652347321
118608,0.04433932821234544
118609,0.0005425750570628311
118612,0.3814227015995671
118613,0.010006243977516482
118614,0.04141185256595738
118615,0.07075030140744473
118616,1.061759086784911e-06
118618,0.11399202059226798
118619,0.02636608604285907
118621,0.012403548137012686
118622,0.0030363986420127863
118624,0.004263153932333289
118626,0.004678402591497403
118627,0.004275443696102275
118629,0.04351342227692699
118631,0.005466781151509277
118633,0.0009513943827579356
118635,0.013694049465812236
118636,0.0032129385765509544
118641,0.004381966058087166
118644,0.0034956584661758523
118646,0.005020455548706991
118647,0.07360031698331901
118648,0.03310940135770757
118651,0.09555440759286746
118654,0.0028805487115402687
118659,0.03570264953956511
118660,0.013241056848303892
118661,0.01723825637219017
118662,0.011209261438358669
118663,0.004809875914280059
118665,0.03857822729970312
118667,0.001274992514181522
118670,0.0051295807836571755
118672,0.05092477839608108
118674,0.025683718143977477
118675,0.014856409340594208
118678,0.014176740826047633
118679,0.0023006106751751803
118682,0.017603045905340276
118684,0.0009582420086653073
118685,0.0013407316919801713
118687,0.0058772179849647275
118693,0.05533503414862423
118699,6.633079077618142e-05
118700,0.018929537610899168
118701,0.004053220112981221
118702,0.025419397580212395
118703,0.0008675872610553532
118707,0.01070152453612092
118708,0.00027061992604834884
118710,0.015337982362441625
118712,9.572581687097491e-05
118714,0.0033986047807339774
118715,0.005547932353522837
118717,0.005839297914397777
118718,0.11216416566016019
118719,0.003205715446813958
118720,0.012109511840064079
118721,0.003895611808151676
118722,0.00020778395294678654
118723,0.004448955468015269
118724,0.15913471982027608
118726,0.00028672440147020834
118727,0.040754579533813305
118728,0.0030029898078483826
118730,0.004499928371594421
118732,0.0005631518927559282
118733,0.005488534573604354
118734,0.011336224485611912
118735,0.1471578027063245
118738,0.004557895524231417
118739,0.018052224324887445
118742,0.004955412071900583
118743,0.025244686672926613
118744,0.050032910582020355
118745,0.018052224324887445
118746,0.02019365031581206
118747,0.030051877381644308
118748,0.023731571404819397
118749,0.018052224324887445
118750,0.003036377502082604
118752,0.019735094283017993
118754,0.015512232389841157
118755,0.0744059147392009
118756,0.007667994959004168
118757,0.003357309652191719
118759,0.005762324035794709
118762,0.1010537831617154
118763,0.030680570590652823
118764,0.158654229609897
118766,0.00333633125276938
118767,0.12804201600174592
118768,0.0044984661321497655
118770,0.0028622864445647152
118771,0.000522611508516671
118773,0.021905685437255223
118774,0.006660235506786354
118776,0.00041589052821478813
118779,0.004584718132697858
118782,0.004445559536363269
118784,0.033438615512690936
118787,0.05242931491391835
118789,0.05429184118631739
118790,0.02302963014047098
118792,0.08182227022228708
118794,0.007663891442512926
118795,0.015451637057223494
118796,0.033035847869757134
118798,0.006037642113352858
118800,0.007959938333142522
118801,0.003940261458191327
118804,0.0444300355150788
118807,0.0037464118516410587
118809,0.00013398384559374526
118811,0.0019932210533986808
118814,0.003934137365757466
118815,0.003619130886835611
118817,0.13812785406645026
118824,0.04812912852880938
118826,0.026847668361362126
118827,0.004885144753253345
118828,0.008395197199743038
118831,0.01451497833025988
118834,0.009499962715665895
118835,0.0011183386066595268
118836,0.016281269886357707
118837,0.13344316219934474
118838,0.05940864116979466
118839,0.005256647114980552
118842,0.004630021033865903
118843,0.025482413956803094
118846,9.19603276534896e-09
118847,0.040244025586686945
118850,0.053354912239086213
118853,0.0751606400624874
118856,0.0003038905535543136
118858,0.05049803191113273
118862,0.20719059976348347
118865,0.005000686805115929
118867,0.006075214023380761
118868,0.001223205943110979
118870,0.030966180173917633
118872,0.12049526248275229
118873,0.004765282513087186
118874,0.0039472471613775486
118875,0.006744309733417931
118879,0.000532483647722174
118880,0.008334743567032968
118882,0.0014831548049864774
118884,0.0025431680406174015
118885,0.0394955984687563
118886,0.020799796257787658
118887,0.10214956726687506
118888,0.02391633738076644
118891,0.009731011337332405
118896,0.08191357170851166
118905,0.010582202801999846
118906,0.0031035065099832473
118907,0.030289784857354753
118909,0.0034624284101489006
118910,0.01701860894706945
118912,0.024482489988182067
118913,0.004613827521155268
118914,0.043646936238026915
118915,0.07214394644856686
118916,0.014014075603174032
118917,0.13423993859789082
118918,0.0038560451886926147
118919,0.026805960932551772
118920,0.10527206009605244
118926,0.019306009295034815
118929,0.00752143562170547
118932,0.003912428895562634
118937,0.05127309454518536
118938,0.0034398078671451235
118939,0.0034624077765497275
118940,0.002645391323190189
118943,0.12302814147559965
118944,0.009123566154023917
118945,0.002067832631810663
118946,0.1424401734806233
118947,0.027321328117847692
118948,0.0026988396519848907
118950,0.008784247578894068
118953,0.0031334874317708247
118954,0.010099561296501655
118957,0.07456654310320607
118964,0.0041293913240336415
118965,0.026696718471046432
118969,0.009508631790879442
118970,0.005058538594369613
118972,0.013194165935238695
118974,0.0031610870401509385
118975,0.0011351034004592952
118976,0.0035625144893921988
118977,0.0028945482214877425
118978,0.007174494526430017
118979,0.06691089067106415
118980,0.0068285907718085665
118981,0.0054434821461420025
118989,0.023462498627104547
118990,0.18587526920855188
118992,0.05090026177979358
118995,0.005637197657003604
118996,0.0025826635725854116
118997,0.11652230098330875
118998,0.03860358931784323
119002,0.03704358649156187
119004,0.021356987564062724
119005,0.017039902079157745
119007,0.04704168099927726
119008,0.0034624151556216427
119012,0.004649838051313419
119013,0.004282861115539833
119015,0.00014886338601680514
119018,0.0007365592787393746
119020,0.039644771519838924
119022,0.0023727201810711546
119026,0.006164463789200788
119029,0.002605958133293252
119031,0.019516095839711596
119033,0.0036654507919438276
119034,0.0021355212968084836
119035,0.0024434047444596386
119040,0.0038552992590969704
119043,0.010315118681690437
119044,0.002137117190535441
119045,0.0014517096686654254
119046,0.005590776466420364
119048,0.021006529376826594
119049,0.007231223597321936
119050,0.03372821143771736
119054,0.10841419343104938
119055,0.019576484197614825
119058,0.02038761744819028
119061,0.006999733297351333
119062,0.12797289660222255
119063,0.13271930383133113
119068,0.10673364024948101
119072,0.056844584127204854
119073,0.005374512650337435
119076,9.112404213446252e-05
119077,0.004865673501533512
119078,0.014029197781213016
119081,0.002791089696249261
119083,0.00045189938577400824
119085,0.011267276370460436
119086,0.0008400130215538935
119089,0.08840969565493698
119092,0.02472184827185138
119094,0.025797145977833884
119095,0.005947537683441503
119096,0.004230086894042756
119097,0.003767686153267177
119098,0.0385167604984117
119100,0.012946704028151785
119108,0.13237066554351984
119112,0.006014356804909807
119114,0.00311174485224582
119118,0.004704689501056028
119121,0.107598670031419
119124,0.006341083111368723
119125,0.004436763372416373
119129,0.06953186007633579
119134,0.005060447177816697
119136,0.0568091694285874
119137,0.0022815018383336
119140,0.028619875997818803
119141,0.0062260786958102
119142,0.019963251673281793
119143,0.07165531784654154
119144,0.03593605816679314
119145,0.0030236730208038007
119147,0.06658055149244284
119148,0.0009394368808052424
119149,0.00938389844691816
119152,0.006590858086602478
119154,0.0020068157394721392
119155,0.007513517887249691
119157,0.02905693391567355
119160,0.028255836585306626
119161,0.09107541097246787
119163,0.032405435911108886
119165,0.002154916009851328
119167,0.009142280174131136
119168,0.00011065901719477502
119169,0.0022969613497576293
119171,0.006219172170300587
119172,0.011128224796618071
119173,0.0036882883888891523
119174,0.004155889065135699
119176,0.035433179389123416
119178,0.03195024940554038
119180,0.0410693944312367
119182,0.007094319372511079
119183,0.004051614753475656
119184,0.0088761515859161
119188,0.0854951687035194
119191,0.0071738436965750494
119192,0.00737279202328798
119193,0.042581576847229956
119194,0.035752418941733095
119196,0.0060254232121235984
119197,0.027909311339848624
119198,0.0017030143093017746
119200,0.002877258429350407
119201,0.03885502766975777
119202,0.004989693347450006
119203,0.0024787068650275693
119206,0.006504894100355211
119207,0.022955697542029786
119208,0.004123902650623178
119209,0.15769829808307773
119210,0.007653050801229017
119212,0.02859609831996341
119213,2.9615464130779215e-11
119215,0.003175649055003543
119217,0.00042270995478681906
119218,0.004612716017134412
119220,0.006747425298537112
119222,0.14114486458623848
119225,0.0033522225637059896
119226,0.0035360585323842954
119227,0.007292413740521583
119228,0.010718679731593034
119229,0.004591496039277462
119230,0.024289035462015184
119236,0.023119924199764205
119238,0.003053615066618844
119240,0.031088105070795465
119241,0.0069429415700121505
119243,0.0024827592079787204
119245,0.004987833851930024
119247,0.012189920974376
119249,0.008043837270943613
119251,0.026742569382354236
119252,0.004126487268900165
119253,0.012420330830144733
119254,0.013169606777476948
119255,0.005189473132871024
119257,0.0058519808356298055
119258,0.02059349625837555
119259,0.02941117538958273
119260,0.0022182532673102216
119262,0.030479823315688416
119264,0.005166499589954445
119265,2.558140097984818e-10
119268,0.008148321338664171
119271,0.0563511160844942
119272,0.005203659186169232
119273,0.02616829949362746
119276,0.002848225881124533
119282,0.0034481174342988275
119285,0.022568603512316262
119287,0.0063058059971518145
119290,0.004019749876830322
119291,1.4851977256040782e-08
119293,0.004247963569208472
119294,0.006687301867396311
119296,0.01101817606758793
119298,0.003036424936841183
119299,0.003165233190231452
119300,0.0030308212596403643
119301,0.002345501898094317
119302,0.003821102813360517
119303,0.04637846095389353
119304,0.14444684879071634
119310,0.005457804443634582
119311,0.0015331214580078779
119312,0.01696339811908542
119313,0.021694013315406147
119314,0.04569147955611315
119317,0.0032371391215521876
119318,0.006788028885129907
119319,0.009842406838576722
119320,0.019973442181560944
119321,0.004300676032272114
119322,0.048718432380083686
119323,0.0023857786199278372
119324,0.00718137967916239
119328,0.002840303084124494
119330,0.0039667595285938105
119331,0.11355493451113757
119332,0.003608040781618602
119333,0.010488343908819519
119340,0.0036710534389809285
119344,0.004661231409847106
119350,0.0033588169333764253
119352,0.001276613960756304
119357,0.11914140946020293
119361,0.0030480831500156436
119362,0.019771935710764577
119365,0.0063786911535259555
119368,0.004400754488180357
119369,0.0043164751541587805
119370,0.005382811189792896
119371,0.04952434612627664
119374,0.0037137096812849147
119375,0.01199097738001
119377,0.056608439596459496
119378,0.005846621198855539
119379,0.025297085241598353
119380,0.0291201831270893
119381,0.00509909350455084
119382,0.010517158959070056
119385,0.11509255710340656
119386,0.049734386899122976
119387,0.04218220810453834
119389,0.028852029570455455
119391,0.08345055720654299
119392,0.018479140328633088
119394,0.0035250162875228737
119395,0.03566202112070086
119396,0.07894073264619407
119397,0.10034430149256067
119398,0.0053412895458989995
119399,0.0051293607747821485
119401,0.007093634068075501
119403,0.08137599188778204
119405,0.002273333350304531
119411,0.13237066554351984
119417,0.009096413028116564
119418,0.007194638355591173
119419,0.0059827996588828316
119421,0.020622623830958853
119422,0.035189310657519866
119426,0.00033385209289256104
119427,0.027801894444570874
119428,0.0020785478730432896
119431,0.0035730192135390647
119432,0.021870474737664403
119433,0.009549959331883401
119434,0.06189413872795882
119435,0.03970611592779075
119438,0.13071469892008375
119439,0.02816904341723355
119441,0.005399453804801433
119442,0.009757891984040205
119443,0.0038422404976853793
119445,0.003690717752998014
119448,0.005678839009642558
119449,0.0002798854545296428
119450,0.09157278308448565
119452,0.08363785948301065
119454,0.003961602026546969
119455,0.006078643463382369
119457,0.004166813423903804
119459,0.005278126830774042
119461,0.014995087942630445
119462,0.008625829067038786
119463,0.004537620207777054
119464,0.0031280074292967005
119465,0.0023145976535947767
119467,0.0023006045711055946
119468,0.00819351008712819
119469,0.03909301963347288
119471,1.1916607335282537e-05
119472,0.041898730605287725
119476,0.0032327123675261246
119477,0.02339765718856473
119479,0.010286068417969975
119485,0.0037639617146034325
119486,0.021191434433613543
119487,0.0004960271156252383
119488,0.020607128085141698
119489,0.030428606854453852
119491,2.274961264281063e-06
119493,0.03133786475999725
119494,0.0029299397119820886
119498,0.022796089212443242
119499,0.031274592423345696
119501,0.0023657492057964475
119503,0.04721683101883007
119506,0.0019452587330307115
119511,0.008665246391444103
119512,0.003701193397534534
119519,0.03089186751716048
119521,0.09160586245155601
119524,0.006187054041393841
119532,0.045182934541271196
119536,0.00396865827737016
119537,0.004701320208542515
119541,0.11518358190243741
119542,0.0054217935270468205
119544,0.006408756377601159
119549,0.06791578486507749
119551,8.19006237956109e-07
119553,0.0015916038446791155
119558,0.1326194362831744
119561,1.7808684082154333e-05
119562,0.051485764410916214
119564,0.003620053820656563
119565,0.025657573406788235
119567,0.004037544882985001
119568,0.01343158660301216
119569,0.004138102208275237
119570,0.0059098168253833225
119571,0.026665274292483634
119574,0.030903441014851478
119577,0.017466152900906983
119579,0.0640250881859723
119580,0.0029164194970230212
119582,0.0033742141847961887
119583,0.06529268523251366
119584,0.18178780019378402
119585,0.008799213264262971
119590,0.002538132259519401
119593,0.007017410729545776
119597,0.0460172545543482
119598,0.005645283514889065
119599,0.033779357813112754
119600,0.0014709062000901646
119601,0.05413552894611458
119603,0.0057381523446272484
119604,0.006470659785312605
119606,0.003947276729561885
119609,0.0034624151556216427
119614,0.001785666881831527
119615,0.04535448842219029
119616,0.01296749874077236
119617,0.00012977488721615672
119620,0.023805374073791703
119622,0.0009006395714644616
119623,0.02902324503477527
119626,0.0032144162223173576
119627,0.01635081885962276
119629,0.02608669957175807
119630,0.004235115223267944
119633,0.03447705090167964
119636,0.00880230449820864
119638,0.001108851056085948
119642,0.002293639532897588
119643,0.056844584127204854
119644,0.002770928491481304
119646,0.0015046058933167637
119650,0.0027400079382363823
119652,0.0038957393195285166
119653,0.02372024647774363
119658,0.005148006247019195
119661,0.04875049598783683
119662,0.004500017949349457
119664,0.004671305191850482
119666,0.0067974987737984575
119667,0.0024912794843560526
119668,0.005963397298680039
119670,0.024462355727119498
119677,0.0014367379332140481
119678,0.04675997106982272
119680,0.06758659675269091
119684,0.006180336408811631
119685,7.191232447207992e-06
119687,0.02728426078542799
119691,0.015876863502651835
119693,6.001726400443171e-06
119695,0.0070380756946676025
119696,0.005777787197627362
119697,0.008334375994303818
119703,0.025993105040157453
119704,0.003850042035694289
119706,0.1406579210738569
119708,0.04806861285885277
119711,0.002817847869943453
119712,0.005978291044532684
119717,0.02078826072256789
119718,0.06952243762398813
119721,0.0030364477953649673
119726,0.0022104268533041614
119728,0.09982462549232916
119729,0.017619260103993766
119731,0.0040003399027205054
119733,0.005800147570006483
119736,0.004300973140489129
119737,0.004663737658614837
119738,0.019134657094421505
119739,0.0034051720247245043
119740,0.10417810991064692
119742,0.036309357646712115
119743,0.00611032245651935
119744,0.004200765389856658
119747,0.13570954449444358
119748,0.0037737258295279085
119751,0.002119323776126958
119756,0.023227842653245817
119757,0.010044137217714274
119758,0.005158353291175738
119759,0.004332818787974349
119762,0.009306493689552603
119763,0.026862025614204626
119766,0.0005185532939604594
119770,0.0007270363011214771
119771,0.003281063748442199
119772,0.050251888926462165
119776,0.004095536888441231
119778,0.024902585729092673
119780,0.00477298996549146
119785,0.0006686124076445431
119788,0.02817061815130532
119789,0.005621313531506211
119790,0.03216179069465782
119794,0.004199064365773508
119798,0.004767786580706079
119801,0.045486056414722996
119806,0.12298034145314612
119808,0.023594718426841407
119811,0.005707768266734772
119813,0.005360235387409018
119815,0.009019954090842565
119820,0.02426981248952081
119821,0.018052224324887445
119822,0.005748416388190657
119824,0.057138351466950295
119825,0.007066908864156765
119826,0.01240028912509605
119829,0.0003456692413032875
119832,0.03875739843459239
119834,0.0025308511328930383
119842,0.13450444838877382
119848,0.21538553261576399
119849,0.031877704092254315
119850,0.014048122852398459
119852,0.003834265290305734
119853,0.00406002301380847
119854,0.0017464536810118106
119855,0.02976833736806877
119860,0.0014255280026421477
119862,0.02091135863387192
119863,0.07856014212187787
119864,0.007619917007944263
119867,0.0014442901718835703
119868,0.03805491114065242
119872,0.032662730834184424
119881,0.0017361240301592225
119882,0.041393249055231535
119883,0.00617582801685014
119885,0.005129575019881986
119889,0.04310016374649943
119892,0.005681859552948315
119893,0.01709353473698474
119894,0.019667984591988333
119895,0.0007854165722218675
119896,0.016075437961674433
119897,0.00909465331337105
119898,0.00383254987411815
119900,0.10227558868289773
119901,0.0763082176321541
119903,0.006975536477166216
119907,0.02352020854848558
119909,0.02537578619451626
119910,0.036575607969229824
119914,0.0026954538445693836
119915,0.004734505526545927
119916,0.0034622416633787443
119917,0.004924138702303436
119918,0.03398497916208715
119920,0.01897484485182319
119921,0.060691852623434565
119922,0.13133692096281713
119924,0.005447416294965613
119927,0.0010491607131147644
119928,0.007045127101627672
119929,0.11112540158905986
119932,0.017584908099230634
119933,0.013755737256560607
119935,0.00231392685619952
119936,0.0024828328709591515
119937,0.07146843225428512
119938,0.0030285042191297413
119940,2.1410076609923476e-05
119941,0.030289784857354753
119945,0.004294048011201904
119946,0.13156224536414005
119947,0.018052224324887445
119951,0.00443076010933973
119954,0.002031257204374758
119960,1.4593175813310589e-06
119964,0.03475861205625604
119965,0.005129437513388674
119970,0.06407913964066381
119972,0.007867634328672985
119977,0.0034853019363997894
119978,0.13528986331981718
119980,0.000374093616702535
119981,0.02342451192722185
119982,0.004254924417220442
119983,0.003614401664858865
119987,0.0034623964805641718
119991,0.004171372475727277
119993,0.023998427759686882
119994,6.583919148362045e-05
119995,0.0032394403065221576
119997,0.004046018250768859
119999,0.09116586731268961
120002,0.0038281521020981655
120003,0.0184716161974791
120005,0.0905891727073901
120006,0.002575596543410346
120007,0.010898090734160435
120009,0.018572525765759018
120010,0.056345009406983275
120013,0.05743539299124008
120015,0.00518234725105309
120016,0.007073422171953426
120017,0.010917414281212809
120018,0.0030365379119042875
120019,0.021244397895552502
120021,0.0035262133916761614
120025,0.0030365887858480123
120027,0.09761867855544336
120030,0.05848062879300387
120031,0.0036991278120439316
120033,0.0047186806065281205
120040,0.0280604443068159
120045,0.04435155341604186
120047,0.024482489988182067
120049,0.011936768223102611
120055,0.0029862289960277543
120058,0.018052224324887445
120059,0.00630553262247828
120060,0.024857571304149218
120061,0.00389653331274905
120062,0.006036260223035808
120064,0.0009434685807548499
120065,0.0034623910599918643
120068,0.024637412627124985
120069,0.017050590330913357
120072,0.04472636062167073
120073,0.0030994205742153787
120074,0.0031483792601426502
120078,0.015662822472228236
120079,0.00692095974176326
120080,0.002496169537608363
120081,0.02262000711915524
120083,0.007071198512165635
120087,0.026831934463813108
120088,0.07292667605924036
120089,0.009899970391867172
120090,0.005571523943612266
120091,0.004962718617158473
120094,0.04139433659330069
120095,0.0025357655086363103
120097,0.0016600332506128022
120098,0.09671597798635724
120100,0.012213255094357533
120101,0.007571321697257817
120102,0.0034624284101489006
120106,0.0031118515159612244
120108,0.011606663462604036
120110,0.10951469021329607
120111,0.0029992745764282425
120112,0.0005072486066236539
120113,0.014881378225410838
120114,6.081188817957909e-09
120115,0.0032451430433827846
120117,0.004032622564033787
120119,0.018052224324887445
120122,0.05542309655007763
120123,0.001880805606879664
120124,0.003457767843160494
120125,1.3299783496581002e-10
120128,0.03664303059517289
120130,0.004334077509892818
120132,0.012040717062558473
120133,0.018052224324887445
120135,0.006943486429951913
120139,0.005884310243744494
120141,0.016769263824931258
120143,0.013174516384560638
120147,0.018600721457049493
120150,0.026152540289039256
120151,0.025182059902750083
120152,0.09989257471370062
120153,0.032062285841371246
120155,0.016661241134668894
120156,0.004615510163880029
120160,0.023462498627104547
120162,0.0038943871000395374
120164,0.03615875168079148
120169,0.002635356629471401
120172,0.04705473104218878
120174,0.004235163632071036
120176,0.0014813331658175505
120178,0.02705890715158493
120179,0.02027415816364168
120180,0.14252678871664015
120181,0.006915311014533989
120182,0.006916984718182866
120183,0.04411543363781814
120185,0.01518117667018683
120187,6.947083298160372e-05
120188,0.12878087584898668
120191,0.006275895908479979
120196,0.008543436058387265
120197,0.0016998725644894197
120198,0.003271860700206353
120200,0.003734434316573473
120201,0.0049100417627438
120203,0.01885750483867963
120204,0.030059646132613846
120206,0.004414583199663184
120208,0.0030365706822160304
120209,0.1368757278766209
120210,0.07511500688455693
120213,0.006251604399299289
120215,3.303710857301132e-05
120217,0.012815985469233824
120219,0.02900883123349173
120221,0.004752647518102478
120222,0.018052224324887445
120223,0.0068506713828974854
120224,0.011712050766253422
120228,0.006847958227078431
120229,0.029435843183641414
120230,0.0013038956396971598
120233,0.005625986619313172
120234,0.011752861415030924
120236,0.10640392761817538
120241,0.034144511942507526
120244,0.004505563288333407
120245,0.007966324512372933
120246,0.0055455538850753975
120247,0.018904312846083293
120249,0.010468911945164576
120253,0.006050258034638311
120254,0.06175728705144827
120256,0.0022745484570662945
120257,0.014299035377363527
120265,0.1184734254240667
120266,0.022941829549932135
120267,0.0322670391130549
120269,0.005082379583465848
120272,0.05631658070828315
120273,0.013694049465812236
120276,0.08073453983203138
120277,0.013626584747150386
120279,0.07116127814160371
120280,0.00021946267929940895
120281,0.029077069776973427
120283,0.02022922421301086
120284,0.05132205714237037
120287,0.019805786195920695
120288,0.0042847716538782065
120289,0.006209815829163133
120292,0.030055164402949794
120293,0.025115979814558917
120294,8.683668073942507e-05
120296,0.031077093777671098
120298,0.006108464069636712
120301,0.007666125091799915
120302,0.036411577603707515
120304,0.01928827358333799
120305,1.8073015735107268e-13
120308,0.0018070974692646566
120309,0.0024272991702095296
120313,0.018052224324887445
120316,0.1208439514303628
120318,0.005674167679749958
120321,0.005831194140517842
120324,0.004391349455650892
120325,0.005600993397347137
120328,0.012848361135544797
120331,0.006300342433095039
120334,0.021503229808475046
120335,0.035530059624222336
120337,0.13174976109592218
120338,0.004144367105151332
120340,0.08032256431141001
120343,0.04400155276124846
120344,0.002970558542421477
120345,0.03738945540377957
120346,0.0034606831600707847
120352,0.031735305348280694
120353,0.023868141743093572
120354,0.009721015257171523
120356,0.06226655902168598
120358,0.02109865166585183
120364,0.002229917305682409
120365,0.02913908179066772
120366,0.004500085329986183
120368,0.00263660884922547
120369,0.019376162837994038
120370,0.09162307576716977
120371,0.0048528256935129604
120373,0.13310875540430606
120376,0.005681216712397851
120381,0.003993565077937429
120382,0.014025922113350634
120383,0.0013894130173696677
120385,0.10394009366341996
120386,0.0031544969520854367
120388,0.003879285705609712
120389,0.010103788512560568
120390,0.0734040361066472
120392,0.006548813919073804
120394,0.003964662954350534
120395,0.004791919933689688
120397,0.022485827423597633
120398,0.014151810871243103
120399,0.0012051483454121735
120400,0.009472431553248185
120401,0.004682427863779337
120402,0.011030819694226405
120403,0.01148480408342085
120406,0.001326849475413905
120409,0.00238929947282233
120410,0.07067130090339035
120412,0.0029336893016417916
120413,0.11788091955385498
120416,0.002608351027719676
120418,0.003950420268907239
120420,0.12028239618541313
120421,0.01536651978709736
120422,0.06182172661789436
120423,0.02566173781294841
120424,0.006062889336748634
120427,0.00017886292134102144
120428,0.0211139280596472
120431,0.0036181826919070644
120432,0.005153242554272838
120434,0.02854408507785554
120435,0.022897906459648152
120436,0.0017089477952375877
120438,0.001284261066569943
120440,0.018654586456783986
120443,0.007371766892423412
120447,0.08747931174886808
120450,0.01030780574114282
120451,0.06394738271898281
120455,0.014065692705471035
120458,0.03024459370296149
120460,0.042534788377898584
120461,0.026673000477021466
120464,0.023632310182104165
120465,0.004989687252858381
120467,0.06150166398935705
120470,0.006652191518964188
120471,0.16825902519719846
120472,0.005586302246321253
120474,0.04343290052256065
120475,0.012370692295888414
120477,1.2927300071378807e-05
120478,0.018425590433637486
120481,0.009030179346687562
120482,0.023462498627104547
120483,0.0026370069146737667
120484,0.03071162666497337
120485,0.001470728049946136
120488,0.09447292221996206
120490,0.0039018160859354075
120491,0.007229707353035081
120494,0.03440527244408891
120498,0.0035299988444202337
120499,0.014382862576687788
120503,0.007300149146826554
120504,0.002365923193642057
120506,0.13232459060425392
120507,3.177900119035881e-05
120511,0.10330347397671802
120514,0.01581388344281608
120515,0.0014759925631871854
120517,0.02096843925385055
120518,0.009049959372642349
120523,0.07347183598165204
120526,0.01734843036733783
120528,0.008767521821719288
120531,0.05893101221870648
120532,0.019641140181756875
120537,0.038985542007657976
120539,2.5483685441694556e-06
120543,0.035829574998542814
120550,0.0029527487498074304
120554,0.02416150663947273
120557,2.4339653564962398e-06
120561,0.002976803347996005
120562,0.004633281601256989
120566,0.05057535088337897
120568,0.14609796732129832
120570,0.000760350962472849
120574,0.0007437654979999214
120575,0.0039283903432337924
120576,0.018698948726004413
120581,0.003036467616542098
120583,0.007862896527488828
120584,0.04858867319164766
120589,6.294290764292518e-06
120594,0.02060187344270426
120596,0.021750141578809102
120598,0.0040348925816266895
120599,0.07174095851111352
120600,0.016303526237330373
120601,0.07275210155037642
120602,0.010836240420638825
120603,0.10487767252023801
120605,0.02417797075827556
120606,0.006293850639259904
120608,0.0034624844361372926
120609,0.0029962666189095803
120610,0.0877474170235543
120615,0.003698557772635994
120618,0.05697283511257409
120619,0.009399442375416279
120622,0.01764129207467803
120623,0.07570177990821236
120624,0.024031838534924473
120626,0.11112540158905986
120633,0.43211904184017474
120635,0.010235077065605693
120640,0.013792020030371287
120641,0.05793017049007886
120642,0.01849167317921923
120643,0.0025054482777630317
120644,0.01611457976531422
120645,0.02560723680676367
120647,1.617181308248864e-06
120648,0.004148254481185582
120649,0.1329171168896389
120651,0.025914647928132136
120652,0.012036200517147082
120653,0.014685918531970817
120657,0.0039770698799426385
120659,0.018095453267550785
120663,0.02365298991372831
120665,0.002042222789277962
120671,0.017247027542186835
120672,0.004109685644617668
120674,0.012694869951421201
120676,0.006494308434203888
120677,0.03545005775678475
120678,0.007014978925489044
120679,0.04651725152523004
120681,0.029969834922275163
120684,0.0042979098639819155
120685,0.005099588999044926
120687,0.008566985308665377
120688,0.0043036170795664255
120689,0.008491751027608529
120690,0.004729142699819407
120691,0.007226208839480978
120693,0.0022031939665106744
120695,0.0026393143974838256
120697,0.027590954782351317
120702,0.02473289502105069
120703,0.018052224324887445
120704,0.0016293901584192721
120705,0.00047323291145504173
120707,0.010660333240785023
120708,0.03966864650760702
120709,0.005179889145210106
120710,0.000273594708944605
120711,0.0004114658100915431
120712,0.006020947889833587
120714,0.00126297051384746
120717,0.027833058517573943
120718,0.008877716980070496
120723,0.05671276289784606
120724,0.0029862289960277543
120726,0.033459216534248166
120727,0.003462452506037705
120728,0.018052224324887445
120729,0.007153742754396127
120730,0.03877633126603844
120731,0.009960732310409616
120732,0.0200573636455763
120733,0.003405249309923773
120735,0.0032126044953548656
120737,0.0044406736085408
120740,0.024846152571234202
120741,0.005632489294317314
120742,0.0029588185079182355
120743,0.007926318125383174
120744,0.006417881364812341
120746,2.4586268002764093e-05
120747,0.0038331635883120086
120748,0.024123361880501328
120749,0.004122477184897498
120752,0.08914337618248631
120754,0.002273140338664703
120758,0.00574284952519602
120760,0.005460589955527668
120765,0.018787543713176313
120768,0.004847773837361768
120769,0.042436434905608174
120771,0.0004040285402206536
120774,0.032765034133597624
120777,0.0005055023305829338
120779,0.008594375567002658
120780,0.038242039068332206
120782,0.004908589282401979
120785,0.004841668039700254
120786,0.1062755896263956
120789,0.014058456982450578
120792,0.015036145844913272
120793,0.0015198077498394275
120794,0.003082605574512448
120795,0.026457497752238122
120797,0.06265931110605236
120798,0.002528999694290812
120800,0.019579967332926145
120801,0.028765919813139182
120803,0.05404956420546979
120804,0.030380388383332495
120808,5.074295534972515e-05
120809,0.1039664067995105
120813,0.026251657478443498
120814,0.01801050194786012
120816,0.003524094397010026
120818,0.14424847623894632
120819,0.004037013953216313
120822,0.030713885497520275
120823,0.012508756082543123
120825,0.008924704745511103
120826,0.023487312039416276
120827,0.046289166346125885
120828,0.005774763733985729
120829,0.00785924863405405
120830,0.02392946659801074
120831,0.12884205590503178
120832,0.05130427609593471
120834,0.0037432646274867367
120835,0.12633869443847565
120836,0.004924088505808406
120837,0.07798156867266427
120838,0.050123716922040644
120839,0.013746717300424389
120840,0.0038828966063930606
120842,0.025565195665010546
120845,0.002870417131824477
120847,0.026937037638866238
120848,0.05297706483566779
120851,0.003459448814252454
120852,0.0069098640773858164
120855,0.002941568425115023
120856,0.014768689343694071
120858,0.027277262280488997
120859,0.006328992698658014
120861,0.1424524691569302
120864,0.020655452555087574
120865,0.15523111959167493
120870,0.001645586065688762
120873,0.00022091562555492285
120878,0.022816509242841433
120879,0.003266705377528284
120880,0.002790788310223393
120881,0.0051544143557695765
120886,0.01099203264092272
120887,0.004300630553938225
120892,0.004712974034761569
120893,0.025484353810174998
120902,0.01259536577967278
120904,0.004964866842355934
120905,0.0007545234745918629
120908,0.009840440364378715
120910,0.00329211671447056
120914,0.003523516714181514
120915,0.060576697736338225
120920,0.003025818421463371
120922,0.040880507357654215
120924,0.009586289749357635
120926,0.021523185683754675
120927,0.04029342838912776
120928,0.011283989893945006
120929,0.013748129975596511
120930,0.014468927807609706
120931,0.02100228688785812
120933,0.023064374678946776
120934,0.00021601957051340504
120935,0.009263085844182773
120937,0.04315994228848049
120940,0.08354049563044673
120942,0.09560529864104822
120945,0.06018502406845461
120946,0.010269953357652132
120948,0.0017113200889971303
120949,0.008590550515602728
120950,0.12878087584898668
120953,0.0030309736242509684
120954,0.0010713470094788587
120956,0.03167846808260473
120957,0.0003975740677688325
120958,0.003162103731434861
120961,0.0247258540275099
120965,0.0009384783447350098
120969,0.004486678198814022
120971,0.002585761799362931
120975,0.05253179462435227
120977,0.024482489988182067
120979,0.035068202772507384
120980,0.01078308376924472
120984,0.008042549421027306
120985,0.008628274342640893
120986,0.0030702411416831487
120989,0.02714406748295622
120993,0.0031996021916330386
120994,0.0034570471923717574
120996,0.0016206615933100036
120997,0.012730728294860102
120998,0.01655170706688002
120999,0.1676586667029372
121004,0.0010973368566440664
121005,0.02326520839222305
121006,0.027629442398757573
121012,0.018052224324887445
121014,0.09671597798635724
121016,0.020607128085141698
121017,0.016752511629125534
121018,0.003978613021662123
121020,0.005003165602444947
121021,0.003999960441155798
121023,0.018134649979754804
121024,0.004718240518186993
121025,0.00023524233865783396
121028,0.04754884110789305
121029,0.003090400858937848
121031,0.02308908710587519
121032,0.06291855888314214
121035,0.04098857497519962
121036,0.004130279047654206
121038,0.003980482612862195
121039,0.0043792978015652125
121041,0.00328386852473538
121045,0.02332447120406278
121046,0.22329974542542885
121047,0.0037924614741021907
121052,0.004499892151201039
121053,0.003658554348566954
121056,0.004957717912080737
121057,0.005584575594590468
121058,0.04885497425703135
121059,0.010198002364973004
121061,0.005689823585302807
121063,0.003409735247917044
121064,0.020088523077933455
121066,0.005773914551394134
121067,0.10905126535269316
121068,0.013469232894286013
121071,0.0050873854814545575
121072,0.002151620091929923
121074,0.0810795819078891
121079,0.03177548298783476
121080,0.0011085444711974514
121085,0.005169952248807268
121091,0.022060355770877196
121092,0.14611641066948589
121094,0.036469388139717784
121095,0.006037405143460075
121097,0.0032373641075088976
121101,0.003225749301657046
121102,0.04152787751007672
121105,0.008199818782218966
121106,0.017051568760450844
121108,0.004166605947054544
121110,0.014499732008506568
121112,0.0020391963627045505
121113,0.0029862560289283502
121114,0.05718305360929778
121115,0.00567430292023458
121116,0.02117089571947868
121118,0.004123579265580807
121120,0.002868287858819486
121123,0.017607339576306877
121127,0.004484781184047607
121132,0.00778887107499295
121134,0.009125107678732713
121135,0.014516127645778792
121136,0.00822875467549791
121138,0.005983029663245129
121139,0.009816277336198314
121143,0.03274667651788375
121145,0.0040643610719707885
121148,0.0407438149087267
121149,0.023555945671828477
121150,0.12076586976678008
121151,0.011580895218230232
121152,0.11019685122844286
121155,0.047082670899296485
121156,0.01978982749478635
121157,0.09969934726882916
121158,0.0666158675446564
121162,0.13591799091173426
121163,0.008029973590937338
121164,0.0062919493209522455
121165,0.0029962666189095803
121166,0.00981182580514484
121168,0.018294577772907338
121169,0.018052224324887445
121175,0.0058508724228863475
121176,0.013694049465812236
121177,0.026922048126323376
121178,0.024809173019569034
121187,0.020157093249289507
121189,0.009696222869563667
121191,0.0035548729280609555
121193,0.005341075208735626
121196,0.004180885681794399
121197,0.00814512016728739
121199,0.001575727834023953
121200,0.12296234720670457
121201,0.0006507490167888824
121202,0.004395172623988032
121204,0.015607710104421904
121208,0.058853114269865586
121210,0.019488717129806793
121211,0.033680410659467544
121213,0.003805681820326413
121214,0.002127098454455612
121217,0.04165874835277776
121220,0.002102533023416083
121221,0.002999458935036901
121222,0.014175052929361255
121225,0.025380053140501842
121226,0.004304647408596585
121229,0.004960488851450053
121230,0.005597038175007518
121231,0.004790238637903978
121232,0.06468311302038074
121233,0.010621812516523959
121235,0.0025873506891144855
121242,0.0025966805475646244
121243,0.005280193679929994
121244,0.04196978206667114
121245,0.002311379286577916
121246,0.026728015423921024
121250,0.0045004285905524445
121253,0.003137603557319876
121254,0.14187946403714552
121255,0.1654797982083563
121256,0.020155396798757302
121257,0.0052690689880109404
121260,0.0030961436297832707
121262,0.0005274916272450333
121267,0.003977104706848283
121268,0.004069727414494615
121270,0.012133524018948499
121271,0.005646844511715678
121272,0.0827310951351544
121275,0.0017918581735864342
121276,0.0034622470837179726
121277,0.0030365788748490568
121278,0.021192762375058297
121280,0.026665274292483634
121286,0.0031263641424404895
121288,0.0706084743198449
121290,0.004824829654514959
121291,0.04355596252548841
121292,0.004501496427867217
121294,0.005474676983580562
121297,0.003853436565343816
121298,0.002365550381215547
121300,4.3060163130295616e-08
121301,0.006802895029233173
121305,0.053960403261374495
121306,0.02016175622279339
121307,0.006341049473240646
121311,0.01837809853453882
121312,0.004757660751717465
121315,0.0054631241645012344
121317,0.027211172873659657
121318,0.009521178517626775
121321,0.006110906461321505
121323,0.034717662318901624
121325,0.003942106234775475
121328,0.09140326089928383
121330,0.01503288634649394
121333,0.107140229391914
121335,0.006624321633186347
121336,0.00039617495064908425
121338,0.0022949111005487023
121340,0.019306899788606918
121341,0.005636091123889783
121346,0.009092569054310806
121349,0.021668716724448533
121352,0.03500572905642903
121353,0.014655139054766453
121354,0.0036193881465902814
121357,0.039928036458324906
121358,0.02694051899410748
121359,0.03838040817412264
121360,0.008421191265782453
121361,0.1535480604189348
121366,0.010392112898116554
121368,0.061519195007860725
121372,0.006674476458959424
121373,0.0006576635725801312
121374,0.026665274292483634
121375,5.49316609640503e-05
121377,0.020992373414522068
121379,0.0047637350612616865
121380,0.023812941959925397
121381,0.13659680174732203
121382,0.0406694194388094
121383,0.018015797385633935
121385,0.0009022439133041618
121391,0.010882651194863958
121393,0.0032950159063403904
121396,0.016311216607400925
121399,0.0025272200637088934
121400,0.001916419216228968
121401,0.02482012054075202
121405,0.000226682232859556
121406,0.04911039212804196
121407,0.009721525425652232
121408,0.09602850533464642
121409,0.0188559143454787
121413,0.0187634920963072
121414,0.005161833522384428
121415,0.004026715966147385
121416,0.00026576029713810555
121420,0.12189562494488576
121424,0.003382632008598767
121425,0.005602171962873497
121427,0.0005138253958065558
121428,0.008173698553520441
121429,0.007489129940584671
121432,0.004946815730412436
121434,0.008222548749104545
121435,0.010769768392804207
121438,0.005426974500829196
121439,2.1937895421177245e-05
121441,0.0024832780759824293
121442,0.003692824112654479
121443,0.002822636734733829
121446,0.005594768799644877
121447,0.023566290221316254
121450,0.003982442441673468
121451,0.0036886728461049583
121452,0.002675237264839438
121455,0.008934891659960937
121458,0.030030498273865804
121460,0.007764129414217215
121464,0.007995858751923211
121467,0.0007444022654199677
121468,0.0036274471596954233
121473,0.006903353711552176
121474,0.015154502027295376
121476,0.0342486128604519
121478,0.12297891113803894
121479,0.15167733650188192
121481,0.0035673498128290485
121484,0.06207921947763912
121485,0.0021099132169649522
121486,0.026610526773282576
121487,0.004017098598593407
121489,0.0093106288832014
121490,0.0044697995657610075
121492,0.0058618895534763744
121493,0.004315930862211957
121497,0.023257349793213627
121498,0.006813442512111748
121500,0.05974732642094138
121501,0.004586265161413206
121504,0.001712345177829967
121505,0.0046559707102297315
121511,0.015350796249890409
121512,0.006125776902775335
121513,0.020295280506987357
121515,0.01898890797447847
121517,0.026706513460416546
121519,0.011766153853872103
121520,0.07024720227426239
121523,0.005644627549703901
121524,0.019830911253678533
121525,0.005202594202481066
121528,0.11930254617483102
121530,0.1317274704200513
121532,0.08863330771172279
121535,0.02064948734195163
121536,1.0451074411082537e-08
121537,0.041558593186335986
121538,0.003827521030444852
121540,0.0003615796723009581
121541,4.96942278698185e-06
121544,0.00833118436664486
121547,0.010193029120990486
121548,0.020300074085403474
121549,0.033686831801032165
121551,0.003863828101105984
121552,0.01994169596887072
121555,0.00015778528111456597
121559,0.005312522187998988
121563,1.2904057416397757e-08
121564,0.010020718719213555
121565,0.013298443881348175
121568,5.3146837312517785e-06
121569,0.0030335495796688936
121570,0.05466952845096808
121571,0.020415799267690073
121573,0.0019389611484929975
121576,0.021528776472907362
121577,0.010882314354746132
121579,0.005440398755968788
121580,0.003541294150941002
121582,0.06146474056751011
121587,0.0844692677706777
121588,0.0017703686048696808
121590,0.031366062157024456
121591,0.005923988995659004
121594,0.007871014122852434
121595,0.0027761614249749668
121597,0.004315894358977883
121600,0.030699535916924345
121602,0.025632619966689096
121604,0.003646316798335098
121606,0.003865745653950868
121607,0.036698218627289135
121608,0.12888054715985417
121610,0.00356339599941962
121612,0.005885022134225624
121613,0.004034817349728707
121615,0.0011015461800401702
121616,0.001581050899293522
121618,0.0275110017896632
121619,0.002299651409131012
121620,0.019756924356134326
121621,0.00026619341161909744
121622,0.008595836229969796
121624,0.02305391983501512
121626,0.0032836400701181444
121627,0.01105196282619506
121628,0.027406728122651876
121629,0.015223744300674316
121630,0.015123453357655758
121633,0.0003411426544746317
121636,0.006221550654700582
121638,5.1362403053946034e-05
121639,0.015674610944204494
121641,0.01524159257692797
121643,0.03702199834695363
121646,0.02602421533521935
121649,0.004407977685251918
121650,0.021920813093397953
121653,0.02211536620446312
121655,0.04723405253070662
121657,0.03577365861650549
121659,0.07676916019210278
121660,0.003675561913755911
121662,0.003337848687483908
121664,0.3565442527522793
121665,0.003947228189872615
121671,0.027748475050319327
121673,0.037100667293597955
121676,0.00031140748326640734
121677,0.003334466032261529
121678,0.018052224324887445
121679,0.02174088694678548
121683,0.0034368860494143052
121684,0.14255555083528063
121687,0.01789211784993379
121689,0.08331813158934775
121690,0.14726417439502174
121692,0.004497521103301367
121693,0.002580546227858013
121696,0.0007366668867077803
121698,0.07691514488768611
121701,0.0023796497323990903
121702,0.004667680601919899
121705,0.15815367346209092
121707,0.007409211514922677
121710,0.004263164428863603
121711,0.005977992668594963
121713,0.0034141599136352455
121718,0.0027984681209512054
121720,0.007483865789463946
121721,0.022967657070165303
121722,0.03265829658404949
121723,5.170471183258157e-05
121724,0.03341066961533059
121725,0.006080026409657911
121729,0.008514194731739996
121731,0.0015874482360266496
121733,0.009039950348988007
121734,0.028148561105247154
121738,0.0027682108562863696
121739,0.00971923681995954
121743,0.001440828232969416
121747,0.0036456525623458436
121748,0.004500015418161177
121749,0.015098409297921426
121750,0.00627946699596404
121751,0.002315209026249926
121757,0.0037165239951581666
121760,0.0037789154279665453
121765,0.009969237028946297
121766,0.004924222133402894
121769,0.00031971081222472244
121770,0.007260598735822457
121772,0.0031680314416850435
121774,0.006352985746506946
121775,0.02368434555313945
121776,0.008816910859387237
121778,0.005947777389762983
121779,0.011003050720447242
121780,0.014156311930251665
121781,0.003999122808357927
121782,0.006465873456131805
121783,0.013317009975146005
121784,0.002591807784838128
121787,0.02496689354390042
121789,0.01604900362813457
121794,0.04305698283645073
121798,0.02503161595470214
121804,0.00019406177954880434
121806,0.031922943160724596
121809,0.14138481594501656
121810,0.05594358469515895
121811,0.000903751914279214
121814,0.03275666703064848
121816,0.004924538311203617
121818,0.10947997193736443
121819,0.00664421716226157
121823,0.004675230527951559
121824,0.060165650038838926
121825,0.0380267628121432
121826,0.053130110011638754
121827,0.022007050129685554
121832,0.06413862550755912
121833,0.034265062959013846
121834,0.005068106168393754
121835,0.005650482991547043
121838,0.002654956402290233
121839,0.11046587324236133
121842,0.02301082378417155
121844,0.008420571124938577
121845,0.003484661786349665
121846,9.350538744891561e-05
121847,0.06199733987133537
121848,0.0510972526365152
121849,0.001261523060807858
121850,0.07259358932826597
121852,0.003769361086036931
121853,0.12417980392263123
121854,0.11006436122917805
121857,0.012947708235093582
121858,0.004019349871218977
121859,0.004826897125293234
121861,0.005243622549222585
121865,0.00416514611201556
121868,0.008602292757105357
121870,0.005159645368784997
121872,0.01924197275099636
121876,0.021878707483971555
121877,0.01665320872936658
121878,0.0028992097064760433
121880,0.09652791610187997
121881,0.012810645263590967
121883,0.005813300826585071
121884,0.004142083696791207
121885,0.0741820019170521
121887,0.00806895570931623
121888,0.03505962347550577
121892,0.04627012480790424
121894,0.000124506409855964
121897,0.0026067490439894343
121899,0.019730610707599346
121900,0.11629559745662184
121901,0.004244540048463923
121902,0.1043952946350425
121904,0.028347939377119494
121905,0.005593493816729116
121908,0.014667898362984329
121909,0.0031680042160613414
121916,0.0035040744135249246
121917,5.515370873702995e-06
121919,0.03461938355798405
121921,0.0032370935424294437
121922,0.0032371265375018363
121923,0.034129920587190984
121929,0.00450514319712772
121933,0.0265671206991474
121939,0.0052057174093756865
121941,0.019942509052631095
121942,0.03440527244408891
121943,0.0045496963766844855
121944,0.0023288270637184475
121946,0.048168492859076976
121948,0.005334143199650704
121949,0.002441010169213984
121950,0.08858031805259481
121951,0.0070413213210095875
121952,0.004246212488034572
121953,0.005869609850139254
121954,0.008877552725764513
121959,0.0030237554026385214
121960,0.0039472471613775486
121967,0.0025818675643879026
121971,0.004468317759386222
121972,0.003947353128031016
121973,0.04816640549270033
121976,0.015416238170285156
121979,0.013234374663744376
121980,0.00501718416388277
121981,9.352625164007664e-05
121983,0.1425710051121445
121987,0.005635619779365125
121991,0.014646742691193093
121992,0.018365906403156315
121993,0.002273140338664703
121994,0.0039009360123706057
121995,0.022409586413493096
121996,0.0009588284278200772
122000,0.005987565680121133
122001,0.006290005246172849
122003,0.0011340817637695848
122004,0.0028909799255936214
122006,0.003012716043924933
122009,0.2441980881022286
122010,0.07416030992238083
122011,0.0017261804424983744
122012,0.0031671934769027786
122013,0.022127208110436496
122014,0.04128403140821179
122015,0.0053268641697289025
122017,0.00566302687821155
122018,0.08206385780910369
122020,0.009131647620393141
122021,0.013825491808617479
122022,0.0043850905709337295
122023,0.018052224324887445
122024,0.05763299563921906
122026,0.003273293829464131
122027,0.005174241201436156
122029,0.007182632434058501
122031,0.003037641816487599
122033,0.005877147214226383
122035,0.04604184549860884
122036,0.14735235051789897
122037,0.001745472503058963
122040,0.0002788047460666042
122041,0.016571233713595025
122042,0.047598411066977174
122044,0.0018077349268361014
122045,0.00419553833519225
122047,0.0007872274100819845
122049,0.007249067219270801
122050,0.024185910298956004
122054,0.03347794714941731
122055,0.007628465067926098
122057,0.030715943936040466
122058,0.014599871870554242
122059,0.017215641475444375
122060,0.005370714359810292
122061,0.011001004875376807
122062,0.005329270788924777
122063,0.029887950411786143
122064,0.03876619355233562
122066,0.07063537585659377
122069,0.003055390097349615
122070,1.1229482429401596e-05
122071,0.007867410479427553
122072,0.0007451722233793494
122073,0.023170437804760594
122074,0.002273140338664703
122077,0.002556367080438435
122080,0.02732792039529135
122082,0.01584608227572523
122083,0.011804186454440568
122086,0.215433569577635
122087,0.030661492525812815
122088,0.011118434578957963
122089,0.04224681232429305
122090,0.014425993340689513
122092,0.005656514844722884
122093,0.003036590504192882
122095,0.0065467699965930225
122096,0.03638257774653934
122097,0.05245410362151281
122098,0.008865369101850828
122102,0.023875622291531586
122103,0.04271970937188293
122104,0.007204734848839467
122105,0.02815050362229423
122109,0.1302713690041326
122111,0.08107779628140997
122112,0.02215480802215806
122113,0.00557738693157074
122116,0.03777578063184911
122120,0.0014890968285994706
122122,0.01211735514636255
122123,0.045879480925163474
122125,0.042738607462073974
122126,0.0045647886593086105
122127,0.036795963088659685
122129,0.005671230576605824
122130,0.012164207246042114
122134,0.006517129717841093
122135,0.012239502207427705
122136,0.003623562727928493
122137,0.003655456878319324
122138,0.005132820783337443
122139,0.0075935233416811595
122140,0.02149366198136591
122143,0.004359004429696537
122148,0.0032975131358585906
122149,0.019546874356501764
122151,0.003853747504280024
122153,0.018052224324887445
122158,0.009071208892263453
122161,0.0005348950334569154
122164,0.003321558651247591
122167,0.04295280752441912
122168,0.007684052279057997
122172,0.005103958693775701
122175,0.04418233168810776
122184,0.022233196789361077
122186,0.1112175732336992
122187,0.004288936419280829
122188,0.013694049465812236
122189,0.004024402672174635
122193,0.00835012118154511
122194,0.009430345717548071
122195,0.020607128085141698
122196,0.0998639365869465
122200,0.062027048101232954
122201,0.014588539298081566
122204,0.00555122416187036
122206,0.0073731189008794445
122208,0.0066614138260056984
122209,0.0014304661027096561
122211,0.08833883453570651
122214,0.0034624003974934804
122215,0.003271834750490325
122217,0.008138047756317776
122221,0.021751538731867012
122225,0.004293166528086592
122226,0.002918341656499736
122227,0.001354287350305615
122230,0.016889880815287337
122231,0.0043158896172531165
122232,0.13641791547461427
122237,0.021555975611885794
122240,0.018091418103273565
122241,0.003579888091586974
122243,0.00638412084873939
122245,0.022436899553828066
122246,0.004580521285952007
122247,0.007997939508739367
122248,0.005296703931030909
122252,0.003036424936841183
122256,0.009624236380437986
122261,0.05958484026683853
122262,0.01883538337601382
122266,0.007609469722987124
122267,0.045751118733150666
122269,0.0193051001031787
122272,0.004565920915434827
122273,0.015132914135250511
122275,0.02302135777350589
122276,0.0036356837914157626
122280,0.1120431582819438
122282,0.007813741668799713
122283,0.003098352863926304
122284,0.08472223575104759
122285,0.020689043695678387
122286,0.0014862752674623006
122287,0.0010461423721712525
122288,0.003515685724384383
122290,0.0016654464569879454
122294,0.009532766310897585
122295,0.006524537008957342
122296,0.02773057278782393
122297,0.06327735594484482
122298,0.0031165661679399123
122299,0.011171243976304819
122301,0.004411765626301059
122303,0.03407266644983017
122305,0.038623744504388935
122307,0.018560685154527714
122309,0.032345345283012646
122310,0.13337310878422604
122316,0.03668456476666454
122318,0.0045161636553758796
122320,0.010714962414688499
122321,0.012230295466362192
122326,0.12184138357361037
122328,0.005374755690598356
122329,0.008384130297110475
122330,0.012836170704604005
122332,0.02129090756879886
122335,0.0075118271650214145
122343,0.025295616541172603
122346,0.03047203207148383
122347,0.00731210507611969
122348,0.002875275300359998
122351,0.008158803871487286
122352,0.0050072470350171995
122355,0.0113041252655793
122359,0.0047059894317765735
122361,0.032458521051878034
122362,0.03115465743932762
122365,0.0004216361512285994
122370,0.0035116644969321845
122373,0.003511065453479911
122374,0.002639931439733486
122375,0.015790241569316573
122376,0.0069213835480144825
122377,0.0037270837363585804
122378,0.0044268138780913565
122379,0.020888333915631378
122380,1.1540774213301645e-05
122381,0.06439772318546826
122384,0.014753794076404635
122386,0.011174485347466649
122389,0.0006459297104347078
122390,0.006980986619281134
122391,0.011606790850923624
122394,0.0018996443090180965
122395,0.0067052352186169634
122397,0.007462852665823284
122398,0.016356056560045764
122400,0.011332087049481384
122404,0.14006442869864805
122406,0.022607718156547173
122408,0.0025985959993154143
122409,0.020607128085141698
122410,0.0846015700553169
122411,0.02339974736742467
122415,0.042088071294461064
122418,0.013238926531353935
122419,0.05287345105868817
122420,0.011433974646964466
122425,0.006660636653162254
122426,0.006663637657007931
122427,0.0029862560289283502
122429,0.09317265432398487
122430,0.004978564924952796
122433,0.0003459972217117531
122435,0.00599497772325612
122436,0.002376768056391172
122437,0.005931544373477721
122438,0.04849329051584787
122441,0.004959297675639245
122444,0.0010460583421757557
122445,0.006918025823103285
122448,0.038465318486880146
122452,0.03909301963347288
122456,0.0043497227950495
122458,0.002996397820787777
122461,0.00541932671765183
122464,0.035488807771879
122466,0.003200779120762759
122467,0.07960667991098876
122468,0.01188178450062283
122469,0.00035140502766627124
122470,0.002276828587225853
122472,0.0021492254381093798
122473,0.024517895922724745
122474,0.0027031758314551555
122475,0.0015058202912849193
122476,0.002100593154273288
122477,0.005809330650739852
122481,0.0023005714873626268
122482,0.01653570241942362
122483,0.0034729082106782403
122484,0.026288300815679615
122485,0.013055328521451252
122486,0.001261141742107965
122489,0.04453477012994619
122490,0.07067326907153193
122491,0.02149366198136591
122493,0.0029316752660120604
122495,4.738387584421435e-05
122496,0.004197690022917121
122497,0.0034623964805641718
122498,0.007223361319233354
122499,0.03364834115009122
122502,0.004806992937395015
122504,4.872298184639739e-19
122508,0.036987274815286034
122513,0.01569860661466887
122517,0.012431611634769968
122520,0.09528874585300176
122522,0.0003111819447265132
122523,0.0004124980449402034
122526,0.001795949840428567
122532,0.013398491412742524
122537,1.473628999186442e-05
122539,0.1311593100232512
122542,0.018158308612313778
122545,0.006557591506851396
122546,0.004625253954267951
122548,0.003957851931965818
122549,0.015452784547959715
122552,0.08196966563894459
122557,0.015296930871202012
122560,0.015377366991730467
122563,0.049074130061448
122564,0.005630915461302269
122566,5.6122781863297315e-08
122567,0.0007961042600365327
122568,0.07763303881882908
122570,0.003825504544897348
122571,0.04057991911317966
122572,0.020780975735163562
122574,0.00419685755910476
122575,0.006925564457950601
122577,0.1460603390632392
122578,0.003036424936841183
122580,0.00230746745125363
122581,0.022491285938147865
122583,0.014481622149628405
122584,0.004926805024081805
122589,0.005846729012963851
122591,0.03012549555487777
122592,0.013397005147385984
122593,0.005604138318881706
122598,0.03705648205326116
122603,0.017492492962397275
122605,0.003462265757972438
122607,0.0035386550693170386
122609,0.021499962538369357
122611,0.0030782865130515834
122612,0.06630814099525321
122613,5.358494714725566e-07
122615,0.020891942907780053
122618,0.0032096645819644437
122619,0.0033295509656160243
122621,0.040904266285568154
122622,0.004458773928709432
122623,0.0019573307282208575
122624,0.0033032514583977092
122625,0.003036377502082604
122627,0.005656985884286502
122633,0.034436897043793185
122634,0.01723541742744523
122637,0.02840201985243184
122639,0.002980617282507967
122640,0.005512393884273941
122643,3.9845393481596667e-13
122644,0.0014768150734201543
122645,0.005795302575599579
122647,0.00349060335240123
122649,0.006332695520007926
122650,0.03297281804425461
122653,1.6225927460145503e-19
122657,0.17066642799953224
122659,0.025371264303492316
122664,0.006345557326092239
122665,0.003873021143579698
122668,0.017232155230703386
122669,0.028630800850885686
122671,0.002980266481273695
122672,0.02850941176412251
122675,0.06198388021008606
122678,0.0595284830944502
122683,0.018052224324887445
122684,0.0029862764150018974
122685,0.1254108441164132
122686,0.010362050627536416
122687,0.06224248733733906
122688,0.00027593882878423117
122691,0.002986309689852309
122693,0.016268247188268782
122696,0.0058416616629467484
122697,0.07100046664970053
122700,0.00315536789279056
122701,0.004065450103613909
122703,0.0547078480875893
122707,0.00047551178363609923
122709,0.005129533767548937
122710,0.1424650328629364
122713,0.03685960275589699
122715,0.02314859135301874
122718,0.03949274039097554
122719,0.13219053026570537
122722,0.006363393845641366
122723,0.0005655348491791872
122727,0.009737855998540858
122731,0.0030226580981370732
122732,0.0039310135480078515
122735,0.03534817163972798
122741,0.00928959170300123
122744,0.0066636201172996885
122747,0.004789075592148451
122748,0.1345819173108841
122751,0.07647167889920664
122754,0.04267689668611002
122755,0.022123061221153536
122756,0.03595066668733574
122757,0.0159309654703327
122759,0.02828042819311233
122762,0.0018226675222097147
122764,2.794800840540921e-08
122768,0.004940819761045207
122769,0.012099013880362977
122770,0.02754837197820745
122771,0.033352328348483076
122775,0.003184663852104879
122778,0.00491105448287265
122779,0.0879134971632662
122780,0.003768440992510435
122783,0.024082489723939515
122790,0.0034479432694968642
122793,0.01269620280282635
122794,0.004024645330749444
122795,0.005897833666113687
122798,2.5781851672611662e-05
122802,0.005209041773685018
122803,0.005363481745357166
122810,0.0023779502139064873
122811,0.03274930530226782
122812,0.02130215342342955
122815,0.010240707893837827
122817,0.003942718075405715
122818,0.1276381729695185
122819,0.023491020733391103
122820,0.0035858533575467634
122821,0.021908031992872116
122822,0.026381985642681464
122828,0.02315070449043407
122829,0.049650342973559206
122830,0.010217036822372984
122831,0.03633979220731347
122833,0.06953774660875954
122834,0.005767765231533667
122836,0.026669367421381294
122840,0.021209552723085227
122843,1.969983481303341e-06
122850,0.018052224324887445
122851,0.0022746547624928042
122852,0.003369237987463681
122853,1.756508870585612e-09
122855,0.010969348637840864
122856,0.019744851336901355
122860,0.018052224324887445
122861,0.00413340542564572
122862,0.02527667820621186
122863,0.0035009169735255286
122870,0.003684653890637947
122872,0.00631682581465161
122873,0.009921885448252734
122874,0.008321309103200445
122876,0.04251448100319119
122877,0.02613067354229326
122879,0.05363112384077595
122881,0.003113629954782222
122882,0.005282365366007286
122886,0.004851475718143393
122887,0.06976779799592536
122891,0.024482489988182067
122892,0.005129608285426641
122894,0.023600399128025928
122896,0.0846015700553169
122898,0.0356925746593959
122900,0.15152863525760837
122901,0.013618700916685584
122903,0.041920768520040924
122908,0.004846389715475934
122910,0.006973826785070306
122911,0.003053655227538214
122913,3.203335164519464e-05
122914,0.014406216022632513
122915,0.0013782333242936167
122916,0.005653572179378563
122919,0.0001590619370753922
122921,0.01672353767801246
122922,0.007467572658966813
122927,0.003713873574389713
122929,0.0056249740637196975
122930,0.0060924823832013515
122932,0.005665642141142463
122934,0.0027258284880871553
122935,0.02850739786834838
122936,0.0017795626685824372
122938,0.0054350408394251625
122940,0.008759320969026697
122942,0.03255506684773278
122944,0.010482347902741891
122946,0.007233192397632369
122947,0.00015213642292555022
122948,0.023244234744057846
122949,0.10712815848785867
122950,0.027148859804566043
122951,0.0062918933122042674
122952,0.004677329911001472
122954,0.006673440835931415
122955,0.11470016916599883
122958,0.003339504865893564
122962,0.003947276729561885
122965,0.0012136119378296552
122966,0.00978150229328888
122967,0.005982127689489168
122971,0.005391619752549755
122972,0.017505632972485086
122973,0.14814874480599846
122975,0.0019373282478347981
122976,5.033168146939397e-05
122978,0.00035064428089600996
122979,0.0631998904247365
122983,0.006391397858590558
122984,0.008650555287555109
122985,0.0013756148869869303
122986,0.0030364477953649673
122988,0.003756415985431533
122995,0.018141647637056897
122998,0.050920208368254394
122999,0.015653381774137446
123004,0.001674033891009832
123005,0.016856869137996087
123006,0.008773137832716523
123010,0.1377491613540568
123013,0.019657451267776505
123014,0.02848395689826166
123020,0.03160888766987545
123022,3.4167790214577058e-06
123023,0.0034622510004788504
123025,0.0007602853974764456
123030,0.0038255595171490936
123033,0.0034544002311362627
123034,0.13237066554351984
123035,0.01630237327446432
123037,0.01108503656498
123038,0.03906685785057465
123047,0.03846244629313417
123048,0.0025856683587634965
123049,0.06659633874778838
123051,0.015279775369997894
123052,0.00607448937653935
123055,0.007925184469063122
123057,0.009891717741388065
123058,0.025775299367002222
123060,0.0019454787824500753
123061,0.006870256192391371
123064,0.0020378100240036803
123066,0.0025813583104481105
123068,0.004847733357991369
123069,0.017700419253049417
123071,0.00708875630533637
123073,0.049381576570759526
123074,0.002315209026249926
123075,0.020607128085141698
123079,0.004467641106125349
123080,0.07163998891758996
123081,0.019189297001601772
123082,0.13566385980549936
123087,0.003686790922376846
123088,0.014221837268892819
123089,0.021358707350207243
123090,0.0020239549782819035
123091,0.002467303149314555
123094,0.002662529331584959
123095,0.00424402429573923
123099,0.003339681539915425
123100,0.018301421485145655
123102,0.022452838855379516
123103,0.007583398412574479
123105,0.006932538745975252
123109,0.000464635259562658
123110,0.02350912047188819
123112,0.0641500571074311
123113,0.0007255360370252744
123114,0.0035844467849749863
123115,0.12113414489942809
123118,0.001505306642811129
123120,8.203596815585493e-05
123123,0.12417980392263123
123124,0.039332579578195026
123125,0.1427764441958508
123126,0.0030376012588699494
123127,0.028481717755859216
123128,0.0032301440824192467
123129,0.003503096057058061
123130,3.3735437602451003e-06
123132,0.013822532728210138
123134,0.004923177971330232
123135,3.422684861206621e-07
123136,0.10520978597113845
123138,0.00461306115013256
123139,0.0003589322783085071
123141,0.11357233639330376
123143,0.023462498627104547
123144,0.004467902592644492
123151,0.005045483843189136
123155,4.871542476275158e-05
123156,0.002315128444402459
123158,0.0050164837207273116
123159,0.0024550387579830813
123160,0.05361514940248782
123164,1.906584262581459e-09
123165,0.031438483131376246
123167,0.012940352370119682
123168,0.0027532674124097355
123173,0.10096906581814681
123174,0.0041946693165641775
123177,0.007680444693461688
123178,0.024003298787611385
123179,0.004400146237474376
123180,0.12006351059328105
123185,0.03372409573901887
123187,0.21185458177537045
123188,0.022348558329911672
123189,0.05829362071189165
123191,0.020753742039931775
123192,0.07813525307017304
123195,0.09445863614753534
123197,0.060113129642942076
123198,0.025873268813969074
123200,0.02399553562107958
123201,5.6635518677738525e-05
123204,0.002208613184351742
123206,0.002630047938901472
123207,5.8744635073555666e-05
123208,0.0044998438577946364
123211,0.29457003863615117
123212,0.0026054807873546536
123213,0.002704398070414624
123217,0.003505858278423311
123220,0.006998850642013424
123221,0.0034239291049775133
123223,0.11248034445187063
123226,0.07234526380259149
123227,0.026489099846883118
123228,0.009025564511035894
123233,0.0027040055603391355
123234,0.009468092101432206
123235,0.005092014694511119
123236,0.004502485005594894
123237,0.004879618161424119
123238,0.009641564072209417
123239,0.03599938208893678
123241,0.023462498627104547
123242,0.005363377865545168
123244,0.01457073376022599
123246,0.029488757657598303
123249,0.018318477359880424
123251,0.016300744950535528
123253,0.002193803792593207
123256,0.01329761761113171
123257,0.02551136734409021
123258,0.018665295963690806
123260,0.007379082057640757
123262,0.012427168701676356
123264,0.026569168389608135
123265,0.002816480556280545
123266,0.004414335421647211
123267,0.003940261458191327
123269,0.01594897465836439
123270,0.006251238720535669
123271,0.0669501509219424
123274,0.006665737620192776
123276,0.00019539905451708512
123279,0.0030346882096506616
123280,0.04471010027380299
123281,0.04989943213479226
123288,0.013070513231652306
123289,0.002360374339156563
123290,0.01752479663795532
123291,0.12331528873636453
123293,0.008761923011823098
123294,0.0018551440356605335
123298,0.030618715901855532
123302,0.08571002227713585
123308,0.0050058087607848445
123309,0.09284683353504754
123310,0.00688577032541043
123315,0.0059585183040535596
123322,0.32333839523311086
123324,0.0016385144925275103
123325,0.02204441342172177
123330,0.022272362333504575
123331,0.0011477097372861028
123332,5.260900685071798e-06
123333,0.0036623528465153463
123336,0.0037728087315888875
123338,0.08317885578203378
123340,0.003120690132324568
123341,0.0028772735603349807
123342,0.05002102918565421
123344,0.0050711768342802145
123345,0.004925723551820092
123346,0.003210030250525404
123347,0.1432456722593991
123348,0.03316399067563192
123350,0.023624241519387572
123354,0.01128463804006566
123356,0.12248224978964997
123359,0.017697458406991752
123360,0.006834527263611115
123361,0.03937475077606368
123363,0.006980466908054321
123365,4.4658163448649775e-05
123370,0.04129869490327756
123371,0.0047377173723849395
123373,0.05250583791308098
123375,0.02256191393073515
123376,9.605286409643347e-05
123377,0.00011110132937671178
123379,0.003923006569850002
123381,0.005206084266161894
123382,0.005695533909307109
123383,0.028769967232772625
123385,0.002993488683134709
123387,0.004847522218025104
123389,0.002299651409131012
123394,0.003723796261912632
123398,0.03544681469798136
123399,0.003943135693799402
123400,0.02234292967574277
123403,0.02019414136359107
123404,1.114911963414641e-05
123406,0.020607128085141698
123409,3.99782420748022e-05
123410,0.001385804346858343
123411,0.0022212134539535866
123412,0.017205423184899666
123414,0.030779065854436745
123423,0.00017457756171394603
123424,0.03451660084644712
123425,0.007468398796375766
123426,0.0026657095394253295
123428,0.01378242720506752
123429,0.016582607578443345
123431,0.03436462018904868
123433,0.009701085371597735
123435,0.015438236761099552
123438,0.10952502808908741
123440,0.0034063658736690357
123443,0.021325917620871944
123444,0.1116125656676517
123446,0.12938784554036592
123447,0.1196377728689764
123448,0.021593760173480914
123449,0.15074576799277475
123450,0.002319025639668249
123452,1.4390860943307292e-07
123453,0.004226737090198395
123455,0.03849162576201726
123456,0.002622839703315197
123457,0.0011117181562941357
123459,0.004955546297540435
123460,0.023217841252521403
123461,0.003652005791285158
123463,0.012582894181827842
123464,0.10603346158343777
123465,0.0062920725257571315
123467,0.0017008949523257518
123468,0.0018729114577040067
123469,0.0452439322731493
123470,0.004271564766669698
123473,0.003232658441594525
123474,0.0020887493312303452
123480,0.0254526701838182
123481,0.03582944773486428
123483,0.06685525794098002
123486,0.01428439328764784
123491,0.0009426700728010873
123492,0.012384224574820989
123495,0.0032857007125252163
123497,0.004630838374081001
123502,0.0036223401607503813
123505,0.0036393172849712276
123506,0.023898012099090406
123508,0.010467337984895074
123509,0.11299697394385388
123512,0.019220868128414826
123513,0.022992793700985965
123514,0.013109286334746945
123515,0.018237669946487664
123516,0.0030713055089808166
123519,0.05884849519217997
123520,0.004366140629854139
123521,0.1010483350169859
123523,0.004628852746875818
123524,0.017802034753957967
123527,0.03624324939383385
123528,0.29957737115231214
123531,0.06335919916050373
123538,0.00889972044337786
123539,0.017568969730559627
123545,0.08073453983203138
123546,0.0195867693409257
123548,0.005377088912975848
123551,0.004112251637429977
123552,0.025062176120325318
123554,0.01603398608248054
123555,0.02284152281111171
123556,0.0025893058436389084
123557,0.014809121635490339
123561,0.05248099729633311
123563,0.003699221686409461
123569,0.018052224324887445
123570,0.11112540158905986
123574,0.004064155814411203
123575,0.02184066028992359
123576,5.249354981994712e-09
123581,0.02695008581143475
123583,0.004592284480917709
123584,0.0164037482217571
123586,0.003103413145697947
123588,0.010159638281907352
123589,0.0019083176783756609
123591,0.022840731632097776
123592,0.02273922134455083
123593,0.0756572922851419
123596,0.0024798584347075817
123597,0.005733780403086103
123598,0.017367778598282
123599,0.0041503621250721465
123600,0.003189986672445074
123601,0.0014526075218299149
123602,0.0066634798012847616
123603,0.005351168074892794
123604,0.0003411438910865369
123605,0.0050402074110728855
123606,0.026513482462697493
123607,0.017811170427535012
123608,0.06372974508716986
123610,0.0023514969965440996
123613,0.006844361381250837
123614,0.0047160886202043395
123615,0.009003569877658912
123618,0.04655494576006992
123619,0.016333592208171398
123623,0.004499940445123367
123624,0.0926543659283813
123625,0.00936288558985482
123627,0.052317078534500364
123628,0.010217596146417133
123629,0.1221250313940021
123630,0.017026311017449936
123631,0.007296050912655041
123632,0.04905689430418126
123635,0.0017318149174953877
123636,0.03687483782751468
123637,0.0034419445184389187
123638,0.0030839583190866
123639,0.016600617206320573
123641,0.007309716534116127
123644,0.000347264824348758
123646,0.014599490644218949
123647,0.010322610948451263
123651,0.007237523944572795
123655,0.052598961431004065
123658,0.25046430285496446
123660,0.004917655102388264
123663,1.166774256676438e-21
123666,0.20532792261403893
123667,0.0083560373296634
123668,0.06546546382196392
123669,0.013302691186590557
123674,0.0019361848444744917
123677,4.3604373120196284e-05
123679,0.009195047711297012
123681,0.0024388599211529623
123682,0.0017330070763345268
123683,0.02826400938172121
123684,0.06881282164323929
123686,0.0065306076717111285
123687,0.10739679183778805
123689,0.08375342747016852
123691,0.012226328951632979
123692,0.09965154302604567
123699,0.012988088600426134
123700,0.0030364396030845135
123701,0.03479586716491612
123704,0.0002605371536200748
123705,0.018052224324887445
123706,0.011690764818044222
123707,0.010970727294382712
123709,0.03108250789548833
123710,0.016992358425952033
123711,0.01795027724037898
123712,0.06293969084479928
123713,0.03358011493149476
123714,2.498485146006409e-10
123716,0.004426947222160851
123717,0.030749373482638107
123718,0.17736645659161407
123722,0.026842616526047174
123724,0.007718388493468325
123725,0.02834811303077923
123728,0.0172376267620797
123730,0.003931736199187221
123731,0.0033198411915244808
123738,0.0038129154427669555
123740,0.043250571989686744
123741,1.0730955130185884e-08
123742,0.015183858118802906
123743,0.007986918776598614
123746,0.0465201298443297
123750,0.00022047528964009246
123752,0.0837750787855393
123754,0.011500695264893489
123756,0.02550258453887249
123757,0.004235940393495191
123760,0.0026894383898676023
123762,0.0077804303009561745
123763,0.01823152763473957
123764,0.004528523134582303
123766,0.002846238635634147
123769,0.014678071791543578
123772,0.012371845399250453
123780,0.00330553689298263
123783,0.010269823892126035
123785,0.03135926745950695
123787,0.0061277106253460395
123789,0.024914530648135945
123790,0.01822893295203901
123791,0.0769127417594813
123792,0.01436311833259625
123793,0.09489719172949589
123797,0.15994558061221792
123798,0.002805205136254257
123800,0.0077364171513701905
123801,0.02182770982606912
123802,0.006202608774136765
123803,0.07516443587780174
123804,0.02567533244675384
123806,0.017883455183312826
123813,0.005697428088443815
123814,0.03543881124677333
123815,0.0017720281391132595
123819,0.018052224324887445
123820,0.003036598696879222
123822,0.005396363188711025
123823,0.0031539932538379827
123824,0.043953735010975874
123825,0.11540639049294638
123826,0.026613478786699042
123827,0.03348071860082064
123830,0.07356472030927179
123831,0.01844385067558071
123833,0.04410469148096478
123836,0.007443079728959455
123842,0.003654757224741409
123844,0.021207459334201095
123846,0.024056031008750884
123847,0.03337042988412222
123849,0.0037445312638979245
123853,0.0036637144136667547
123857,0.0031165075779795437
123859,0.01978080406604406
123860,6.501552713944222e-05
123861,0.012806437006083037
123862,0.0028327126007239487
123866,0.002783569539862698
123867,0.009183172504525364
123868,0.04167165667252605
123869,0.0011807852012573942
123870,7.076725365495692e-05
123872,0.0072185674765950355
123874,0.006899424304612302
123875,0.13901821325386154
123877,0.0013035458433718488
123880,0.009367991734573027
123881,0.04780794910020867
123883,0.12198724414318865
123884,0.004989815433325121
123887,0.006916804583846189
123888,0.001736072899451842
123889,0.15233046766729608
123890,0.006408716992473254
123895,0.006364590022501048
123897,0.0033785972242147554
123898,0.09208327311547662
123899,0.026694942460754056
123900,0.026066454860019357
123902,0.023192980149982667
123903,0.0033700833545416173
123904,0.001896245461807334
123906,0.002123152253689423
123907,0.008383631402845945
123908,0.003827728717997912
123909,0.11662970543756197
123911,0.0001452100033729688
123913,0.003034987164344076
123916,0.013101785112515894
123917,0.011305773301488605
123918,0.0064906629664615864
123919,0.008212590469098386
123920,0.05291524585505726
123921,0.004493358308258523
123926,0.006973552563499258
123927,0.005010574856723734
123928,0.020417033302809754
123931,0.00611071303540244
123932,0.13045565911332616
123935,0.008193603260743303
123938,0.06177889903428841
123939,0.0013043411978357637
123940,0.10100336654469341
123943,0.0036829579669739082
123944,0.08645088686363585
123945,0.011978813814448572
123949,0.07169722661001629
123950,0.010376303471963009
123952,0.0066545147949787975
123953,0.0005555557895348412
123954,0.004567469618177966
123955,0.12701399906680755
123959,0.0025778548385223957
123960,0.005049748581733107
123966,0.031796904976044385
123967,1.051047446895351e-05
123971,0.08470340380730178
123972,0.0037431397781053873
123975,7.120983334613658e-10
123977,0.0065283679666109954
123978,0.017518101474102713
123979,0.0019468815739652715
123980,5.8487044819310375e-06
123981,0.0620232730920273
123982,0.0038289306438259296
123987,0.003961662172103392
123988,4.055868928592825e-05
123989,0.002437053791874357
123991,0.0029864344836709714
123993,0.04421947530343681
123995,0.004938351834837241
123996,0.013319073517135691
123998,0.015819828051912496
123999,0.020623269064562747
124001,0.048533443997711825
124002,0.10991220463348794
124004,0.0039783428294798695
124005,0.0034096371471433206
124007,0.015521269787811863
124008,0.00719457145769826
124010,0.0070604007683462075
124012,0.02172283403199223
124013,0.03650895843610429
124015,0.03700273545346978
124017,0.030289784857354753
124023,0.010138596972129795
124025,0.024052764643735944
124026,0.021696572084728808
124027,0.005545564858849615
124028,0.022791120994798856
124029,0.032803199189634646
124030,0.042158746534219256
124032,0.006619395935814099
124033,0.0009323981694239358
124035,0.056536825916395236
124036,0.008067705441391433
124040,0.009986208782076454
124049,0.03403379907610481
124052,0.0035472199134572316
124055,0.006894192172144227
124056,0.02197474278886356
124057,0.0499292189738733
124059,0.0029952891162879558
124060,0.039109024824839286
124063,0.0015768418947352232
124064,0.1139943829313411
124065,8.142976267768318e-05
124072,0.12666718098782506
124073,0.0239759592625162
124074,0.07109413259390174
124078,0.0023969950700904593
124079,0.08238999836885828
124081,0.01948100431302193
124083,0.003036498667803489
124084,0.00845174400515038
124085,0.25881879238378314
124087,0.006198120524430766
124088,8.314568511709458e-05
124089,0.09476198007839379
124090,0.022424396005826706
124094,0.07275210155037642
124095,0.12159246890840855
124096,0.025506185179828725
124097,0.0032850191900224077
124098,0.0035450683157565673
124099,0.007103295817895779
124103,0.07122735521699143
124105,0.013265080181888086
124106,0.0037913904872032577
124108,0.0034577045246803814
124110,0.012543544931027873
124111,0.003759655539716428
124114,0.007579328905868099
124115,0.09940307777511283
124117,0.0010101134884344112
124118,0.0038311460197088445
124119,0.005567799585165099
124121,0.006692354697818865
124125,0.004396932176083354
124127,0.0031507580244781856
124129,0.023439214214538828
124133,0.004328589921597894
124134,0.0028690506182410154
124136,0.0036722314740804726
124137,0.04109061686111353
124138,0.0009078802238004582
124139,0.006493876405144106
124147,0.003462377805607087
124148,0.0038827326599134874
124150,0.008723448407024157
124151,0.010536067950245177
124153,0.01265159069722934
124155,0.00875785150384384
124157,0.07473021292092831
124158,0.01123910493165147
124159,0.007302332256196185
124160,0.003243560133355223
124162,0.011383228641064653
124163,0.018672622724364398
124164,0.0056274679506276805
124165,0.01470261350370756
124167,0.021766727583852306
124168,0.033437957558156844
124170,0.011700721681088749
124172,0.01228890339357364
124178,0.029510802244628247
124180,0.00107533855011185
124181,0.040909421596535586
124183,0.03945852467454996
124184,0.14361619099136702
124185,0.001741596753985616
124187,0.0065447045059573205
124188,0.022428380795327798
124191,0.12417344978956887
124192,0.007041966696642367
124194,0.019433420246985415
124196,0.022774978399977483
124198,0.010885766514671652
124199,0.005514446999217151
124200,0.01337718118024957
124201,0.09170522130012458
124202,0.007917024795341697
124203,0.004808546600031832
124204,0.013049980967760687
124205,0.0016351761355205049
124207,7.270085879710095e-06
124209,0.004500061182186564
124213,0.004334477171975927
124214,0.0050510222690826395
124215,0.006040742269825919
124216,0.03349471405482534
124217,0.004426760406465999
124219,0.015414932582300785
124222,0.041418274766008054
124224,0.03305969583692623
124225,0.11388532404594805
124226,0.1037757060473366
124231,0.009003982623653286
124232,0.020379376615057756
124233,0.014461554705002867
124237,0.01359444755607377
124238,0.0190862244619714
124240,0.003960034992906765
124247,0.1122067622310411
124248,0.020607128085141698
124250,0.07266882258695774
124252,0.015277208552332255
124255,0.021313700254967215
124256,0.0004211353712995273
124258,0.04977259086580587
124259,0.00413460956517043
124261,0.12566517150452686
124263,0.0034634111371203194
124265,0.0022748880651108595
124266,0.030289784857354753
124268,0.1117487103352089
124269,0.08486756930483871
124274,0.0030962071886649596
124275,0.042029355289211985
124276,0.004182902554856548
124277,6.380520642018419e-05
124278,0.007077940364586437
124280,0.006268038904803422
124283,0.011091813898108876
124284,0.004192449323398719
124286,0.014160966007244691
124288,0.005129602521620704
124289,0.0034624003974934804
124291,0.00294471219842654
124292,0.018052224324887445
124294,0.0027789298124564783
124295,0.0058468708507245885
124296,0.008853730288763741
124297,0.03602545740933809
124298,0.04206364499304607
124303,0.016638696921072553
124305,0.010707674986342178
124306,0.0016657866141631162
124307,0.019000176265137527
124308,0.006318635946902023
124314,0.007814676324203865
124315,0.050251888926462165
124317,0.005160032451984388
124321,0.01503396849402496
124322,0.0005462191035578848
124325,0.018636118423050966
124327,0.014911819381667551
124328,0.024493164707436895
124329,0.050521259187134585
124331,0.010541272145133803
124332,0.020645476218460076
124335,0.019641949473408696
124336,0.00010253943850625026
124337,0.005910348343081475
124339,0.0013061664487864038
124340,0.00927742915181308
124341,0.01803822499160675
124345,0.0963090064629123
124349,0.0004103008060435638
124353,0.005144711049707521
124354,0.0036840000183461495
124355,0.0063061409631212885
124356,0.04380461634788875
124359,0.003813079570193591
124360,0.0046422943731952125
124361,0.0028711718618578646
124362,0.014265692739810695
124363,0.03914854108047097
124365,0.009615636096529726
124368,0.011080953611591572
124369,0.09863130708615825
124370,0.023860891446467712
124371,0.0026860159035772624
124374,0.00491909842997274
124375,0.00032779928208069277
124381,0.007176547337995151
124382,0.034927978654842325
124384,8.919337331891467e-06
124385,0.017651503769774594
124386,0.0846015700553169
124387,0.01695974212090076
124388,0.03439418600888524
124393,0.017144399401852264
124394,0.01373641647380141
124396,0.003668268916133053
124397,0.0006293748715471155
124398,0.06236723496316485
124399,0.004137436458009159
124400,0.046789757980732205
124406,0.0043735349411521355
124407,0.07521863340948219
124410,0.0040591311238165045
124411,0.004157874654001517
124414,0.02308501812521768
124416,0.13973186291729855
124418,0.003909494122610734
124421,0.008187675995155743
124425,0.004578035266218343
124426,1.1473392020227468e-05
124429,0.0001519323522988854
124430,0.020801802068054032
124431,0.04349553319623352
124434,0.0006082262851833842
124438,0.007863104755042658
124439,0.0029069033623140873
124440,0.004397914840903556
124444,0.016695619039562813
124445,0.03401788382794372
124446,0.009976277603476618
124449,0.05014552375296568
124450,0.004148329828812934
124451,0.13479877801050963
124455,0.016059058713299254
124456,0.003779450350669752
124457,0.007684052279057997
124462,0.01771831369056358
124464,0.030180435260060805
124469,0.003871443634093616
124470,0.008796566948723685
124472,0.08011879577807832
124473,0.04604184549860884
124478,0.037851902621053854
124479,0.1276206241564594
124481,0.1391854049310607
124482,0.13758936163230276
124483,0.00404743213195915
124486,0.030893415448420686
124487,0.13237066554351984
124491,0.001879191194357919
124492,0.016143971211456196
124493,0.15178800994369676
124494,0.016518617261370196
124497,0.018052224324887445
124501,0.0030364840012757285
124502,0.001753501964843196
124504,0.29536632905744103
124505,0.004587374398444416
124506,0.15905870651898735
124508,0.0070144239905586
124509,0.003486588822175064
124512,0.004574885759269317
124516,0.06807036124830618
124517,0.016904514372977113
124519,0.0031799030452058126
124520,0.006452354307129283
124522,0.10432323133801069
124527,0.006533513907447099
124528,0.015880479017749357
124529,0.004926805024081805
124531,0.002832227018397873
124533,0.0031810793446386586
124538,0.009701520752923187
124539,0.14127465843777112
124540,0.025380214065452985
124541,0.022564327689540996
124542,0.003635851147495556
124544,0.0024985498874176507
124546,0.019345283066764144
124549,0.07821696515144919
124550,0.10825215318134872
124552,0.004317402743892986
124553,0.0123609011128285
124555,0.003914877686603953
124558,0.0030363904498645466
124559,0.0049000715016402074
124564,0.004427978019514936
124565,0.0029862685117874118
124569,0.018052224324887445
124570,0.0024283765856616146
124573,0.00802717833487066
124575,0.020549515835173907
124576,0.01156524385397691
124577,0.03238461117187459
124580,0.05465928177913936
124581,0.0007474336681830601
124583,0.00841331887593019
124585,0.019370149060379826
124587,0.007228917544668582
124588,0.018991741812777546
124590,0.0019995561083366764
124591,0.002670029964346751
124597,0.030529324897405834
124598,0.050215747149096206
124599,0.009895353096177905
124600,0.04983462320843072
124601,0.011742890072517468
124602,0.004385915198472985
124603,0.0006741384068646091
124604,0.004609602918763913
124607,0.0026348317992406227
124609,0.005741201561431252
124611,0.028980874159944128
124612,0.1316052044669508
124613,0.0019152950021575073
124619,0.007039641148790352
124624,0.003381835730960484
124625,0.003882783892447634
124627,0.020686270292051164
124629,0.06557576184837155
124632,0.08015652745127472
124633,0.00446556058283998
124634,0.03200573014318331
124636,0.013280394358930877
124637,0.0032165906037650953
124639,0.023843657388788
124640,0.05274571057971793
124643,0.14339102976858834
124647,0.002620585037793118
124649,0.003142256265884801
124650,0.014245254521017754
124651,0.0031151334214883047
124658,0.0034624151556216427
124661,0.0029157024915861607
124662,0.020283890986174766
124668,0.004577161379078804
124670,0.00943265371442011
124672,0.036486806331412956
124675,0.2836455289755581
124677,0.020436181220515378
124678,0.01667387221395795
124685,0.031139322366181162
124686,0.11490398548366874
124687,0.021571097348207793
124690,0.00499967249409203
124691,0.11896887596183923
124692,0.0011651638966646359
124693,0.006276093633601917
124696,0.02834019947530103
124697,0.0008051695546342159
124699,0.0025993901450517072
124702,0.025285217949736555
124703,0.002380009382008048
124704,1.6693587587664578e-11
124706,0.0023928285482857155
124708,0.026637059845373026
124709,1.2488814860639713e-05
124710,0.04513822304259527
124711,0.023332672566507298
124712,0.018884453475264
124714,0.13457636819304972
124721,0.0004958971288733369
124722,0.0072304763642492805
124723,0.031587968807705646
124728,0.020916805519371428
124729,0.004332643312560718
124732,0.005045371978048168
124733,0.0031045590822360945
124734,0.0001273511079231407
124735,0.013860164657816731
124736,0.13698178336499042
124738,0.0030703218616561874
124739,0.003533711853009638
124741,0.04900647381697272
124742,0.026645518179777918
124744,0.04584648262199179
124745,0.008086221941780292
124746,0.005606855333584674
124750,0.14063199190981912
124751,0.003606503196975006
124752,0.016381028763589975
124755,0.002186993794532522
124756,0.07038716452557224
124758,0.031194518773994626
124759,0.023462498627104547
124765,0.009812195763917484
124767,0.0031787078654928282
124768,0.01490754970141068
124770,0.0062617012853775494
124771,0.007210361953134161
124773,0.03647779638857591
124780,0.0026153427559822595
124784,0.0065246183159157955
124788,0.0038827326599134874
124789,0.02112170122866398
124790,0.03681605919232719
124791,0.02255636525331775
124794,0.0014329748928540796
124797,0.0036374021413726606
124799,0.026986412519122035
124802,0.003990530348282593
124803,0.007200847332646202
124805,0.17725206247042374
124806,0.2251147557333883
124807,0.025208245328926942
124808,0.014776942239067361
124810,0.05589207419686421
124813,0.014979578725912865
124814,0.02834194739248898
124818,0.001385376670841365
124819,0.0035919040171617394
124825,0.043741647235532054
124828,0.0005280014097018733
124829,0.002144046763040334
124830,0.008550223532513345
124834,0.007457365919700038
124836,0.0021208608377379003
124841,0.018052224324887445
124842,0.0030365167710074406
124843,0.00486633515406902
124844,0.001927377869736596
124847,0.0039312260861307504
124850,0.01293708549431889
124851,0.002238395957708288
124853,0.0033609483384271764
124855,0.008286461247209847
124856,0.018627744960560456
124859,0.009703532306936023
124862,0.0025370447265445706
124865,0.0032199050286796705
124866,0.005295780892482796
124868,0.025775299367002222
124870,0.02692638873869659
124873,0.022060480709526428
124874,0.00477578993391367
124875,0.007543924774571713
124877,0.012342177839593184
124878,0.03236521768593304
124879,0.008920328938768764
124883,0.00862108786010834
124884,0.0924588263323225
124885,0.0019614882647300933
124888,0.09528874585300176
124892,0.024348702250030954
124893,0.11982248928367928
124894,0.008625795698679497
124896,0.00553943874936927
124902,0.0019370881119051817
124905,0.0033689007666375327
124906,0.005629243318896306
124913,0.12395062971664024
124914,0.016596111854796338
124922,0.016999456645757575
124923,3.6364360940694075e-08
124925,0.18011711237803582
124926,0.01594674386809158
124927,0.003177599441682692
124928,0.018445027303293702
124930,0.004481529146517041
124932,0.02725768066105207
124933,0.025902751396159655
124934,0.005009229666861504
124935,0.03394151956906012
124938,0.0038328293692609363
124940,0.03153247474699388
124941,0.005602258113928113
124942,0.0003808194026813071
124943,0.0025968886720740447
124944,0.023184387838970342
124949,0.00393297649612261
124950,0.017983936322743175
124951,0.029763730969909964
124952,0.0013713722664618984
124954,0.09915561045386968
124955,1.9960700749279968e-08
124957,0.0008829122740585145
124958,0.007362056105642164
124964,0.010866464229842093
124965,0.04461600252552061
124966,0.0027008836334070172
124967,0.003152411022023724
124968,0.012054411253398366
124969,0.005192089519973001
124970,0.0035242065656546652
124976,0.0041102682368980665
124977,0.041962469580550464
124978,0.0052006919252899735
124981,0.0042235881922839304
124982,0.05213140079111956
124983,0.00018689704440664207
124984,0.0049678034306075885
124985,0.07987725425960929
124986,0.005462813097846339
124988,0.14812942324045814
124992,0.003885361081026584
124993,0.006308900824434464
124995,0.0992045229657848
124996,0.017017168696666488
125003,0.019442855005766622
125005,0.05313110742951028
125006,0.008993070764605747
125008,0.0062423231627940405
125009,0.000874260649928805
125010,0.07312871399414624
125013,1.5081344423580946e-08
125014,0.027447344925256602
125015,0.1351283798147172
125017,0.02331139026200934
125019,0.01388236942867375
125025,0.003462333077080764
125026,0.0005486839041232924
125027,0.0036992455929557304
125028,0.010661305116958153
125029,0.021381197916454372
125030,0.0037646458391789525
125033,0.10750076822641388
125035,0.07296807980210046
125036,0.0059930009256724094
125037,0.11365508742916128
125039,0.013468039528987955
125040,0.0652413589195126
125044,0.003589977816718395
125045,0.020607128085141698
125046,0.01505987154768111
125048,0.003367100102831458
125049,0.0043603911389294885
125050,0.02027143611518738
125051,0.09091761606487987
125052,0.02722079177528435
125053,0.025188271846479836
125057,0.009567876861398
125060,0.017094562193989936
125061,0.007829344763231718
125062,0.004685526989594204
125063,0.003667129045310561
125064,0.04879914875618421
125065,0.0008904037660305171
125066,0.0056042469641162055
125067,0.003969154842569042
125068,0.02609803508000051
125069,0.008648102346240636
125070,1.3080889547843424e-05
125071,0.04255422860425963
125074,0.008639480133705722
125076,0.0029203218248420914
125077,0.0047515031885122325
125078,0.003421133520425895
125079,0.010961967504628353
125080,0.0217711397137132
125083,0.034693740538600186
125086,0.031094023037027765
125088,0.025894587144634645
125090,0.005241072779096089
125093,0.050251888926462165
125095,0.02512745969794706
125098,0.056844584127204854
125099,0.004406973996631961
125101,0.053259601126583435
125104,0.025165554149953924
125106,0.030431156913248773
125107,0.0034584807077811083
125108,0.1614050489753582
125109,6.511530077381968e-05
125111,0.04156631935055133
125117,0.14016876899123568
125118,0.0088542254174731
125120,0.03024719584295214
125121,0.017097234315349426
125123,0.1345277455900281
125124,0.004054208145269346
125126,0.003031001780892634
125127,0.12746837585142284
125128,0.00024071313423664736
125129,0.007318266066136008
125133,0.000907869861806971
125136,0.02163776927135299
125141,0.03905545625001154
125142,0.00383550800472575
125146,0.006770331174634303
125148,0.00842657601734595
125149,0.010861272362876763
125150,0.07196206754337206
125152,0.0478555730645106
125153,0.004939853263521697
125154,0.018960546152464005
125156,0.018991173163847692
125157,0.033268750574452825
125161,0.0032225669304686007
125165,0.016363613285890595
125168,0.004122622554649888
125169,0.004013151970697304
125170,0.047575367707401006
125173,0.018052224324887445
125174,7.0376827283535435e-06
125175,6.152423398879853e-05
125180,0.003639523313716015
125181,0.020735261164205144
125182,0.0032185806975697554
125184,0.00920836108487042
125187,0.014281641056717722
125188,0.017398531562646126
125189,0.003198684673211577
125191,0.09635102265845683
125194,0.12418145152919807
125195,0.002696635341433809
125197,0.13266977864463322
125198,0.002607116573072146
125201,0.004175398174293275
125202,0.08432506300969082
125205,0.002372878692993152
125206,0.025799358390332216
125208,0.026912794880294414
125209,0.003979343034580954
125211,0.005853845704803022
125212,0.007661876681428378
125214,0.005455657334927278
125215,0.002998081891582615
125216,0.0023600942815246136
125217,0.004474513130052567
125218,0.006378619009752815
125221,0.02114149805143374
125224,0.030059646132613846
125226,0.0001709889036766952
125229,0.14646674544077518
125230,0.03033740819790272
125231,0.026379892262162072
125232,2.292917279329403e-10
125233,0.005915007258975374
125234,0.006408356621115944
125236,0.0029943813380158505
125237,0.036899553262423064
125238,0.02552796084505066
125240,0.005711060778668802
125241,0.11395791575046169
125245,0.00993136488482897
125248,0.035672093707334915
125249,0.007937407139063728
125250,0.14012732802832453
125251,0.00021753370640440712
125253,0.012663810075831974
125254,0.007656075884364177
125255,0.04342195558226661
125259,0.006239405089718604
125261,0.13337310878422604
125263,0.004285526168067716
125264,0.017888134807087126
125266,0.006727559737790315
125267,0.003345260813023259
125268,0.021598559545128886
125270,0.0003101486134486887
125272,0.02692355842842639
125273,0.010511142525029599
125275,0.04617406214190805
125277,0.0023006045711055946
125278,0.043825340220924804
125284,0.0006113463006174244
125287,0.01903240382219931
125288,0.00010217950812308516
125289,0.007918529937500711
125290,0.0031470132491043285
125293,0.005885696448759938
125294,0.026654571029549906
125300,0.027110819626038972
125301,0.012687047413556177
125305,0.0028397387218842616
125306,0.00623803015367536
125308,0.0036544435449052523
125314,0.0892052412593615
125315,0.004620252903039118
125316,0.00415799140203655
125317,0.020089651693098117
125319,0.018052224324887445
125320,0.029564552452605596
125321,0.002408317124738587
125323,0.005357465818327327
125325,0.015823107854804327
125326,0.060113129642942076
125327,0.002502691784584676
125330,0.003592839876688086
125331,0.005682625512901411
125332,0.0035326681355332956
125333,0.006679355047992191
125334,0.15743411890274742
125335,0.032769717292664195
125336,0.05083927842319307
125337,0.0040360649017421035
125340,0.0016073896272898588
125342,0.00415329005941405
125344,0.03388548644194784
125349,0.018317377635339804
125351,0.04957661354779591
125354,0.006786036546380833
125356,8.520083756240827e-05
125357,0.0025717458635855957
125358,0.012914819703585743
125359,0.01262252619734411
125361,0.0397616545488935
125363,0.14257708038287709
125364,0.005501981282016889
125367,0.004667404071766012
125369,1.5394555455488827e-05
125374,0.04169851250373146
125375,0.0009711127529791812
125376,0.012336452788688647
125377,0.004055717339648512
125379,0.004426933092166779
125380,0.10291004987421443
125383,0.003918600482894307
125384,0.006408458213612921
125385,8.94220364448289e-06
125386,0.03479294869345174
125387,0.01731476628668886
125388,0.005744210858741456
125390,0.01355863652910053
125393,0.010006627072069871
125395,0.1324984910354203
125396,0.0795162456705373
125399,0.0026190125891329286
125403,0.14360914812900327
125405,0.0013129016290639518
125407,0.003653647333401236
125408,0.007141414865141322
125409,0.0126345789083021
125411,0.0825910575382137
125412,0.005045411081792259
125414,0.014425888075751054
125417,0.029230578361963903
125419,0.1052322764839171
125423,0.003335541613198029
125426,0.019308808214517248
125428,0.0778876952260589
125434,0.01657036104060498
125436,0.0027321257758859446
125438,0.008506535967106545
125439,0.05249269894169999
125440,0.0019802534461363895
125443,0.0003552545876796814
125444,0.06952914590351333
125447,1.9521213823506053e-10
125448,0.002301041912170336
125449,0.021753576906303414
125454,0.0036045225081511954
125455,0.02243635278277277
125464,0.004112624829915906
125465,7.92236812518695e-06
125466,0.018052224324887445
125468,0.031854665908738325
125469,0.0024711061733997406
125471,0.025032659736734717
125472,0.0030365805931883328
125474,0.005253945206071088
125477,0.13086016590622185
125479,0.0032282492318722335
125482,0.004426895609974935
125486,0.04673889968575501
125487,0.06569571534349423
125488,0.032720878147451705
125489,0.008966241664895118
125493,0.008966403870436016
125494,0.012113288983667534
125498,0.0026020442401453498
125501,0.001055732477781475
125502,0.04361034428666081
125503,0.02099257814802077
125504,0.0035092938695609893
125508,0.11922079306873674
125510,0.0765638416722244
125513,0.00400429065357234
125515,0.013767934534207823
125517,0.04315129490127935
125518,0.02612305521377066
125519,0.016232298653330042
125520,0.055792526690400385
125521,0.008924306956264423
125523,0.0042593737138111225
125526,0.030935042573164418
125528,0.003642217280874923
125529,0.015884797202002192
125530,0.008875998011987851
125531,0.004093874437641793
125532,0.29001106355031425
125534,0.03057228582753053
125535,0.002950174390306176
125536,0.059637918103447984
125537,0.008300125011468736
125540,0.009822294310515471
125541,0.004355313003356643
125542,0.0034348167201865873
125544,0.006932083911273333
125546,0.006462785243204536
125547,0.05395204972078292
125548,0.004748306520896258
125549,0.0042213865822150615
125550,0.07694747496687285
125553,0.007623281881431585
125554,0.003405226073464265
125558,0.030608487695103444
125562,0.001054838066929482
125564,0.005742087186593631
125567,0.0641500571074311
125570,0.001756836934851718
125571,0.0030814668900330557
125578,0.002906617247040659
125580,0.1454594907441949
125581,0.004662612725218303
125584,0.00016614081841425778
125586,0.0034495201205678393
125587,0.007142438480407595
125589,0.018815763961937494
125590,0.00504313973255361
125593,0.004031778489299808
125594,0.000122933525261471
125598,0.3460593710774203
125599,0.06002150140072981
125601,0.13174976109592218
125607,0.024482489988182067
125612,0.0006730084165110382
125613,0.0027560801258115853
125614,0.13926542922833704
125615,0.11511326702040788
125619,0.003976532296241384
125620,8.947931474064888e-05
125621,0.008334923041108224
125622,0.04653003102476665
125625,0.0032622590680135353
125626,0.005805425622546045
125627,0.06483038559659515
125628,0.034223154164802864
125629,0.005125840267616252
125631,0.07157679056914537
125632,0.01292422507601896
125634,0.10437934530926939
125635,0.048635402614821716
125638,0.04657874258140338
125639,0.03305969583692623
125649,0.07635380699377477
125650,0.09325172617314376
125651,0.010095452662319997
125652,0.01991252928743296
125656,0.002123668020931809
125659,0.00943218110612744
125661,0.012155054350293171
125662,0.01341309437998001
125665,0.022838702348135027
125666,0.003036480564707132
125668,0.06293864479648524
125669,0.0037437957872105856
125670,0.0036407060439611685
125671,0.024059984977789394
125672,0.0057132922531745725
125674,0.03514076957814937
125677,0.007579683098995542
125680,0.002174591766961743
125683,0.04691725653673438
125686,0.1465009109826121
125687,0.09671597798635724
125689,0.017312237912603078
125693,0.0038987562824703806
125694,0.002856468735333919
125698,0.008395332659064145
125699,0.01506247788424198
125700,0.004736526204019691
125702,0.006859814715442387
125703,0.004500145700049574
125705,0.03479289429203547
125706,0.009390780734590605
125709,0.073259891383062
125711,0.025775299367002222
125712,0.1346340514948379
125713,0.0035433187432924993
125715,0.019728639706717493
125716,0.0038494043869029796
125721,0.004254093022026955
125723,0.01640365695459948
125726,0.003836717396308154
125730,0.029452010785627005
125737,0.0006339468631951732
125741,0.005995236423893931
125746,0.02463551918065133
125748,0.01879777629446909
125749,0.016791791552847376
125750,0.00013509151797958977
125754,0.019050092592312665
125756,0.0055560249171833975
125760,0.00015612656181437684
125764,0.011668152848131908
125769,6.102861610335686e-07
125773,0.10490313470161726
125774,0.00794659880796297
125776,0.01008183993469106
125777,0.004124072508873783
125778,0.023580086094231095
125779,0.0022856411492565413
125780,0.003862505177295284
125782,0.061985330321081514
125783,0.003053501790226918
125784,0.0010391256444100252
125785,0.0011122687646917461
125787,0.005601147877292533
125789,0.002368061363539936
125792,0.12832996531656748
125794,1.8461413115256323e-05
125796,0.0006162041252204318
125797,0.005231365904964167
125799,0.008452726610172934
125801,0.00556896564095454
125802,0.04073803545190119
125803,0.02568836131715251
125805,0.007129785536557434
125806,0.015466174158964738
125808,2.435093213846351e-07
125809,0.010604796971896728
125810,0.0041013863794459844
125811,0.13292239332934733
125812,0.005085775676767064
125814,0.007646611188444562
125815,0.1410895813117087
125818,0.008146836576295042
125822,0.014834706927762096
125823,0.0492589722462702
125826,0.005175911209045674
125827,0.015586520995587536
125828,0.05572237200174457
125829,0.014765990216555573
125830,0.010754068001201567
125831,0.0031064917584424905
125832,0.020783699185595337
125833,0.0065933466013203875
125836,0.02381162760434752
125839,0.018052224324887445
125841,0.003875255066698293
125842,0.027052492903862677
125845,0.02312743878507385
125846,0.007278345450613295
125849,0.023057041731848176
125852,0.0015985337560032616
125853,0.02860109270064514
125854,5.107462539286218e-11
125858,0.020471761089849598
125863,0.02505174264670168
125865,0.0034624284101489006
125866,0.005343271910771277
125867,4.595788548952543e-05
125868,0.03295240056681487
125870,0.005674358753517178
125872,0.0009818591279915061
125873,0.022954175637256175
125875,0.0015067949581904748
125877,0.12367882941060442
125878,0.041896329451663654
125881,0.027529920348025604
125882,0.0018231954454573057
125884,0.014822608975734208
125885,0.13880502350163954
125886,0.0028848115890342235
125890,0.05322238816359195
125892,0.1904199697770499
125893,0.001949470723093499
125895,0.026213388527668524
125896,0.03993395192876771
125897,0.0066627245395194
125899,0.005437197796801669
125900,0.0213887576816398
125903,0.0016332969805336708
125904,0.00018321605511163427
125906,0.006663381892034648
125907,0.01134687917204195
125909,0.0036495318359193282
125910,0.027785476526895305
125912,0.11024557348204954
125913,0.018052224324887445
125915,0.005129660407471118
125916,0.03440527244408891
125918,0.005708900948554747
125921,0.0014620267829846489
125922,0.007540295796402545
125923,0.003593561139151257
125924,0.14853784288531413
125925,0.0287443526076144
125926,0.008136278601879926
125930,0.0005766788230556023
125933,0.00866617387573728
125934,0.09005791577478305
125935,0.018052224324887445
125937,0.006899105036701746
125940,0.028965513866024733
125941,0.023926626280986456
125942,0.003745459477706983
125948,0.031654893189461644
125950,0.14512120267746492
125951,0.002714609552891857
125953,0.008071859017919169
125954,0.012259411266833517
125955,0.0028637675432201053
125957,0.003024677178829972
125958,0.00512241901000994
125960,0.016291534445867038
125970,1.5171192667040574e-10
125975,0.00943268232955262
125976,0.03188655239968153
125978,0.0032279989107554504
125981,0.07938893571912481
125986,0.017787770244721647
125989,0.017304314260403623
125991,0.0027767583976587794
125992,0.03387089204033899
125999,0.015114049980629964
126004,0.007354636326242566
126005,0.004344501668569052
126006,0.02242469058265493
126010,2.0725582467805483e-05
126013,0.017614553390833027
126016,0.0032117416788053714
126018,0.014141509965256614
126020,0.09194204084969693
126021,0.016876000055183672
126025,0.0034623050651939624
126027,0.08604431188432007
126029,0.05513361674575262
126031,0.14199727456526634
126032,0.009578440787607306
126033,0.013629546488360195
126039,0.12766437880339257
126040,0.0031207783826669344
126043,0.015862927077939664
126044,0.15351270828502175
126045,0.0028773304795601
126048,0.007916993214850085
126050,0.012344398603044827
126052,0.006597385895495939
126055,0.006819230490814095
126057,0.003315465615490163
126060,0.012297799406223593
126062,0.004728117558709154
126067,0.13658491513820897
126070,0.02542486358986756
126073,0.0280698645404882
126075,0.020034564543233043
126076,0.0034624151556216427
126077,0.010085330821429192
126079,0.003200777712468184
126080,0.02430156270739696
126083,0.012582946596929441
126084,0.00025820573373991855
126085,0.004516381286919551
126087,0.012252924247209406
126088,0.005524094743606313
126089,0.12562760669931605
126090,0.010169229267480201
126092,0.051988067790259086
126094,0.012838663004988031
126095,0.005073328810958268
126101,0.07796151701973016
126102,0.0030364396030845135
126103,0.047043964836601906
126105,0.008811699547407464
126106,0.00441956325344593
126109,0.0023756015882514937
126110,0.0012645796117045876
126111,0.0018692993438807004
126116,0.028236599146438557
126118,0.0036988137004619866
126120,0.05371130953166185
126121,4.7537799652610325e-05
126122,0.00022187203390213508
126124,0.005132363664288839
126126,0.28203733320700736
126127,0.08119836414715259
126132,1.257824360933405e-05
126139,0.013473668556570164
126140,0.003405222285263257
126142,0.003605009914826842
126147,0.10279944199617631
126149,0.02458561076837144
126151,0.03490632601669225
126152,0.006323671945061528
126153,0.029948193638807897
126154,0.1298684663444412
126156,0.07196206754337206
126157,0.0026529788220113213
126160,0.16341596113955464
126161,0.021172663971990763
126163,0.0006996599329320256
126164,0.034171290086448584
126165,0.0027588884615017298
126166,0.0071781486086510875
126167,0.03338268858536922
126168,0.0306276105531559
126169,0.013807446041147422
126171,0.07196206754337206
126175,4.406287541196135e-06
126177,0.0022788579027779744
126181,4.251358965432912e-05
126182,0.0022269654257111187
126188,0.0040049820617793
126189,0.003405397233447251
126193,0.0018315464029775709
126195,0.0038546836449276077
126196,3.937913715169548e-06
126197,0.010227826732196185
126198,0.033599411077997805
126201,0.0029601688789477523
126204,0.024482489988182067
126206,0.00030002888353335844
126210,0.0004770411398183981
126211,0.011098233689474078
126214,0.054484195901814976
126217,0.010899132401229748
126218,0.008912101132595584
126219,0.0035913765082389985
126221,0.01250704181035282
126222,0.04435155341604186
126224,0.02186822326316681
126225,0.0026696744339858255
126226,0.010055752082565667
126227,0.003752767434282318
126228,0.2421842514951786
126230,0.02765310656450885
126234,0.010651560844614459
126239,0.006958993229496256
126241,0.003282512516424601
126242,0.08877324121679002
126246,0.0035208336278035324
126247,0.12329783226598158
126250,0.11552371540189409
126255,0.09181623617566505
126259,0.005747191442616716
126261,0.047546077394283376
126263,0.010116020081208408
126264,0.003422604721978782
126266,0.03330544600060467
126270,0.005689527246882822
126271,0.003952819390756074
126273,0.0086708375511285
126274,0.0025544536867091357
126275,0.003446938840177619
126276,0.02887989808469259
126280,0.0033873619753581777
126282,0.003947249382875173
126283,0.0003790381056712002
126285,0.02852889459108977
126288,0.0020151116219428236
126294,0.03089455150959107
126295,0.0038837944787569047
126296,0.047918540476748886
126297,0.02814493110749475
126298,4.446265144152349e-06
126299,0.029744792328238477
126302,0.0043698705424662625
126306,0.004056035768727851
126309,0.0035021656942475833
126312,0.02364865259002751
126315,9.344123961445816e-05
126316,0.020588280835089352
126317,0.0039764498112455915
126325,0.0013917602482251012
126327,0.004839109963878339
126330,0.008027360585851654
126332,0.002298208213171485
126335,0.0812943829806462
126336,0.0037948463208974438
126337,0.00402049067272375
126338,0.11684372271578435
126339,0.019491787903142852
126340,0.010180266842288442
126341,0.07321449495428246
126342,0.01745813214025309
126347,0.004830843136985469
126348,0.008329013935979384
126350,0.09598026290084058
126351,0.05718892896907951
126356,0.07631793012646074
126358,0.05167590522284333
126360,0.12419434382439332
126362,0.003307353340623078
126363,0.0047412634839416315
126364,0.11726060379197302
126366,0.008970634730974335
126369,0.006391378784285798
126370,0.008640329834114871
126373,0.018408829559269674
126374,0.08472140780218167
126375,0.0007238347568971401
126377,0.0024993838164403337
126379,6.64636940721676e-06
126381,0.01838916526549862
126382,0.0037204359926859163
126387,0.01252442747185021
126389,0.0021789843106136434
126391,0.00470502934792451
126397,0.004146967117563087
126398,6.4777409067520956e-06
126399,0.0688315456316987
126400,0.011687739698983249
126401,0.0023070903534766567
126402,0.002375706866998826
126403,0.05528668980603195
126404,0.005001533138018608
126405,0.0022658781771188207
126406,1.7003217308242438e-06
126407,0.011931121424155835
126408,0.028872951989587097
126415,0.052712104849149094
126416,0.004496737531791039
126418,0.004032851280186956
126421,0.018815763961937494
126422,0.0064411459574576415
126426,0.002846990229374371
126428,0.006007924817538962
126430,0.003275431609601194
126432,0.03353125743468451
126433,0.003155266165261521
126434,0.010374888247454741
126437,0.015619814021804755
126439,0.005185249982167319
126442,0.019023251455069005
126443,0.006087020226999683
126446,0.007481520256642105
126448,0.08317100073798284
126450,0.009894448294497926
126451,0.009519797442289328
126452,0.0028383250702204935
126453,0.01894559016400062
126454,0.0017048011097224095
126455,0.0023108435372316116
126458,0.023141375458223812
126459,0.03693837497636008
126460,0.13244146280902067
126463,0.005926869014954429
126464,0.1502575908532195
126466,0.14720821482846055
126467,0.008984653936785419
126468,0.02432595335141407
126469,0.005725186038290304
126471,0.004185088359704567
126473,0.004884245914080889
126474,0.0038087723196486806
126477,0.0655195610677186
126478,0.004197076229232444
126479,0.013594383052268368
126480,0.010140667578867278
126485,0.00450857759781544
126486,0.002109552982254843
126488,0.004928098378232074
126491,0.01613699247599741
126493,0.005992020737130825
126494,0.046249192376272175
126497,0.003994109044342956
126498,0.003970145069190011
126500,0.006335801394548993
126501,1.3136247824733866e-05
126503,0.018416440268154286
126506,9.196152677155879e-07
126510,0.022587582930992334
126513,0.011219385304041691
126514,0.03630585586005804
126516,0.04574306106405366
126519,0.0021397890325352293
126520,0.00037432701197376436
126523,0.009580550929800978
126524,0.018704279189892408
126525,0.10679383202722702
126527,0.003604113243468173
126528,0.0034541880558096255
126529,0.01311470735765352
126531,0.003678963351584164
126532,0.0030365724005506846
126536,0.004666257941870935
126537,0.02010708510192801
126542,0.00011529936901498084
126544,0.013949868496622369
126547,0.004226928503139248
126548,0.007705647765792101
126549,0.08640092160841752
126550,0.0044367990000963135
126551,0.003696819840670634
126552,0.008492871258961207
126553,4.2213355601818564e-05
126555,0.012882768238591665
126556,0.06594617063631543
126560,0.0028865595816984593
126563,0.004096567196046849
126565,0.002522492292737467
126566,0.0033029218175568095
126567,0.006067647001098258
126569,0.14333350258821456
126573,0.08097663061505536
126574,0.02340540607300804
126580,0.1319982171649946
126581,0.020904825125411086
126583,0.03174667597239583
126586,0.11622398526668903
126587,0.03045048611659819
126593,0.07577424294815656
126594,0.09871522405535853
126596,0.021073253947301248
126597,0.14065212639331004
126598,0.00610499486256847
126601,0.03998581173752472
126602,0.006033957238554839
126606,0.007011872910391072
126608,0.005408924899775721
126609,0.04292750346794745
126611,0.07409515839565904
126612,0.15410114613674708
126613,1.2349134476731493e-05
126614,0.003712040527644322
126615,0.005251508871655321
126616,0.042185782576531425
126617,0.0046532268514095886
126619,0.03316056511497685
126620,0.005014836097709934
126622,0.0030100147140768464
126625,0.03768555686382952
126631,0.09370451449089193
126632,0.055708164147139895
126633,0.10405451311343797
126636,0.023130606531693333
126637,0.003791796977189993
126638,0.003590804584522898
126639,0.0037152126308484124
126640,0.010320281367047653
126643,0.008079400763773767
126647,2.8503356026552686e-14
126648,0.005589701408682328
126649,0.017736607770174193
126650,0.026592863769458158
126651,0.023141619925709657
126652,0.14747389759209834
126654,0.00015612517717233498
126655,0.06718916988873466
126660,0.03234550860839858
126663,8.830020301605132e-05
126665,0.008163924402043743
126668,0.0030254523721718386
126670,0.0003395842381189607
126674,0.11854870881008181
126675,0.008601195668923877
126676,0.0038827633993531673
126678,0.10643162447072607
126679,0.007842577464286972
126680,0.09807648227464635
126681,0.00010887888957452129
126683,0.006193524049068732
126684,0.01324058552249824
126685,8.031249731132408e-08
126686,0.1083056373285744
126688,0.00446495556104103
126689,0.02483189802083874
126692,0.010271966011500962
126694,0.04690492745694191
126699,0.045841656305943994
126700,0.0012318510005410346
126701,0.11201244472297503
126705,0.005952316291677765
126707,0.008373153780460304
126708,0.0029362944871152256
126712,0.13456284057510695
126713,0.056576977368923614
126714,2.5677769731761848e-05
126719,0.13504153835219646
126723,0.004957360715657291
126726,0.022678635122382548
126728,0.02713926793804642
126729,0.007668243989346149
126732,0.018259292207572924
126734,0.0040461907447353245
126735,0.018477212428735092
126736,0.003700624128938187
126737,0.008291284115198925
126739,0.08904511929427089
126740,0.0043127700794298555
126741,0.006847911475864404
126743,0.02357406035186734
126744,0.0004571217428954773
126745,0.07612177953119263
126746,0.0062463554421694585
126747,0.010644243811886531
126749,7.70079760135195e-06
126751,0.048772684546115316
126754,4.19509677252598e-06
126755,0.0022860789868743565
126756,0.001794868947261713
126760,0.033174051799090304
126764,0.02015537706935999
126765,0.03045324567833192
126768,0.05229179830716997
126770,0.004885247189193669
126773,0.0008598140527773098
126776,0.030141367903496284
126777,0.0028086390130028496
126779,0.005325143794203312
126780,0.004924665420980065
126781,0.1309561075249084
126782,0.03495208030107781
126785,0.003257862732695416
126787,0.019340701584356104
126788,0.0059429821854982716
126790,0.012509296048282428
126791,0.012182351695441396
126795,0.053611401034435756
126796,6.694000555164835e-09
126797,0.02245843431404751
126801,0.00013478834909065316
126802,0.026429619328252135
126804,0.07698647248409683
126805,0.0039697845349987455
126806,0.11342029361352174
126811,0.004838253074873411
126812,0.0846015700553169
126814,0.023989432271477776
126815,6.280774220861798e-05
126819,0.02614947445546839
126820,0.010508502184221847
126821,0.0003374362686353028
126822,0.007029860971423493
126825,0.0030612533124600065
126826,0.0014920383968696361
126828,0.056844584127204854
126830,0.058901404104723866
126831,0.13145462833874758
126833,0.00464189826738218
126834,0.1411699484985658
126839,0.04684945517250672
126841,0.14615924621490525
126842,0.003980889132817996
126843,0.15575485912125894
126844,0.016194223315563357
126845,0.005070160169928319
126846,1.5892341841322325e-10
126848,0.1641539616576802
126852,0.003530180110620548
126855,0.026715422888473544
126862,0.004665450517034294
126866,0.0022290283094643683
126868,0.04888736653519587
126871,0.024435881095522013
126874,0.006655661254971287
126877,0.03653252778715665
126879,0.00044343142606012635
126883,0.018052224324887445
126884,0.030210898605404508
126886,0.002790325856347467
126888,0.025174734787467984
126889,0.011293578850143588
126891,0.005966006681321189
126892,0.0055041894360754635
126893,0.004076694627086771
126895,0.0036874414205438845
126899,0.009626745411408564
126900,0.03974603727675088
126901,0.011104034991577982
126903,0.0035737312396343737
126905,0.003036383975966692
126909,0.07214825615982189
126915,0.023322537826043235
126919,0.0035365727211393036
126921,0.0023006106751751803
126923,0.0071057360212767725
126924,0.019614734715163704
126925,0.002056183805751061
126926,0.10063310865242243
126927,0.10143911221681028
126929,0.014576114644559804
126931,2.795624902445721e-22
126932,0.0249484779115206
126933,0.01320029928741501
126935,0.020009440707762335
126936,0.0030475465576992916
126937,0.036090374300375656
126938,0.0029730715804889844
126940,0.000750919245741421
126941,0.003614508441181445
126942,0.006251384811440344
126945,0.016665608986477398
126949,0.0021628528544511893
126950,0.004241051223768477
126953,0.015491457308942318
126954,0.040470796586752365
126955,0.0035953603566030528
126958,0.008219166995067927
126965,0.006662295985273843
126967,0.1131739124578717
126970,0.13261320010441838
126974,0.07308442558907204
126978,0.02662109448496076
126981,0.007757672751717354
126983,0.0034088398869448052
126985,0.01813188553509688
126986,0.10145757932483329
126987,0.002090707829086343
126990,0.01638265372015843
126991,0.1314772160404373
126992,0.11992146615779106
126994,0.019142151598452735
126998,0.0016660694097998217
127000,0.014406892986648292
127001,0.09919739307194396
127006,0.025349111792862675
127012,0.020547396159702826
127013,0.008992099045254241
127014,0.049372466362989
127015,0.0049734623827586595
127016,0.011798343186885102
127018,0.09807648227464635
127019,0.006007417541098213
127023,0.0020716011610457216
127024,0.007814088389160069
127026,0.009583805493021706
127027,0.05199735366535319
127028,0.01610641378936659
127029,0.030584848837043658
127030,0.0199520500859049
127032,0.00909336662127483
127033,0.004469372260285575
127035,0.05639169876107568
127040,0.00015129905151557794
127041,0.10238451664243872
127043,0.11361945869271163
127044,0.00453778881648801
127046,0.04877820130938047
127047,0.0003045986938662964
127050,0.006809411642330787
127051,0.08402090922404529
127052,0.03009797443500665
127055,0.0630912717671635
127056,0.021407323826380477
127058,0.005477968673343813
127059,0.023939575238775664
127061,0.004064468353995925
127063,0.00757967918109049
127065,0.00022960586895749086
127066,0.007345645161795028
127067,0.006514878726455084
127068,0.026066454860019357
127070,0.00015057878577249626
127071,1.2428025383206386e-05
127072,0.0019066003203461125
127074,0.005129368761517166
127075,0.003036383975966692
127077,0.008740901977725216
127083,0.000277784108490361
127084,0.028779003885493606
127085,0.0005363360399825728
127086,0.01908292386878161
127088,0.014892178978109068
127089,0.014373430719571527
127090,0.02628882456876681
127091,0.005846889470000342
127092,0.004500160305426997
127093,0.003154373084096225
127094,0.0010836459250651246
127095,0.020607128085141698
127097,0.00504545018583788
127101,0.002635410607472703
127102,0.12870778181231055
127105,0.004372536933739865
127106,0.003940431714210569
127107,0.004361384454122504
127108,0.0014099324330485922
127109,0.14717736109404858
127110,0.024139996246197837
127112,0.06777286048615516
127113,0.02142309933952248
127115,0.05012502863467915
127118,0.005291503619031657
127119,0.003059115395043739
127120,0.012609855947488499
127121,0.07347183598165204
127122,0.006016638103775128
127125,0.025806947587617004
127128,0.043733906810138605
127131,0.04522308230428742
127132,0.027602185051377015
127133,0.07001352843782074
127134,0.0225819006110853
127135,0.010449992835218847
127136,0.0014881828448424607
127137,0.03720386894766656
127138,0.005864813950454307
127139,0.02188554600650098
127141,0.00888530607274532
127142,3.369943471475439e-05
127143,0.015783928534578898
127144,0.005981369416964926
127146,0.007194866896665071
127147,0.018162781972326916
127148,0.01158753710354507
127150,0.004809119694152234
127151,0.0020167708482653206
127152,0.0030829313408937075
127153,0.018815763961937494
127155,0.0009291571961013856
127158,0.04893346897799162
127160,0.06567345713689682
127163,0.005623789287194596
127164,0.0007452247466522513
127165,0.00671040766004181
127166,0.04465703398921192
127168,0.03161852376012472
127169,0.016677186001996462
127170,0.018206172961741787
127172,0.03636464745160657
127173,0.018052224324887445
127176,0.13917346237508021
127179,0.0038061033232569775
127180,0.010242144200975705
127181,0.024578243898235475
127182,0.0056744058077524955
127183,0.0016798557035671525
127185,0.013115565734443753
127186,0.003726621947763318
127187,0.0029849706083774127
127192,0.0031728758050415867
127193,0.0030912621694675767
127194,0.004029138092143838
127202,0.026549000073824092
127205,0.00723761046104815
127207,0.11369863114259662
127208,0.002986301786550017
127209,0.004141823639252685
127210,0.035238126669065804
127211,0.010195542154101074
127212,1.1496541785538253e-05
127214,0.004843895879541823
127215,0.0030774866996773347
127220,0.05426847597205049
127223,0.00031319978554287614
127227,1.1161242180755244e-05
127228,0.004304424288699552
127229,0.02173944301331541
127230,0.10547763650182021
127231,0.04164579084796077
127235,0.006412492801164896
127237,0.011806384853109015
127239,0.045014820176789906
127240,0.03229171512324634
127241,0.004401113878188276
127242,0.024194718967790706
127243,0.010689306247133273
127244,0.0032667992059496787
127245,0.0008425802999657208
127246,0.011612992911982728
127247,0.006330756589724635
127249,0.018004119148157693
127252,0.003261086118642979
127254,0.0631904460080837
127256,0.003200101151884935
127258,0.003036465898266548
127259,0.009288744206972217
127260,0.008054788262137763
127266,0.008717523337065484
127268,0.00873556187825984
127269,0.021073973447719246
127270,0.05907216975540221
127273,0.004756064355323687
127277,0.05562174817866353
127279,0.030289784857354753
127281,0.036246970262968435
127282,0.003149616642045151
127288,0.04933401523569826
127292,0.14722172934583094
127294,0.13352669379872842
127299,0.002414623372830408
127301,0.09421218742138873
127302,0.004401597028894278
127303,0.012595338856436288
127304,0.0020951753532953998
127308,0.03039217530046836
127311,0.06912052550709372
127315,0.01350277578092955
127317,0.01816365858289871
127318,0.09286689801026315
127319,0.00966938765418837
127323,0.08083781408340224
127324,0.04929625125635133
127327,0.0026270875194633093
127328,0.0007816873871973049
127332,0.10518575358816101
127333,0.11703243462374184
127334,0.005041723534464591
127336,0.0013619404570982762
127337,0.0020573536163529357
127338,0.015868282169745698
127339,0.08052351740282802
127340,0.003431637176020987
127342,0.023093387596377277
127343,0.01694964203768679
127345,0.01105344236838822
127346,0.004500000813251875
127348,0.1324984910354203
127349,0.00028010838667443444
127351,0.005947031565763092
127353,0.0037493420942028397
127354,0.12726581948357235
127355,0.008683982655868082
127356,0.036566809560915015
127359,0.00390601453720325
127360,0.0026175586168483175
127364,0.12119896901451524
127366,0.011615658754586379
127368,0.003917697760680853
127372,0.023795754476990536
127373,0.010900243701453004
127376,0.004170315660686807
127377,3.3018171666144607e-06
127378,0.0410707548113706
127380,0.002927512121185399
127381,0.05487588719592033
127383,0.007109249873692883
127384,0.1282415222802341
127387,0.013694049465812236
127389,0.007139715519625515
127391,0.0034623964805641718
127392,0.11786094643890743
127395,0.002669708906629999
127399,0.002887051568761121
127400,0.0022523218034066284
127401,0.0028718837251561456
127403,0.0081249232687876
127408,0.00926606292041822
127409,0.005607895690224856
127410,0.0030377900360716707
127417,0.027518580750852933
127419,0.005850717846452344
127420,0.002792393634468635
127423,0.004025930616039115
127424,0.0007495331347516066
127428,0.004080659620921409
127430,0.016689059333453257
127433,0.002798777002656273
127434,0.004092370792985785
127438,0.006055201726294704
127439,0.021879249238727597
127440,0.02781885522904935
127442,0.007201548686962935
127443,0.007875966371126995
127444,0.0015880327602267796
127448,0.003121481576993983
127452,5.104491003839961e-05
127453,0.10587626274153791
127454,7.641503133496837e-07
127457,0.013789470365166508
127459,0.023556354797244886
127461,0.0023940040494201766
127462,0.011528583411524787
127463,0.02784195710488379
127464,0.11261018798020471
127465,0.10509668704818775
127467,0.0025481401528520044
127470,0.0025441007583381085
127471,0.0009498177956299579
127472,0.11993152960948057
127473,0.015521727333406623
127477,0.02117576998333435
127478,0.02957466636698244
127481,0.0035847212866542653
127482,0.006734340252087523
127483,0.024392093136647433
127488,0.0037709612264701067
127489,0.06637680769259578
127491,0.004165003695326814
127495,0.025309085654246794
127496,0.015487528516467295
127497,0.0016145722889222118
127499,0.04149684380079755
127501,0.0035916092498149
127507,0.04689617766295927
127508,0.0030365379119042875
127509,0.009181224851817117
127510,0.0036433470963686864
127516,0.10283462170493074
127519,0.004947137507282009
127521,0.00013967782591248163
127523,0.029434952147699246
127524,0.03535169813285183
127525,0.0033685716106247026
127526,0.0018440631178603172
127527,0.10575588056937892
127529,0.0064078987069608835
127531,0.00626753517851319
127532,0.022991429791523212
127533,0.018539782454740375
127534,0.127252184331986
127537,0.003309837555681569
127538,0.0037539486848816666
127540,0.042004266842568916
127541,0.005489319362311922
127546,0.002296828291188903
127550,0.10722549340846316
127554,0.04256137171493787
127559,0.0002508642567769057
127561,0.004929613065219293
127562,0.023479893082386783
127563,0.04051391906359925
127564,0.003457695670199028
127565,0.046747524793550134
127566,0.07677882316569004
127567,0.0035938703759772084
127569,0.006585295048347615
127570,0.003947384918579578
127572,0.08357538327851441
127573,0.03982209230936628
127575,0.00943844237071214
127578,0.005126728942138506
127582,0.00623373506073856
127584,0.029705038360558142
127585,0.019415006672250847
127586,0.0032216197857932354
127587,0.0039403227081514424
127588,7.975761636536564e-05
127589,0.004989775007481599
127590,0.00341551468415299
127591,0.03011242324402433
127594,0.02691227613045723
127595,0.03701541936902803
127596,0.0046495778528115135
127602,0.005966564295816558
127605,0.17699981326775374
127606,0.13469385962425354
127610,0.018052224324887445
127611,0.023847794283600142
127613,0.015443809840328197
127614,0.007970138784801127
127617,0.005564186668792824
127618,0.10750208335910522
127619,0.026665274292483634
127620,0.06810013457514753
127621,0.022676375942911362
127622,0.11251010472231522
127623,0.004426947222160851
127624,0.059959145066368104
127625,0.003776098606507468
127630,0.0642165490771291
127632,0.004948395356522591
127634,0.005795034889044436
127635,0.0021891047056527557
127636,0.005263627879662693
127637,0.0009710268939766892
127638,0.09621717218621678
127639,0.018052224324887445
127640,0.03152651215403648
127642,0.004701711794123244
127647,0.0019661149224638576
127648,0.009033521499427943
127651,0.004281031684401283
127653,0.0410483851994914
127654,0.004295469160777368
127655,0.02252041407407829
127658,0.003230021518822128
127660,0.015020888897932617
127664,0.003663554148823773
127665,0.04160559474051074
127667,0.1648232583450712
127668,0.033845986141690876
127669,0.006689242057708061
127672,0.03513719957909064
127673,0.0162429752394759
127674,0.0775208943718291
127675,0.13950619791896232
127678,0.003462279011929771
127679,0.10543903690780833
127680,0.22844934044756088
127681,0.016834784046264286
127682,0.0030363856941960123
127687,0.04689069069138131
127688,0.016703926396522895
127689,0.006018875206985999
127690,0.0035448871151675027
127694,0.0029862764150018974
127695,0.016300859204768967
127698,0.001743119708801409
127699,0.018052224324887445
127701,0.01073514078016752
127702,0.06583116267125998
127704,0.0019544008985016483
127705,0.0004505776709631076
127706,0.0051766693248715915
127707,0.012706575172796915
127709,0.04631943701339932
127710,0.0008118609667332765
127711,0.10522654062263233
127713,0.0350484275342581
127715,0.014073576209133725
127716,0.019047052719869614
127718,0.004453156007976808
127720,0.004133248433701459
127722,0.14271208024886198
127724,0.03701732369297695
127725,0.014188046071768193
127727,0.05165743055688345
127728,0.002796289395993574
127730,0.0018217020857039365
127731,0.0025964770812460917
127735,0.013817036598053322
127737,0.003955090256697875
127739,0.022099220351918424
127742,0.005858925077208829
127744,0.018052224324887445
127745,0.10124074997779893
127746,0.02856001900624614
127748,0.0038827326599134874
127750,0.00993241826721967
127755,0.005126405847743557
127756,0.0030278196334497737
127757,0.014894948372544726
127761,0.0030407210920719127
127763,0.0022458510183413984
127764,0.1319816906626532
127765,0.012342547304364581
127767,0.04376900889909742
127769,0.0072628276767191385
127771,0.041399674524633286
127772,0.059317241257987575
127773,0.0036629798251705263
127775,0.003503688257178651
127777,0.004692074092644895
127778,0.007227978325127576
127779,0.020453113969820823
127780,0.0040938325480027165
127782,0.025250675049895064
127784,0.0030993497145473327
127785,0.033161102581219314
127788,0.13457636819304972
127789,0.0118257410984098
127790,0.0015976249120342896
127791,0.0059922142881317485
127794,0.023911620148850135
127796,0.022044912066106728
127797,0.007227263280183578
127799,0.003663421088839272
127800,0.001546339898743753
127802,0.007268218361509166
127803,0.0023386672842604732
127807,0.039104100285798825
127808,0.006944676195079094
127809,0.005902187032104978
127810,0.10639810271085792
127813,0.13816598483444398
127815,0.0032370935424294437
127816,0.012630890010506247
127818,0.016956573774840132
127819,0.0030364184628700252
127820,0.10307165161660081
127822,0.008651107919436535
127824,0.006865265250255248
127825,0.07774126289438622
127826,0.0015543316172000254
127827,0.004672541082755189
127829,0.0050885708237665755
127832,2.7581303204279183e-13
127833,0.14099154208390915
127834,0.054432411514264596
127836,0.016157836191898964
127838,0.01734136415160049
127840,0.0053113697452294014
127842,0.05497362973023891
127844,8.373635847216264e-05
127845,0.0429525455234286
127847,0.003018042535260908
127849,0.02964900943374488
127850,0.0071176110238059045
127851,0.00667790937596781
127852,0.004061456242146701
127856,0.0006978179567144864
127860,0.004252472913567254
127861,0.00756331563991639
127868,0.0021739868469886877
127869,0.03682833062740999
127871,0.04097907060160507
127872,0.0006668597533444979
127874,0.0028945482214877425
127875,0.015449063785051337
127876,0.0034035516800043387
127877,0.005060453337147525
127880,0.006816556845572788
127883,0.0033634641551426193
127885,0.00933546466746418
127886,0.015182027334279561
127888,0.08348853472238829
127889,0.014432719307962697
127890,0.004315925211415921
127892,0.00949957181937959
127893,0.11343795847824925
127894,0.01002705851613438
127898,0.0411457324161328
127902,0.03954285240523837
127906,0.003636920904300885
127907,0.00647949494270469
127909,0.14955539190310974
127910,0.005075760577468803
127914,0.002955439546201942
127916,0.0036437376101434555
127921,0.0023151209463335466
127924,0.0034353425910307015
127925,0.0027031166352579623
127926,0.032945549145100624
127930,0.00199027741041964
127931,0.0024341306881885596
127935,0.002390354619172757
127936,0.00011703727259995645
127938,0.025449378148822706
127939,0.006000339049884576
127940,0.019114108667438224
127941,0.041687832134025785
127944,0.078299328708216
127945,0.026665274292483634
127948,0.007518245486953682
127955,0.04689155069473153
127957,0.1528779301911237
127959,0.014541814950765614
127960,0.004431545458757658
127961,0.0852847601815869
127962,0.12199564875176877
127965,0.02545862539495987
127966,0.004761814455503684
127968,0.12837564331482684
127969,0.003462361089193422
127970,0.004789224707744229
127971,0.019250792631988603
127973,0.1821656631561918
127974,0.010219829603936026
127976,0.03952306880161608
127978,0.006341049473240646
127979,0.056844584127204854
127981,0.004106326801400751
127982,0.033035531695075226
127983,0.03144862348587729
127984,0.09064807576609069
127985,0.002361889221746109
127986,0.028506462039776918
127988,0.00015438727834451128
127991,0.017437208982173408
127992,0.11548705050205395
127993,0.004108245943678335
127994,0.004731088440975654
127995,0.0039041505675140625
127998,0.01656134021119103
128000,0.07960667991098876
128003,0.00325821211343789
128005,0.0030363856941960123
128006,0.028813370783326672
128007,0.07310278880117765
128009,0.027177886242818184
128010,0.004539095740264371
128012,0.10167173994593164
128013,0.011566894578107988
128016,0.003399412186051451
128018,0.02057761433872254
128019,0.004129663469758551
128021,0.018052224324887445
128023,0.05634960610135273
128024,0.022618427212107137
128026,0.017195674396430334
128028,0.004987848088778655
128030,0.0034558068020553736
128031,0.018052224324887445
128034,0.004066249161159182
128036,0.03783438680058879
128037,0.02389299579943949
128038,0.006891180089272519
128040,0.015030110976119546
128045,0.00886985571009886
128049,0.01650786355220127
128050,0.004799386507871039
128052,0.19806906011683062
128053,0.0367002856541687
128056,0.005516622938091125
128057,0.005718912140186915
128059,0.08276393968073299
128061,0.011293604144913729
128063,0.008556008968169536
128066,0.040326881971580845
128067,0.002295921866345543
128070,0.004464237468278752
128073,0.06021183780681674
128074,0.0017058502131255442
128075,0.07340614674030757
128077,0.029189270886662406
128079,0.0017690726968190675
128082,2.6963996925328933e-05
128092,0.003755731701034654
128093,0.001303071917939524
128094,0.005683885553748951
128095,0.05681709585070588
128096,0.002890063800620589
128097,0.0706152281791084
128098,0.09999136809768924
128099,0.014486519494053813
128100,0.0695492128386094
128101,0.02428540463868754
128104,0.009575894315320183
128107,0.001251679830716186
128108,0.017784392318308223
128109,0.014736958800022924
128110,0.016399968776636496
128111,0.00022488348739967015
128112,0.13531764126828622
128116,0.017022876340390482
128117,0.006694415042637305
128118,0.006754139413070106
128121,0.02963417677988805
128122,4.3396967634411856e-10
128123,0.0002291654833502446
128124,0.0034475967186108933
128125,0.018052224324887445
128127,0.032425196444634326
128128,0.08871583421933905
128129,0.006879739013609486
128130,0.00801548470745675
128131,6.334610985262211e-06
128135,0.056011736411668074
128139,0.017144936940881365
128140,0.0037559562269789677
128143,0.004115750104093804
128144,0.0183472830287865
128145,0.007255331549774099
128147,0.00023403377309313473
128150,0.04604184549860884
128152,0.0024826576673128045
128153,0.0010697560075044405
128154,0.024482489988182067
128159,0.01853160078216396
128161,0.007195039281185311
128162,0.02147268995420091
128163,0.12307852544810116
128165,0.010069252071550806
128166,0.006531857961558926
128167,0.026992233707690834
128168,0.02835527925565447
128170,0.0028754258979481816
128172,4.698131988775028e-07
128173,0.02076768696084012
128174,0.03292396381440934
128177,0.006097296967312636
128178,0.004520022558041081
128181,0.0012341664762841851
128183,0.003086766625252114
128184,0.015331225314376449
128185,0.00599728498124557
128186,0.025263943054010463
128190,0.004525435653551763
128196,0.0042308237181914185
128197,0.0038829316539767175
128198,0.003936061363771586
128199,0.026409138209031305
128204,0.002632188118514395
128205,0.04346601659643698
128207,0.04833295069226903
128208,0.05050364439455833
128209,0.03956520792242254
128210,0.012701294296138631
128211,0.022817597052640314
128212,0.003780112111318747
128213,0.1102690389514509
128215,0.007594720073604592
128216,0.0037931660120988477
128218,0.027288105571284808
128220,0.006226227997367822
128221,0.01979571396685952
128222,0.015987531395539302
128223,0.003462239705003003
128224,3.7094080604351225e-05
128225,0.003911185883398043
128226,0.0046733297357937345
128228,0.11411773009741341
128229,0.005544672731918632
128230,0.153124198150135
128231,1.2874307891719357e-12
128232,0.040668098993383306
128234,0.19220482543326387
128235,0.02238971496606007
128236,0.005696053984938526
128237,0.005081422059580112
128238,0.1374784003348819
128239,0.021335255611038585
128240,0.0065547290646623116
128241,0.018052224324887445
128246,0.02274428653507136
128247,0.029966427624616796
128251,0.04331439142053954
128252,0.010742107067344015
128253,0.0068478938804881935
128254,0.12590805644166198
128256,0.0066965093602942005
128257,0.0015681098683816602
128258,0.140234775977022
128260,0.1567793221162626
128262,0.009929181777000957
128263,0.0026440231940922923
128266,0.0038547317674366742
128267,0.004896782357805693
128269,0.07960667991098876
128270,0.12595535389518048
128272,0.1276137031277846
128278,0.0038060058377067537
128279,0.0005635333891594598
128280,0.01758055176898721
128281,0.07960667991098876
128282,0.003803689557354425
128284,0.00929040537674881
128286,0.04487960403292034
128289,0.14371799559165202
128291,0.0007215853666813183
128294,0.022051962723486977
128295,0.019016580352042043
128299,1.4994779147992553e-05
128302,0.007980935509129356
128306,0.026448681268481898
128310,0.024194507939112823
128313,0.004679363489987152
128315,0.053183666117855244
128317,0.007343081667608933
128318,0.06835017435500212
128319,0.03655670479616758
128321,0.08598170686311128
128322,0.06038680853550947
128323,0.0004904116668202153
128326,0.018340674722968894
128330,0.03640656271444674
128335,0.1361838144521046
128336,0.11663599367946548
128340,0.001064165559001375
128343,0.004692911818200896
128346,0.025775299367002222
128347,0.005703628570515317
128349,0.004073948077106083
128353,0.034065256584572066
128355,0.005318836045475186
128358,0.00231394887855396
128363,0.018052224324887445
128367,0.0162538071340878
128371,0.0068431456700282275
128372,0.06763270324201458
128374,0.004500037034515949
128375,0.03036112437472708
128377,0.036393182784683016
128378,0.023757982973727245
128379,0.058285434046843075
128380,0.007725898841951755
128382,0.00042018058525530134
128383,0.12191708518645426
128386,0.0704932701510982
128388,0.009416039057278598
128391,0.004477105642921719
128393,0.02517443618673239
128395,0.03461903047069843
128397,0.006201624500575642
128401,0.046456716304729265
128405,0.214877971871017
128406,0.003142617162339446
128407,0.025857876132156343
128408,0.004292401737453423
128417,0.012041881666321209
128420,0.029693949932386072
128421,0.007152713464696794
128422,0.005315315010350771
128423,0.020551560964834296
128427,0.004631328316665161
128428,0.09919312841207388
128429,3.0627549308936855e-05
128430,0.024082826578000628
128431,0.0008861631134015324
128435,0.021002878268313832
128436,0.004643529546746471
128437,0.05141240533178724
128439,0.01388125704257003
128442,0.02389818688998545
128444,0.06789405425279733
128445,0.004533860372656676
128446,0.014105024775178122
128447,0.016000859606538034
128448,0.03179362958678571
128450,0.0069848807833441705
128451,9.452353289570196e-05
128453,0.10654329067862434
128455,0.003085237664383872
128456,0.009542201772455107
128457,0.004006827421042175
128459,0.007779103817925535
128461,0.030446884102201293
128462,0.0033578220976458193
128469,0.07603350867323837
128471,0.005656010966638296
128473,0.02879743310392076
128474,0.004328301580855379
128476,0.04047086586589626
128481,0.020607128085141698
128482,0.001646579009779636
128483,0.0024980498805944502
128484,0.0005798257859416944
128486,0.031899265431091374
128489,3.1088442506938337e-05
128490,0.0035428271328977494
128491,0.12970864416607
128499,0.018052224324887445
128500,0.00017521680432712146
128501,3.270513437509078e-07
128503,0.12210730926251004
128510,0.02133741886320236
128512,0.0024180641403839243
128513,0.008152965331377719
128519,0.004431586959397578
128522,0.005045697851795948
128525,0.07532352244283869
128526,0.04520753390378528
128527,0.003254832927404565
128529,0.05081793386305548
128530,0.0019614286001678545
128533,0.051980853673648596
128535,0.006400022230135446
128536,0.0007277459696383216
128538,0.04360905748800078
128539,0.010521994549316483
128542,0.003035270437905326
128543,0.0031737042758606814
128544,0.05906426286978408
128545,0.007790718151588012
128547,0.006796578230303182
128548,0.00013824034442093739
128550,0.0010762064720815567
128552,0.002997442157428221
128553,0.0040028063384092705
128558,0.020569517276639
128561,0.01844833361271819
128566,0.00037823762009917683
128567,0.011321027173153555
128568,0.007157822848082087
128570,0.002129227386611953
128571,0.11283404380148593
128572,0.005984972309263743
128573,0.0009893045189763984
128575,0.022792263532816773
128576,0.12938854408515313
128586,0.02162073954049188
128595,0.02993575017816217
128601,0.01996848721263533
128603,0.016941681198391904
128606,0.003807778223391754
128607,0.002058166940936562
128609,0.07614158613857558
128611,0.09506372217164528
128612,0.044008467176717754
128616,0.003459197114391385
128617,0.008219902847681204
128618,0.05827176016727441
128619,0.016873056433605666
128620,0.0037617976596629045
128625,0.026109645705021074
128627,0.010614253795195457
128629,0.0006574327757151627
128630,0.006803706072357682
128631,0.21910709076155974
128633,0.01252129659802802
128634,0.0039074551632146395
128635,0.003352792361235665
128638,0.017310965599047348
128640,0.004006647351792017
128642,0.0006554492010473189
128644,0.006447799022780883
128646,0.057712089734647316
128647,0.01556699462205321
128649,0.00396728353044
128652,0.0065755807894391834
128653,0.0046633040787857575
128655,0.010413308139803871
128657,0.06267317467449124
128659,0.07622286253028557
128663,0.0030414511972277733
128664,0.00962325872819706
128666,0.024919369153256737
128669,0.0027629897372614936
128670,0.006543373243985655
128671,0.011275128897766936
128673,0.03086221825331511
128675,0.061199144028281624
128682,0.01170645561397739
128684,0.010282339088659196
128686,0.026136117797228017
128687,0.13174976109592218
128688,0.00340534318200008
128689,0.14497121236535215
128691,0.023799021378802732
128692,0.03561827729668791
128695,0.0101777051163206
128697,0.00560324312870132
128698,0.1013277989295559
128701,0.06592781051568064
128702,0.0018360261496279731
128703,0.0024596148561688786
128704,0.09574433675956612
128708,0.012272178720118211
128709,0.004157419292537482
128712,0.007856419823468228
128714,0.007620667827788343
128716,0.00013740768633722697
128717,0.006578830811731841
128722,0.022496394993152556
128724,0.1447474336941654
128725,0.01598252764921699
128726,0.0061767954922337335
128727,0.04773576899050674
128731,0.006396575125075028
128732,0.016087506357015394
128733,0.10482606757600327
128735,0.0023730099244007705
128739,0.0012085477733599942
128740,0.014508573823780646
128744,0.09722498809300999
128746,0.09281062626886812
128748,0.005821689840518956
128754,0.021930812644405603
128755,0.04813002726875373
128756,0.010260022870512584
128758,0.026401900120825012
128759,0.007279041289583549
128763,0.0037528972309288657
128766,0.018052224324887445
128767,0.008657588936327792
128769,0.014157050224031548
128773,0.004940227536005989
128774,0.0027930376269179745
128776,0.003159072343595291
128777,0.021914416971780017
128778,0.12837564331482684
128780,0.002622897640228814
128781,0.0964323641013956
128783,0.005811225223497006
128784,0.007829638578511901
128785,0.012593475839266661
128789,0.1593391157651476
128791,0.003348332908942516
128792,0.020607128085141698
128795,0.004746099285375236
128796,0.022233444560806656
128797,0.0733585268267207
128799,0.022386354176557585
128802,0.006047019641005835
128804,0.02824294890755677
128805,0.0005720938498641269
128809,0.03010770195443239
128810,0.00045742849837614066
128812,0.04393092959796149
128817,0.025153529362062024
128818,0.1476901667491683
128820,0.08482896874734934
128821,0.001357065159833841
128822,0.0177762731167847
128823,0.0029665267679458533
128824,0.040995587339720314
128828,0.004191047122933606
128829,0.013157055664342351
128833,0.00478067043852014
128836,0.002117312114358013
128838,0.00640850404332856
128840,0.048260064013889464
128849,0.018052224324887445
128850,0.00285373896351954
128851,0.006112538817156859
128852,0.01623060598286292
128853,0.011707638233150863
128854,0.03479019378715656
128855,0.02190930236318575
128857,0.027731411379581863
128859,0.0030364314108260984
128860,0.021101272542419842
128862,0.027763865696347995
128866,0.00505243386417111
128867,0.005232340249840322
128869,0.005990573976610036
128870,0.001152003472714895
128871,0.051158390043836925
128872,0.0969741459927707
128875,0.011136358656197666
128880,0.12012642399734555
128881,0.13906675609214578
128882,0.025775299367002222
128883,0.013634058035512433
128890,0.016064721330885195
128891,0.04455833173624338
128893,0.000591912261204217
128898,0.12918837847268405
128904,0.0030364559876674586
128905,0.021055069222171863
128908,0.01959253708122771
128909,0.021976890562025297
128912,0.043908738908487094
128914,0.0030023163191397503
128916,0.03562071731918007
128917,0.003405267326482883
128918,0.0005187862727708277
128921,0.06703574635871987
128922,0.003055005194941537
128926,0.138087228094779
128928,0.006456480794665873
128930,9.302341690549681e-07
128932,0.024449391485091197
128934,0.04649061716518172
128936,0.0002472033985583649
128937,0.002864018698782626
128938,0.018052224324887445
128939,0.012858515001455474
128940,0.028664331870960378
128941,0.004500174910851593
128942,0.018933362263365713
128944,0.0036667968197484704
128945,0.00506861571434953
128946,0.006338713813411535
128948,0.004692874339012985
128949,0.004373707047612019
128950,0.0037009013209437585
128951,0.008229901852957949
128952,0.13433616104661286
128953,0.008532674627506225
128955,0.00022316446936060348
128957,0.0380172165695551
128962,0.003060277500502649
128963,0.01465184330728902
128965,0.14498524318056888
128966,0.003992966686188593
128967,0.0908521190358444
128969,0.006032532947813297
128970,0.00086060767065717
128973,0.016033436230412583
128975,0.0033578732971044837
128977,0.09637034968313615
128978,0.0068893898756118375
128979,0.01972797080333158
128981,0.006305568573454486
128982,0.02896428567247775
128983,0.033544922174706816
128986,0.00382050513074299
128987,0.04122915950773384
128988,0.0204569241258599
128991,0.005875347286425194
128992,0.023420180398355736
128993,0.021296471246832496
128994,0.06443672370914945
128995,0.005725183984119518
128996,0.007161356222273949
128997,0.002736133173641103
129000,0.006053910834855726
129001,0.02788562995855074
129005,0.0017746010272205336
129006,0.018052224324887445
129010,0.039996809751835415
129011,0.00010400359882641357
129012,0.013573977412622422
129013,0.13111650422893695
129014,0.0134859678515853
129015,0.00483355702044193
129016,0.017013310489369247
129022,0.020577139257453733
129023,0.004025262253781521
129025,5.62547766450309e-05
129026,0.14295952836902698
129027,9.2689443793357e-13
129030,0.029044143462746218
129032,0.002556825103914053
129033,0.10340818495821316
129035,0.14584188700923265
129036,0.007489155843610692
129037,0.003349057835963491
129038,0.004659314715763494
129039,0.003595367272633024
129042,0.0036290273460402585
129043,0.002900724085745428
129049,0.12878087584898668
129052,0.01529705665424681
129053,0.0041735935280596
129056,0.004442994665348298
129057,0.016792602248408676
129058,0.0310600885685271
129059,7.801870738410686e-06
129060,0.0016915662496558123
129063,0.1787123581875505
129069,0.024714974621498208
129070,0.018052224324887445
129072,0.003323868304900656
129075,0.023848374959940712
129076,0.008951972634218803
129078,9.634281885560403e-06
129079,0.012406484193580477
129082,0.013296044692837477
129085,0.03732065832812853
129086,0.005744839798884796
129087,0.00028551362804898645
129089,0.0073683920026146
129090,0.026523808998193173
129092,0.026179694123965622
129096,0.03476862507211994
129097,0.005719732804130533
129099,0.001025117135761123
129101,0.003024416685122111
129104,1.401094435660841e-05
129105,0.0018111943617145983
129106,0.003981229659230898
129107,0.002301068132578634
129108,0.031122536838861
129114,0.013237196766475761
129115,0.10355081924763451
129116,0.04361448416168461
129117,0.0015319101675593707
129118,0.001961994885344862
129119,0.026665274292483634
129120,0.07315399432026518
129123,0.021697523613337124
129124,0.10951132979492749
129126,0.0029197571101197946
129130,0.03584285651649963
129133,0.002539094882830349
129134,0.1338122466373768
129135,0.19441933318833546
129136,0.01583195815341516
129139,0.003798065977009135
129140,0.003192365191324853
129142,0.027399651720230227
129143,0.14526932338814916
129144,0.003463336157984831
129145,0.0002607626588199891
129151,0.006071145933594441
129153,0.025233544580202764
129155,0.0040823687082918725
129157,0.0405544214978225
129158,0.012096196915849866
129159,0.006504073036434685
129160,0.041300378503595234
129162,0.03140599366141486
129165,0.0027707046124842137
129166,0.0026505966889204032
129167,0.014278910064370797
129173,0.005233011784609197
129175,0.019055988020131254
129179,0.005045653298662635
129181,0.002986426580039406
129183,0.062189858549383935
129184,0.006343089424765354
129186,0.019386697051651292
129187,0.1619134217907919
129189,0.004438917149843968
129191,0.004827764159594051
129193,0.15018954827487827
129195,0.0017521908863042846
129196,0.0035443937302206156
129198,0.06362317411463803
129201,0.0036457885017174576
129203,0.08101665785630219
129204,0.02149366198136591
129208,0.008010258082948335
129211,0.008121478692524052
129213,0.04442166615066857
129214,0.006663430846481077
129215,0.01217407738117698
129217,6.961533092864931e-05
129219,0.0029839417533430042
129220,0.033835077167387824
129221,0.0002700300435622405
129222,0.0030470567043551834
129224,0.004178250214306738
129225,0.013239348338633028
129226,0.00287173287735583
129227,0.015459958590155361
129228,0.00446732334370289
129230,0.007194828314920285
129231,0.022518209599756624
129232,0.00606347773605303
129235,0.005284327594281871
129238,0.10446948716620374
129239,0.022194099575666922
129241,0.034079833023092365
129243,0.0032887330716712742
129244,0.004926904944778958
129246,0.0029862289960277543
129249,0.0023006106751751803
129250,0.1276381729695185
129255,0.004661213826181603
129256,0.0027793520077948317
129258,0.031122654506978455
129259,0.03738049162803659
129260,0.007447995661369972
129262,0.0019065917639695998
129265,0.1117961065975281
129267,0.003515585209780477
129269,0.018052224324887445
129274,0.007699066427168516
129275,0.022907990076393294
129277,0.001634037171111344
129279,0.02221033147890977
129281,0.018598941016009073
129283,0.04748563228872013
129286,0.001649584229768904
129287,0.002455957090365515
129290,2.0498147853686338e-05
129293,0.029502034929172874
129294,0.12060669237289476
129295,0.004852964906438349
129297,0.15166132471044147
129299,0.051352045649042576
129301,0.00512970454277494
129302,0.013714120194334763
129304,0.001741091977781627
129311,0.0034622564208326607
129312,0.009670507137116953
129313,0.03848068272818456
129315,0.0030353376692454463
129317,0.1513576062400465
129318,0.006020313621011925
129319,0.016093958340993864
129320,0.004388328193697589
129323,0.08756759360037109
129325,0.011260596564109925
129326,0.0030339100161281894
129328,0.007057702877176087
129329,0.007029927547811298
129330,0.005874489458188972
129332,0.12901803224408784
129334,0.006533637345396023
129337,0.000976284380107728
129338,0.0018005056459396039
129339,0.002152635069256407
129340,0.09800637369470576
129341,0.10912077900775745
129342,0.028473285371822723
129347,0.05737161984290867
129348,0.005595791084403259
129349,0.013265740592218151
129350,0.013945940113268582
129353,0.0022106503299453204
129354,0.007995506828649595
129355,0.017493811802245917
129356,0.005674200034571567
129357,0.006298488372548488
129358,0.024482489988182067
129361,0.006278006207051028
129362,0.008035999212435448
129364,0.03803281111960467
129367,0.003784506834117841
129368,0.028747642296038278
129369,0.004326096699152698
129370,0.07030036997937143
129373,0.03030094978544554
129374,0.039348733603330605
129375,0.02132398077726569
129376,0.001278235669965753
129377,0.02068856197314186
129379,0.009858694959015616
129381,0.0030364232185897183
129386,0.002359932992242391
129387,0.023575060280157607
129388,0.007979683768696165
129389,0.013694049465812236
129390,0.1160887090061014
129391,0.01590878256623847
129398,0.007877280308937307
129401,0.0035213603870666243
129404,0.019661077760653508
129407,0.16584159004471594
129409,0.05727664138688011
129410,0.0034622564208326607
129413,0.004221871186010389
129414,0.01957385281026175
129415,0.01883538337601382
129416,0.01928650552475096
129420,0.007776428297044371
129422,0.037975495998188925
129425,0.027838347809921456
129426,0.003997804020567491
129427,0.007133698682223676
129428,0.0072305995285444945
129429,0.13247290402642362
129430,0.005129347024539156
129431,0.02659270447573517
129434,0.17067274876306748
129436,0.01797198602064745
129437,0.0028291729988272
129439,0.004443470952266403
129441,0.02413677853125543
129446,0.006802552539858001
129449,0.005045538706256963
129450,0.0007341897223114413
129454,0.000880477621438794
129456,0.025799381351870612
129457,0.05473425331636648
129461,0.008652658327519776
129464,0.0036754704936072797
129465,0.0012928607936998915
129466,0.022911372917408072
129467,0.02338858361957718
129468,0.13268403539882084
129469,0.0016429382004417084
129473,0.0024238490346611533
129474,0.04808026816763953
129476,0.015039192023677924
129477,0.008251708855147427
129479,0.018071599702836113
129480,0.012726492540188738
129484,0.0037175977509456217
129486,0.007073997969358401
129487,0.0009222462734527831
129488,0.08283035198536477
129490,0.0002699934811987689
129492,0.01965157819506908
129493,0.00012364630337649497
129495,0.004563329299788636
129498,0.0010288955925236729
129499,0.025978886611636075
129502,0.146075130539591
129503,0.08834467721597347
129504,0.021717947648041726
129511,0.0003396001510784224
129512,0.0029359692758018923
129513,1.5073871350577826e-08
129514,0.14009003113541213
129517,0.09098569746611257
129518,0.004595814233533561
129519,0.025764213533041903
129520,0.025936667306897785
129523,0.16191192242476155
129527,0.06314986241235891
129528,0.003976459869287233
129529,0.017692985024782466
129535,0.022111507936121887
129537,0.15886606199329334
129542,0.0213298581341084
129544,0.018636534816911517
129545,0.0025027994146605164
129551,0.0031626058984086493
129556,0.003389542118874233
129558,0.004901181161181375
129560,0.1503572280067593
129562,0.005013725924641798
129563,0.018052224324887445
129564,0.0014276302385234168
129565,0.0038201103945486674
129566,0.0054646696315034755
129568,2.652642493259936e-05
129569,0.004853767923131968
129571,0.0744523731700768
129573,0.018053875649514075
129575,0.015096803290940307
129577,0.006609393333604902
129578,0.0654946834051261
129580,0.0038829374274415088
129581,0.32978595023777085
129582,0.022098516436595134
129583,0.02341931610899933
129587,0.024723867343604967
129592,0.0048529987311494785
129594,0.0064941834255077754
129596,0.0038508442603677746
129597,0.01883655236047551
129599,0.019054134540527703
129604,0.0025669306966915376
129605,0.005682319935893885
129607,0.018424522162145837
129611,0.003920384338300545
129612,0.023462498627104547
129613,0.031130888916057954
129615,0.1526866481944247
129616,0.005639037712898518
129617,0.003363559427919141
129618,0.0026134397052917846
129621,0.02652858831872664
129623,0.005127033271692745
129624,0.002537579518048092
129625,4.6948462810636405e-05
129627,0.0032055741684698202
129631,0.005915358610403496
129633,0.006165136074122633
129635,0.005359752954780822
129636,0.015905599192781273
129637,0.023419899009796467
129646,0.003036467616542098
129647,0.019037395138493774
129648,0.018052224324887445
129649,0.009429513336403017
129652,0.00417358669856276
129653,0.008887481025037081
129654,0.0009647486218589209
129655,0.0030364396030845135
129657,0.0033447285123587725
129659,0.07904328959312557
129660,0.0035042929817677817
129661,0.15215819160581684
129663,0.0005931076293571123
129664,0.05424806330474621
129674,0.01875079593453109
129675,0.024021303043676414
129676,0.0038764928465231086
129678,0.004281502042680835
129679,0.04064617439099502
129680,0.0306266199830102
129682,0.005554257167771848
129684,0.06745779695746343
129685,0.015332342043000706
129690,0.013086373476928497
129693,0.07169519989297991
129694,0.002663667876582458
129697,0.01859857158013385
129698,0.008144262008165329
129705,0.0041133501680323354
129707,0.023703987003555978
129708,0.006233938996908767
129709,0.0894862331081653
129710,0.08217479238710897
129715,0.05456302677115487
129716,0.0014782049229441095
129717,0.015685432670210202
129718,0.03804801300933745
129721,0.017722386007202936
129722,3.379065102579608e-07
129724,0.12917802302681927
129725,0.0009810920006600727
129726,0.024482489988182067
129727,0.02565545299237681
129730,0.003410831755987203
129731,0.010149329280491576
129733,0.004321534735485252
129734,0.00240789083103734
129737,0.02186841631499736
129742,0.005519141192629871
129744,0.005924206073014417
129747,0.004051948898759073
129749,0.12376765696483041
129752,0.07196206754337206
129753,0.003416028191948156
129754,0.0035062046766014356
129756,0.14497055506910678
129757,0.004436618232421288
129761,0.020070127131239585
129762,0.004872010970031518
129764,0.013781636134483619
129766,0.0032388014463905724
129767,0.01689347997838207
129771,0.008425713193369003
129773,0.01865962586872601
129774,0.11177376422759694
129776,0.15530518825676892
129778,0.0011871366501114153
129779,0.04775919288267964
129785,0.050866430848331576
129786,0.024188548463659698
129788,0.0172297772179632
129789,0.034407500341006175
129793,0.11744210314710013
129797,0.0004027954346534466
129798,0.02903346374362665
129802,3.6343926403395724e-11
129803,0.026111431615492675
129805,0.0633594336955409
129809,0.0044690241452873475
129811,4.687441238999113e-09
129812,0.004078458014547465
129813,0.18885072970465822
129819,0.03239774021700111
129821,0.0026058928548111575
129830,0.04974080442962192
129831,0.00397107711595926
129832,0.005437531767101843
129833,0.0057904235410813285
129838,0.011430508140987559
129840,0.0047682627530314685
129841,0.03153560621108769
129844,0.06878567317791258
129845,0.006334358396697256
129847,0.018052224324887445
129848,0.0020754720719809187
129849,0.007335408711404699
129850,0.050251888926462165
129854,0.004473655397994638
129855,0.003430287277913036
129861,0.003507976502268339
129866,0.003975511918088066
129867,0.008372311662921322
129868,0.003306886564656873
129869,0.007744919374441435
129870,0.018052224324887445
129871,0.004290307747026167
129872,0.12646407239670374
129875,0.032418738605595035
129876,0.020915754585291976
129877,0.0016520561637234782
129880,0.003763075761042211
129884,0.01661090633346413
129885,0.006937796626912708
129886,0.004302776561639005
129888,0.009406403232827336
129889,0.02974483008620701
129897,0.10011401050624685
129898,0.14758674874052014
129899,0.0097550520463721
129900,0.0037057048652243776
129901,0.08678138192882147
129905,0.017520488661249615
129910,0.021925032968738375
129914,0.004490686663546119
129916,0.0031307860197025243
129919,0.007768834592413592
129920,0.011904183526091834
129921,0.13866985561296052
129922,0.010708013104712989
129923,0.005581572269686193
129925,0.09797629321131407
129926,0.00903482296651763
129927,0.005296434555352778
129932,0.013630905536075747
129935,8.538518005661398e-06
129936,0.14989297938355
129938,0.053203384133629565
129941,0.006081474764972993
129942,0.011982731783081065
129945,0.006973876718091195
129948,0.005149154934496393
129950,0.0044998438577946364
129951,0.026238921954299034
129953,0.002541071352489205
129954,0.009721152036147408
129959,0.020038873709529573
129961,0.007337839293329555
129963,0.007043895311689824
129964,0.00498060040174236
129965,0.003522309738623256
129967,0.08268679286468303
129970,0.010716900479800413
129973,0.025241969635274954
129974,0.0035358231155537705
129976,0.003685831052337848
129981,0.004894358810196521
129983,0.0037509470555080796
129984,0.020103472643950238
129985,0.0028262602099476068
129987,0.012754363225813695
129989,0.007797259764107343
129991,0.001776595275510419
129992,0.006500651234389099
129995,0.022232285243700467
129996,0.005120286242202517
130001,0.0003070796217154252
130002,0.05075079905279561
130005,0.0056999935551572565
130006,0.022069102292505954
130007,0.13363731600432283
130009,0.0037498825571872234
130010,0.10052414924031922
130014,0.10986568669582863
130016,0.01819905267938638
130017,0.014606709363932957
130019,0.023108899260071012
130020,0.018795124980850227
130021,0.04244402644931274
130027,0.004903659138051969
130028,0.044579637980852814
130029,0.029222805339588143
130031,0.021794222685169364
130033,0.012808072711264919
130036,0.042016340475713745
130037,0.010567820382629703
130038,0.039057874144866625
130041,0.003846557198860448
130042,8.053589072599879e-05
130044,0.03265534086343062
130046,0.003036474090617737
130047,0.00546558347766893
130050,0.002588492191520624
130052,0.006125995366952328
130053,0.01039922710861413
130055,0.0013465005548357043
130056,0.010859771302003494
130057,0.014798184883743291
130063,0.003462370426614495
130065,0.004350578793507088
130068,0.000391944530087951
130072,0.0021003169619340624
130075,0.043790061556042405
130076,0.002859932327290329
130078,0.11772426702098511
130079,0.015722882038008073
130082,0.00468632111725404
130083,0.003036377502082604
130087,0.057411039707083354
130089,0.013168859180750066
130093,0.00827546256237042
130094,0.0066602251430384184
130097,0.002416956179864646
130100,0.0035422093958101444
130101,0.0474840774015162
130102,0.0019873489095160314
130104,0.004500174910851593
130108,0.008371987437935062
130109,0.006237511956681482
130110,0.004499945507417384
130111,0.0024815842540249224
130113,0.0006427991069719162
130115,0.00163789832816026
130118,0.015103861144774725
130121,0.04051451425282577
130122,0.0033751053799092857
130124,0.0004523298684183275
130128,0.00309157554446102
130129,0.017548378043272236
130132,0.012275508324959302
130135,0.0053758361772905236
130136,0.017015707296503296
130140,0.012040539968924947
130142,0.004007599845158835
130146,0.011482342898882584
130148,0.00017359075087070686
130149,0.002964723355923992
130154,0.004547342867238571
130156,3.657489601595677e-16
130157,0.0025239689813485013
130159,0.0041939350586291365
130160,0.061958990455817396
130163,0.004556884007982308
130166,0.002660696585333694
130167,0.002484168157383685
130168,0.0036008286733316785
130169,0.0035083491255880235
130170,4.144122102834136e-05
130178,0.007184848437053918
130182,0.011130470270908306
130188,0.1034319665455175
130189,0.0032265809028443997
130191,0.018052224324887445
130195,0.014051683507680648
130196,0.07702771233210887
130197,0.020871873396240883
130198,0.011803479026519549
130199,0.024599719379837192
130205,0.027005806683246158
130207,0.027319448011004818
130208,0.08620714773994394
130209,0.0016998660282201011
130212,0.03672623231199981
130215,6.579423705545438e-05
130218,0.018052224324887445
130219,0.00018967104792682511
130221,0.03107388150637309
130222,0.024047615394499906
130225,0.029433884531964334
130226,0.022671713858293915
130227,0.033643821490576424
130229,0.008146471252660681
130230,0.004830260978043739
130232,0.007579182809618064
130233,0.026171472295991177
130236,0.003515742985327168
130240,0.07946736666660226
130242,0.03719909649591864
130243,0.00854329989359622
130246,0.002946653429934672
130247,0.004499860993297229
130249,0.000541980042377244
130252,0.000967819385444424
130253,0.021371054029013643
130254,0.010878438378079777
130255,0.13559385379340425
130256,0.006388881787007979
130257,0.028333923427344504
130260,0.00792699425806099
130261,0.0012240373607889485
130263,0.03534607857832147
130269,0.024482489988182067
130271,0.031626563750341515
130273,0.027434272795378817
130274,0.020607128085141698
130277,0.0028812335562582877
130279,0.024476922688741937
130280,0.02540260816617965
130281,0.010606594206812113
130282,0.012326780078140392
130287,0.004495692632788967
130288,0.012508783418877872
130290,0.004081458979424707
130291,0.007982553322463481
130293,0.09729673726767119
130295,0.005314456249587162
130299,0.0016799748595386604
130301,0.003885295505010657
130302,0.0007692301114230978
130304,0.014936892430545749
130307,0.02375907623565933
130308,0.027521961497353246
130309,0.003048464283561943
130313,0.08886498886750377
130315,0.00428585268736431
130316,0.11112540158905986
130319,0.006571723837685034
130325,0.04391442162701852
130326,0.0009081612594731092
130330,0.00646060960784671
130331,0.024687337791014913
130332,0.01263682963490665
130337,0.004549442999142832
130338,0.022303932580077655
130339,0.004165920958069321
130340,0.019482233109294818
130341,0.032126317267897664
130342,0.017606002503018314
130343,0.09399866786559345
130344,0.004015140142385191
130346,0.023850429456742293
130347,0.009386708229675167
130348,0.004075608622970672
130349,0.0012575166349816788
130351,0.16927909729791596
130352,0.015497037918712358
130354,0.01251821461292779
130358,0.0030288414244378607
130360,0.08142545973808803
130363,0.0030364559876674586
130369,0.15017891310019524
130370,0.0029688097620862897
130371,0.003913566147508402
130373,0.005049679419506155
130380,0.009379076252495037
130381,0.022212005630838264
130382,0.02205381597324038
130385,8.049148604417278e-05
130387,0.0005964532764372151
130388,0.007031972779914406
130389,0.024811092482784628
130390,0.0023524302834287683
130391,0.008302463161455819
130393,0.11748752543627951
130398,0.0024035656357916644
130399,0.04626409764125768
130400,0.009837927068895193
130405,0.005084979953500752
130413,0.14438573732048546
130415,0.10125070881438651
130416,0.026033803477064413
130417,0.0018731570797122711
130419,0.009578575656642318
130420,0.0036203961125369426
130422,0.030059430582277443
130426,0.0051357940802316355
130430,7.434157603920537e-05
130432,0.08122355017326242
130433,0.00177284779805799
130438,0.004510964364657722
130439,0.023839241217638203
130440,0.006221647761095098
130444,0.005318460238581961
130445,0.10652568183884736
130446,0.0036881074110323335
130448,0.00666371514249842
130449,0.12918537396219623
130450,0.05887193651332179
130453,0.011978346035483797
130456,0.010054300025865975
130459,0.013521780168779307
130461,0.003914813507774873
130462,0.004755152826309078
130464,0.01418597603847734
130466,0.008926465759334841
130470,0.020201504990052365
130474,0.008998786654479654
130476,0.003212336837355873
130477,0.004452099199359092
130480,0.031201581316422006
130481,0.001721989504390169
130483,0.004701715334499177
130485,0.01936086048368503
130489,0.0038872286951683443
130492,0.0001859405514637356
130495,0.03412253585180216
130497,0.13431133424562938
130501,0.0023218714135368286
130502,0.00344955259954684
130507,0.007424006941610344
130508,0.0010224800313392397
130514,0.06659633874778838
130516,0.13988878756349163
130524,0.011628007319320326
130525,0.009120791341385694
130526,0.003190983954000909
130530,0.04392024632745631
130531,0.0026809370162767716
130534,0.031221613278452975
130535,0.004117136775415405
130538,0.03871508716291258
130542,0.024486008093787322
130543,0.1358139277422274
130546,0.00046676357483686363
130547,0.0034075335415592735
130548,0.09103731849492255
130550,0.015310412500759554
130552,0.003456807627979181
130553,0.004709437410767967
130555,0.0005437954925776112
130556,0.0029152134486864893
130558,0.001982390826520276
130559,0.01600669193361125
130562,0.016310092041235742
130564,0.0036173866678967134
130565,0.021734196579566285
130567,0.030297767679566687
130568,0.02302767318085251
130570,0.00013942370896021127
130572,0.04534867977188754
130576,0.02856283722846337
130577,0.011882275800033202
130579,0.004558094691730779
130582,0.018598122457328285
130583,0.0031837949108752183
130586,0.007367790769656568
130587,0.03997772468236256
130589,0.00801014313025018
130591,0.11112540158905986
130592,0.0014460674940535853
130594,3.860699824126208e-06
130597,0.0036762275700108196
130599,0.0033599519701262774
130605,0.1427938639813979
130606,0.004283729294643816
130607,0.13770973610046922
130609,0.05687268319956449
130610,0.0715666186844642
130611,0.041373083049729316
130614,0.0009050916563917828
130615,0.07306394694981508
130618,0.00020784764204275416
130622,0.018052224324887445
130623,0.0057218446569486416
130624,0.019191245936971614
130630,0.005520729069467452
130631,0.004137641833734699
130633,0.010189323297125396
130634,0.034482385841878724
130637,0.005609344471993783
130640,0.005123454707878382
130642,0.001836606862440101
130645,0.3204680411800205
130646,0.032715451440473706
130647,0.044044625373657956
130648,0.006564058420686569
130650,0.19607350897276932
130658,0.015601190828668064
130660,0.021560775045804073
130661,1.3874856525527483e-08
130662,0.0922288431777376
130663,0.0076146234147596685
130664,0.06429749417186115
130665,0.0975710303423247
130666,0.0449042965554276
130668,0.002836648701010429
130669,0.013407263821340455
130671,0.0005360793872145899
130675,0.007237640545541738
130676,0.0012870075870655773
130677,0.0034272641117878426
130678,0.14311643362721388
130681,0.0004942204586237607
130682,0.0028393862734929455
130690,0.009781127943102803
130691,0.0010892699062415967
130692,0.005276579158627684
130693,0.010440019758020558
130695,0.13537337580288367
130696,0.0019544000682037636
130699,0.21469373412117207
130703,0.038116839185046644
130707,0.0036480673775245095
130709,0.003879126136949774
130710,0.06048373597495732
130712,0.002948917551429254
130717,0.01934794893422899
130718,0.003036598696879222
130719,0.005731221434129767
130721,0.02423533879119439
130728,0.0046501787428377015
130730,0.008843891336773237
130734,0.006136605758763662
130735,0.027608853216039415
130745,0.0004433910013921477
130746,0.09999941597643237
130747,0.006486898775203171
130749,0.003250287222907431
130751,0.023812224861845865
130754,0.004826508890527843
130756,0.006208384811224624
130759,0.026665274292483634
130760,0.0018437674502581563
130762,0.03647564125083529
130763,0.0034623070236065364
130765,0.010560411743208618
130766,0.00955281482930441
130768,0.0614414907188696
130770,0.029193258784776636
130771,0.00282867853917271
130774,0.018484719457760805
130775,0.02746156220053576
130777,0.05405462571272853
130778,0.006453409062194833
130781,0.0935401810400411
130782,0.14798924980330472
130783,0.002553371384977445
130784,0.000179000295371693
130786,0.03582460376494471
130795,0.0003044813493901822
130797,0.1391110059242527
130799,0.10789662141694831
130800,0.07251902561693216
130801,0.004740631392745074
130802,0.008222339027093685
130803,0.005880643413564997
130804,0.018052224324887445
130806,0.04722316051473087
130808,0.020607128085141698
130810,0.02303328426085855
130811,0.05179597277136475
130813,0.09360517096002476
130816,0.01710240822060955
130818,0.08863209291033981
130819,0.09671597798635724
130823,0.018874524626585
130825,0.03182355236095268
130828,0.004999861248010196
130832,0.04616543820073827
130833,0.0011059289503928297
130838,0.14280660839849774
130839,0.02683615764164534
130841,6.712233044780631e-05
130842,0.0024239900311402436
130843,0.0043538428374366115
130846,0.006913537641758297
130849,0.0032370935424294437
130850,0.024543374590891297
130853,0.004782880310351846
130857,0.005302330099174436
130859,0.0042511779706175075
130863,0.0023941916937512803
130864,0.0046919324941372565
130865,0.0055480289265256635
130868,0.04493818792993285
130869,0.0037958552669348305
130871,0.04515639338152695
130872,0.013087738185954005
130873,0.010642125480318544
130875,0.04013259260504964
130877,0.0304850042200025
130878,0.08707821073023961
130879,0.037996066334749605
130883,0.0018366223286006495
130885,0.019185326289255185
130887,0.004142890065533421
130889,0.018140335897803825
130891,0.0029712459483537527
130893,0.004399803372589784
130901,0.020613291558318873
130902,0.043027963286405964
130904,0.003978054035582318
130906,0.0054933047423242265
130907,0.027913227515409145
130908,0.004751753631929037
130909,0.0027300283067558427
130910,0.0026399243894603334
130911,0.007867923834640722
130916,0.046561949501457596
130917,0.000943805033894041
130918,0.013102213263771
130919,0.00330285891977435
130921,0.0036694194831215924
130923,0.005464737909498753
130924,0.005444745953723705
130929,0.011487636324377468
130932,0.008933578055777448
130933,0.12756566902747138
130935,0.057886138441774974
130936,0.13923613433297552
130940,0.006068984344623455
130944,0.006987619107062207
130948,0.019153735273121676
130951,0.007901528604451645
130955,0.0013040232289552862
130956,0.05596697418972684
130963,0.0005724698615564742
130967,0.022501665328791182
130973,0.0046590325755747125
130984,0.003287065541233011
130985,0.0033764557925386575
130986,0.008082784558451524
130988,0.016071900096186243
130991,0.13521233768458651
130992,0.01846611644784834
130993,0.004450314007528488
130998,0.005059250775078029
131001,0.11432146281944552
131005,0.026615130369724783
131006,0.036718079022569905
131009,0.004118532988119219
131010,0.004742964052409279
131012,0.09557076980668577
131013,0.011468461332786804
131017,0.01705054027891065
131018,0.12725137319983246
131019,5.4364642768827337e-05
131021,0.004595108247391958
131022,0.018052224324887445
131023,0.0040613800443951385
131024,0.02320100782663654
131026,0.006190837485493769
131027,0.008595203923136112
131028,0.009092930966056331
131031,0.0018590453185089526
131032,0.003942726627005896
131034,0.014796885761796245
131036,0.0062777673198988315
131038,0.017427968152125217
131040,0.008677837179611913
131041,0.020506581295734894
131044,0.012723297998012445
131045,0.002735012491918536
131048,0.07596824949280843
131051,0.020153692510160644
131052,0.00736282427298866
131053,0.004323312432000169
131054,0.00032718373211673913
131057,0.0358428383696578
131059,0.01469364591116801
131060,0.002584351841264845
131063,0.007118369706767012
131068,0.0032610136545064253
131069,0.0007752861796177557
131070,0.019512207976863524
131074,0.018478758761598445
131077,0.014658833951554881
131084,0.016399978793737783
131086,0.004424887226094145
131091,0.008982717692944432
131092,0.025428966426764923
131095,0.01069463678820043
131096,0.02516379600954642
131097,1.4807927669023331e-08
131103,1.7462026225975953e-05
131107,0.00421433619770228
131108,0.006775295948277535
131112,0.007927892320665764
131114,0.008376090750156997
131115,0.02080119236188844
131117,0.014468872892272182
131118,0.12487167349349175
131120,0.024549813936755878
131121,0.014962079124020896
131124,0.12139719849630777
131125,0.0035458750240161398
131127,0.0012925951581833882
131128,0.0114887342060597
131130,0.027809182169444266
131131,0.00048689353003598235
131132,0.0054972788083247435
131134,0.025772805779572035
131136,0.00025059812680316984
131137,0.015335414001540834
131139,0.005286404170891625
131140,0.029508904906140655
131143,0.007411412992258263
131146,0.040012694209156915
131148,0.002793830573055702
131149,0.0017402749318076473
131150,0.005635347300967005
131153,0.0036657228620247174
131154,0.005261952554952736
131156,0.005044752820049746
131157,0.10456880579861036
131160,0.003882824878959785
131164,0.0019892677908609543
131166,0.06149815979924173
131170,0.006720368869315537
131171,0.010440784311090263
131172,0.011110876881362926
131173,0.016453530680349392
131176,0.006197089010583525
131177,0.0035358888524103234
131180,0.024372807078545417
131182,0.009948743791427921
131184,0.004877092829175482
131185,0.002938016273487577
131187,0.008175813887566203
131190,0.0015536665051777247
131191,0.00781992298971467
131195,0.0053000363671734775
131199,0.005529301153673869
131201,0.006807899735765307
131202,0.062421926424332856
131204,0.1648249280512958
131206,0.015918007446103638
131207,0.005987103119913495
131208,0.3151147311480085
131209,0.08448473691453981
131210,0.0030586247072411504
131213,0.04916634012561733
131217,0.11021507813474327
131221,0.0017221862698507762
131223,1.415774442726433e-09
131224,0.004227450433871631
131226,0.017494993356760614
131229,0.00350565923971221
131231,0.003205833756484911
131233,0.02032777117408468
131234,0.0027128088950456853
131236,0.0034716696060135776
131238,0.009705880032857049
131240,0.0001263113663955228
131241,0.11207997904396445
131242,0.020619321611593654
131243,0.09487688897775176
131248,0.02673524209850522
131249,0.0038567066638555345
131251,0.010587607207074341
131252,0.018837277269530602
131254,0.018052224324887445
131255,0.0497880231115298
131259,0.025221927370196347
131261,0.018163892488493455
131263,0.04671297567922617
131264,0.006357792123132077
131265,0.10010035354183767
131267,0.015280792816104012
131269,0.023518365996705697
131270,0.007610942800484017
131275,0.024482489988182067
131276,0.0003098062022408722
131277,0.0034253665627118116
131278,0.007226382828056547
131281,0.02631238531389819
131282,0.1400522581406563
131283,0.009662182072127922
131286,0.003872821556797511
131287,0.013925092623630876
131288,0.0040745615347500385
131292,0.01805300518452783
131293,0.004879432328821439
131294,0.05406003127367378
131297,0.13961411682626593
131299,0.042944367514295916
131301,0.005150732244194573
131302,0.031333613376497316
131305,0.019355788410264266
131306,0.0662219274942067
131307,0.002509960784457668
131311,0.004499824773443728
131313,0.1250971723686786
131314,0.00019250596043916834
131316,0.02216120342094794
131318,0.0020023507391009015
131319,0.009503966919672254
131320,0.004919457779892855
131321,0.10524974158360795
131323,0.030506205096665805
131324,3.6062901170462385e-05
131325,0.04913481750571417
131327,0.0013055022022893188
131328,0.004535685952937568
131329,0.0010329512680616545
131330,0.006607004619285919
131334,0.008878314937286315
131335,0.0022729888209649662
131336,0.03340711449168255
131337,0.004675200195202565
131338,0.006232062760649453
131340,0.006113645285902053
131342,0.024200819745743212
131343,0.0499097454985381
131344,0.14052697538540174
131345,0.00315133613037513
131346,0.018052224324887445
131347,0.014164041965039226
131348,0.039953616664373984
131351,0.0038233797606109423
131352,0.0037933978518799867
131353,0.007102359100511757
131355,0.00541028550884339
131356,0.05269732206788422
131357,0.0019375387579633348
131358,0.02060845012747593
131361,0.020865865912226656
131364,0.030397099153822365
131365,0.0046568948197551275
131366,0.06559209627011058
131368,0.004500811689007859
131369,0.016539503200618203
131371,0.003537989456846095
131373,0.00011083130637236888
131376,0.007124078055819861
131377,0.0899381179716815
131379,0.005846812457620281
131382,0.023089645189296137
131388,0.002619975341457095
131391,0.005084995779881826
131392,0.04435155341604186
131393,0.09952408892461767
131394,0.037523243787562846
131395,0.00421733674322496
131396,0.09312792982127711
131398,0.04512996851145333
131407,0.023004246046466982
131410,0.09149826748516955
131411,0.004440263904364906
131412,0.005798079896052505
131413,0.01637875292987344
131417,0.013694049465812236
131418,0.1378204260654025
131419,0.032732062259826104
131420,0.011851609139162354
131421,0.0047269557360384625
131422,0.02507388024743178
131423,0.018052224324887445
131425,0.00038415042566074703
131428,0.005672648620672291
131431,0.014639241397638504
131432,0.04271970937188293
131433,0.012604471500266286
131435,0.0041331041260068155
131444,0.008107309520285521
131449,0.0010921425991397967
131452,0.005064154064407103
131455,0.03592172825507042
131456,0.07960667991098876
131460,0.13563547682321714
131461,0.00012916600431878595
131462,0.009146042006685156
131463,0.002941210496327038
131464,0.004158364164324551
131465,0.003198418680183588
131467,0.043888462106351486
131469,0.005757583557054683
131474,0.010091092661055664
131477,0.00436034823818421
131480,0.010681492956995822
131482,0.00023431091330603567
131485,0.0033621048653912295
131486,0.0093433346323156
131487,0.00046085604215770695
131490,0.02125423713672777
131492,0.01063052813717339
131494,0.19887139459813413
131495,0.0017357464765586409
131499,0.11302410380080194
131500,0.014337838788690285
131502,0.019710508711024272
131503,0.004799276991803764
131504,0.025760924777195732
131505,0.02241457470730461
131506,0.012825295644686905
131507,0.09807648227464635
131509,0.0030087858904793447
131511,0.0021884272473399026
131512,0.002949335644796866
131514,0.012312696082662446
131515,0.006686299012384592
131516,0.0073812985226332185
131518,0.004034279220914078
131521,0.0007156190885795874
131524,0.011961327131104236
131526,0.00021090152427673614
131531,0.005849956793476105
131532,0.0036873854370142226
131533,0.005705366234191269
131534,0.004542494119977808
131535,0.02456403838651898
131541,0.0035540088030456335
131544,0.003790163776154779
131545,0.004507850425561523
131546,0.014799915429118756
131547,0.028257587890972657
131550,0.049591746136637
131551,0.0028720258567065506
131554,0.0027237746600336328
131555,0.002060119439442923
131556,0.024001706766902626
131558,0.019275830139745584
131560,0.003897595558759774
131561,0.07507073208668315
131563,0.03440527244408891
131574,0.0753992344792613
131577,0.001324416247858267
131579,0.09997494964207654
131580,0.003920580240850474
131582,0.0018918583832092464
131583,0.009207842027572364
131584,0.03259634133229351
131586,0.033554070136436825
131587,0.003000768550783088
131588,0.00021292899271815435
131589,0.03947764941330598
131590,0.11112540158905986
131592,0.014323193203539778
131593,0.04022508739688615
131594,0.024482489988182067
131595,0.007701713823832669
131596,0.009877140923588927
131597,0.13264102911023684
131598,0.013586105499269457
131600,0.0020113207100639434
131601,0.02202788681542523
131602,0.03584277327372952
131604,0.016930040154506068
131606,0.004618194772373663
131611,0.004555602000567548
131613,0.005052943140027756
131614,0.0036642022520571704
131615,0.01774153882193792
131617,0.00017580739918539334
131618,0.020607128085141698
131619,0.008128892278686786
131620,1.291726159156647e-08
131622,0.0023439247750468425
131625,0.018157183575099916
131626,0.044620241025617034
131627,0.013298365755760478
131629,0.05897410926015138
131630,0.014062736028172294
131631,0.11988684435391453
131633,0.005098399103808857
131637,0.00391244152935189
131640,0.023558026073888634
131641,0.003678416640587383
131644,0.004880844483320018
131646,0.007523807440405719
131647,0.0746264179799039
131652,0.0009992433844803936
131654,0.14929320288690895
131655,0.003031220676479007
131657,0.0025751100043995383
131660,0.0006271287340826077
131662,0.1160887090061014
131664,0.06836698975644606
131665,0.014596289683294985
131666,0.0048893159477807506
131667,0.005827768752562249
131668,0.02587193787626274
131670,0.004243372749386159
131673,0.017269030827258017
131674,0.006919188196337926
131675,0.035008423115090864
131679,0.10331001588076494
131684,0.0577218759348058
131687,0.07765141180451873
131688,0.08629000229654506
131689,0.002988653755840973
131691,0.00921368035634067
131693,0.14023082853856628
131694,0.0030675353387433577
131695,0.010597492838050048
131697,0.12267251259225802
131700,0.024482489988182067
131701,0.02126508465561292
131702,0.002169182326412906
131703,0.006021609973726572
131705,0.017194973126057066
131706,0.0050455620527040754
131708,0.0032912425659557126
131711,0.0038132502515730374
131717,0.0027722981091895713
131719,0.10616830530718169
131721,0.018052224324887445
131722,0.0034624844361372926
131729,0.005322110834462141
131731,0.08188439669906969
131733,0.054286563031138456
131734,0.013632651781198303
131736,0.017493461738732043
131737,0.07487865989904065
131739,0.0029286885088320096
131741,0.002911030610636222
131743,0.004910663449444301
131745,0.007098932749731507
131746,0.007443567729601103
131749,0.002973788491653977
131750,0.0035717721128101032
131753,0.00646060960784671
131754,0.031259205253991104
131756,0.0034799069988334487
131757,0.009851926974005328
131760,0.02436903342523574
131761,0.01882323345645733
131763,0.036077858801012115
131766,0.02349256494326147
131767,0.0073051717240971295
131768,0.002646303104888915
131769,4.723682976419749e-05
131771,0.008512700161954375
131774,0.01331315028311904
131777,0.030059646132613846
131779,0.12675295161066172
131781,0.026633836840235493
131782,0.00012423558043957137
131783,0.1446644850381532
131785,0.11340214333330581
131786,0.013526744896954688
131788,0.02167726409286578
131790,0.025374751848543636
131793,0.10479609176211216
131796,0.0019084130039917124
131802,0.033793265766811194
131805,0.003580839000540174
131809,0.00027432449386205525
131814,0.005407631478981164
131815,0.0008288144231211778
131816,0.030285256926081465
131818,0.1436935125023152
131819,0.10683648151812314
131820,0.0004416564929592736
131823,0.0670092928196068
131824,0.032811223278581846
131825,0.003462417114096272
131826,0.011585137708731631
131829,0.002882753221713107
131832,0.059963719635863576
131833,0.0034135288651780927
131834,0.00449995251868457
131836,0.0007654588893199127
131837,0.0028142389273223137
131841,2.480131230839347e-06
131842,0.03944357872663217
131844,0.07278910293806412
131845,0.03040168265928943
131850,0.012355493490029233
131851,0.040574162845450894
131854,0.003514880882061639
131856,0.003882701920716217
131857,0.004545255137654417
131858,0.048294776862796034
131861,0.00661892377787856
131864,0.00541051367745471
131865,0.005846482583620399
131866,0.030205628695835107
131872,0.00012471082639588674
131874,0.06148068531757921
131875,0.050563473525313325
131876,0.026283398312629706
131878,0.19893941430294296
131880,0.0040740412216621865
131881,0.0002639293034342795
131883,0.0027197406136753375
131884,0.004787809556535987
131885,0.0033905683412988083
131886,0.23419735437954686
131889,0.005204105360232866
131891,0.05308517924230431
131892,0.00019234448793717312
131894,0.016691110661485483
131895,0.009180776938655395
131896,0.017523591927097033
131899,0.12084032365752313
131902,0.003438821891604292
131903,0.00842347266475555
131905,0.018052224324887445
131906,0.0021278669051428447
131908,0.028413757231621952
131909,0.015558268169007313
131911,0.08200944227128755
131912,0.13557731408033377
131913,0.02730052389604963
131914,0.002477877126661995
131917,0.026259326609733877
131920,0.12649113687665192
131921,0.011230396698835193
131922,0.004142712284005211
131923,0.01883538337601382
131927,0.0027100925603487647
131931,0.00959739052651108
131932,0.0023966927190713035
131934,0.030308328289688696
131936,0.09871590434121251
131937,0.007008136914376732
131938,0.020607128085141698
131939,0.02497199718605568
131940,0.004241275722636693
131942,0.004900982452039746
131943,0.0712516709421084
131945,0.0034043740827895907
131947,0.005561297382260142
131948,0.0033349274677791202
131949,0.00850344312939564
131950,0.00403593684734048
131952,0.1045322737606984
131953,0.13761609766440952
131954,0.10712550362918752
131956,0.008891439131905468
131957,0.04137483150539234
131959,0.013368292495983522
131960,0.0032831657562336124
131961,1.3774849031883384e-07
131962,0.017522910488184554
131963,0.014784078756375302
131964,0.1160887090061014
131965,0.027935774958668516
131967,0.020493386679957735
131968,0.03807405009929382
131969,0.0038749397867131182
131971,0.004177572720690438
131972,0.012151717890634428
131978,0.004253413498699794
131980,0.013694049465812236
131981,0.019609010246547015
131984,0.016922586936791953
131986,0.013666927020818148
131987,0.07893620087096077
131992,0.007369438829130645
131994,0.01015211755772225
131997,0.056240643015224086
132001,0.10015519099612842
132002,0.007233859668743672
132005,0.000516912107578406
132008,0.14202277208392752
132010,0.008121613761675903
132013,0.007452089859631151
132014,0.013488841645397638
132017,0.01674341779065163
132019,0.015523909903648091
132020,0.018052224324887445
132022,0.2098692633776152
132023,0.0037878108276469123
132025,0.1353445841813937
132026,0.0037370144159290476
132028,0.0035825259916759354
132029,0.0035322976225533012
132032,0.010082473453481799
132033,0.0020549524871836203
132034,0.020607128085141698
132039,0.000618564161399309
132042,0.015344322776782614
132044,0.006373472425452376
132045,0.0036176720037668936
132047,0.07653537727365163
132048,0.05931567614848259
132053,0.00858134707713274
132057,0.004125228368289927
132058,0.0002498397423617416
132065,0.0006764386971106042
132067,0.056608439596459496
132070,0.0037333973301681644
132073,0.012682471483413853
132075,0.02703702212542703
132077,0.0010152596550527609
132085,0.00016591167471539651
132086,0.00527486109346504
132092,0.00233108765570261
132103,0.046359683088862416
132104,0.0004812957341059955
132106,0.017092892436937488
132107,0.11895510380833269
132109,0.018052224324887445
132111,0.03707347050400144
132112,0.0012691583217424522
132115,0.024839049661700554
132120,0.010115767465320532
132123,0.043454349293261356
132124,0.0038763586630845993
132129,0.006645598357149553
132132,0.0283500170223642
132133,0.002917486248867739
132134,0.005593493816729116
132136,0.00303659697852973
132137,0.032122575295737844
132141,0.01308938205902813
132145,8.78773609672063e-06
132148,0.002986208610276949
132152,7.4124305053110885e-06
132155,5.544787989934139e-05
132156,0.13346082781125734
132157,0.030163687886567377
132158,1.0827694499845164e-06
132161,0.030324383127100223
132162,0.04034077090458732
132164,0.07445361329038705
132166,0.015754115968012444
132169,0.01829037394101511
132170,0.005066077012477369
132172,0.02399660978887409
132173,0.03406428266902102
132175,0.002693252972329437
132178,0.07721751203678051
132179,0.04933650656310947
132182,0.009338536145882675
132184,0.0081296194234686
132186,0.23726174338554545
132187,0.022738748794807414
132190,0.09153344520651795
132192,0.01810852779612902
132195,0.017641204204053768
132196,0.14585782189430488
132197,0.012449417134072797
132199,0.00028907489362063366
132200,0.004046008946998095
132203,0.024253978642209125
132204,0.07893963094210174
132205,7.501876632988152e-05
132206,0.017904101740376037
132208,0.002868886983304022
132209,0.05023917969791727
132210,0.10913755942435038
132211,0.02615906108179492
132213,0.06021325837933153
132216,0.0032068456644980103
132218,0.022999189487362955
132224,0.006254673876573984
132226,0.12829436663836874
132227,0.013191112908975348
132228,0.018013428056928238
132229,0.00574416525239779
132230,0.14679803621091186
132234,0.0022288415994883497
132236,0.12401004082210057
132239,0.0015969380739734
132240,0.05867474783456244
132244,0.0210756027223258
132245,0.1506468696327546
132247,0.09671597798635724
132248,0.018052224324887445
132249,0.006012849061931247
132252,0.002933819481965704
132255,0.02946346297313934
132257,4.2817260623109144e-09
132259,0.00017666355864952985
132261,0.006732397077964156
132262,0.004524422629630437
132264,0.003074155847883665
132265,0.002139035107266019
132266,0.0042963755657891576
132268,0.002579500939093757
132271,0.1313205547711814
132274,0.0033488407386702427
132277,0.0008187371264778096
132278,0.0007612781690337882
132279,0.004696859235083608
132281,0.005165614625128877
132282,0.004446543925501049
132283,0.026252784453454768
132293,0.01698622907746043
132294,0.14038584814226007
132299,0.06889305762626131
132300,0.00233964515862435
132301,0.004192341229640319
132303,0.007607830661207326
132304,0.004500027491922627
132308,0.010373479664197788
132310,0.03256056920224616
132314,0.0028975788350971182
132315,0.00307270920048251
132316,0.004462022206078574
132318,0.0016968051526244125
132319,0.02045844187495916
132323,0.007796132064902098
132326,0.0035039263479330705
132328,0.0051878839832905956
132330,0.11026792236118443
132332,0.0047781463089931935
132335,0.004342057052655232
132336,0.0427210883326056
132337,0.008638582221270188
132340,0.012508735994207803
132342,0.0026716855166952934
132344,0.005887536544169233
132345,0.008974201499147195
132346,0.01976523036368288
132350,0.13205238439729852
132353,0.05094102204762282
132354,0.002639931439733486
132355,0.031687955163516766
132362,0.006758656466284263
132363,0.09305094210699295
132366,0.0007751696969116913
132367,0.12852673578488935
132368,0.027950797676071185
132369,0.0034052782289279958
132372,0.0053374135336397835
132374,0.009154875312605072
132375,0.004039542922114041
132378,0.006464996210286153
132379,0.006337823612339997
132384,0.0030365706822160304
132385,0.004642089722943572
132386,0.0044837105213942465
132387,0.04200561795244701
132388,0.0025940434053346104
132390,0.018932479246012737
132394,0.05920713551866741
132396,0.0024268998636377617
132398,0.003034900232205264
132399,0.001777620201355213
132400,0.01880551483307702
132404,0.0063087457231427065
132406,0.0036491800155294685
132407,0.0191730301358455
132408,3.2572345648814745e-05
132410,1.2046588964889558e-05
132413,0.14681055671979812
132415,0.00019645113867621094
132417,0.0241869058420078
132418,0.0029984284602591576
132419,0.02490911830673759
132420,0.004989134181762343
132425,0.00464089378951244
132429,0.004085722212706456
132430,0.007162553233151908
132435,0.0017914991263645067
132438,0.002229044053241192
132440,0.2817515183346167
132441,0.03640492857083085
132442,0.14991600713273645
132443,7.85216157035869e-08
132447,0.09637389638750261
132450,0.0045918372469771936
132453,0.0033157739106678403
132456,0.029102038348695358
132459,0.003405226073464265
132462,0.061321698027480144
132463,0.03305969583692623
132464,9.550519406619382e-06
132465,0.012971591801228876
132466,0.003395549445702293
132471,0.0034624844361372926
132475,0.00013749344529157044
132478,0.02660835083491895
132480,0.00895388766555068
132481,0.2668127827683095
132483,0.011155982240236745
132484,0.015126309458072083
132485,0.10759795900173866
132488,0.020926822285345828
132490,0.005988901640945979
132493,0.003687998680531308
132495,0.08330711387178644
132496,0.020737611884038262
132501,0.0221446354232277
132503,0.015082622934295678
132504,0.011551126652054555
132505,0.01762142006744568
132506,0.036329675437212945
132507,0.002986232319508815
132512,0.018399965258594716
132520,0.006683487174754202
132522,0.006408772758695822
132523,0.006178640764810719
132524,0.00030626103706840694
132530,0.03411578062207448
132533,0.003943454980017698
132535,0.015211080454626932
132536,0.014515298475269958
132537,0.07610844553592094
132538,0.04749277994855424
132540,0.00790668592668549
132542,0.012204097125444641
132543,0.0035582259876315646
132546,0.001983131835462745
132547,0.00895767452560888
132554,0.0038166740680926872
132555,0.0011696447766240548
132556,0.016499565342927097
132557,0.003435379894052123
132559,0.003884780739530433
132562,0.0041888119017394814
132563,0.02208588034327542
132564,0.003462361089193422
132565,0.0007390483460020921
132566,0.0014775932834395018
132568,0.058015100373293264
132570,0.0006617405342402778
132573,0.0025551055111213412
132574,0.007187130496795941
132576,0.011280305090956639
132578,0.1326295527999801
132579,0.00539423890168369
132580,0.0020352917477238427
132582,0.0038476456440675794
132583,0.0003313846463393976
132587,0.07212651632148423
132589,0.003307164942267864
132590,0.0039207332021915856
132591,0.007195060283202985
132592,0.021066373902828305
132595,0.0004667880639548754
132596,0.01097808994948907
132604,0.0024102840900654086
132605,5.883900373516566e-05
132606,0.002312334649263404
132608,0.003028500852301573
132609,0.040169318688279186
132613,0.003482705833233962
132614,0.0072290850318667554
132616,0.0710782581418571
132617,0.04235276283290098
132619,0.011131733760074439
132621,0.0036591675150458762
132622,8.343852724261623e-08
132623,0.032451281577826355
132625,0.02263796254287651
132629,0.006671704944446212
132630,0.006946439164539676
132631,0.0036841522802462203
132632,0.004742836753697667
132634,0.003722453766196727
132635,0.00884971425837443
132637,0.11881850696304301
132641,0.019208459116498305
132643,0.009913072885084898
132646,0.015116331435267326
132653,0.003601794168008283
132654,0.003213017664747906
132656,0.02506986722896968
132659,0.027916047837561856
132660,0.08865566013649501
132661,0.023141454753257528
132663,0.03459428924193429
132664,0.12321755604553772
132665,0.0008450127927042741
132666,0.004562890441244847
132667,0.018052224324887445
132669,0.01740709530514647
132670,0.017936164350286027
132671,0.01467894934951233
132672,0.008054521040186466
132674,0.0077071273473272575
132675,0.004652416476891008
132676,0.007350859987779546
132678,0.004681972048134255
132684,0.018052224324887445
132685,0.15666203552890973
132686,0.021669814563231735
132687,0.004452509730054726
132688,0.003851520046111928
132690,0.0921048519059543
132692,0.0029165829168735008
132693,0.04317846837350332
132694,0.0046416074388360064
132697,3.7650635863228115e-06
132698,0.003918915967513079
132699,0.033011765722045464
132700,0.008988114308548557
132701,0.05371219597472664
132702,0.002980237009250987
132704,0.016774202529291855
132706,0.011013095705289359
132709,0.021244581905769284
132710,0.043324125581679244
132712,0.00655336942070808
132716,0.028884804083614945
132721,0.002630123732043118
132722,0.015610483215546292
132724,0.00834644165052984
132725,0.0020545666154947093
132726,0.0002535270624791433
132728,0.011114209050209252
132732,0.07234136809873887
132735,0.03159352539735714
132736,0.007715997786151166
132737,0.021328117808140565
132738,0.016944558128077093
132740,0.008065927191808611
132742,0.0029862527054209916
132744,0.028692154648529956
132745,0.002455520984674386
132746,0.0016188854073209463
132747,0.0004870543354740149
132748,0.010085626266442058
132749,0.01562278808277017
132750,0.019885179352864175
132751,0.0001345733659767852
132752,0.00025159396015134416
132753,0.007257343165195207
132754,0.011382550997672701
132757,0.004626194772998459
132758,0.022623937960847454
132759,0.003632913132917872
132761,0.02470167168689981
132763,0.0037369293141540786
132766,0.035729401557038035
132767,0.009554608242657673
132771,0.005714966735710659
132776,0.004003791956492392
132778,0.029415917566446736
132782,0.026008103990506726
132788,0.00620927468033903
132790,0.0023304131292825304
132791,0.0039472471613775486
132792,0.002955187057458327
132795,0.01081569317159522
132796,0.14852299969024657
132797,0.008603047314516006
132798,0.008396377741454526
132799,0.024482489988182067
132800,0.01783293854171505
132801,0.06876162990341203
132802,0.07351238636418854
132803,0.025767269793848045
132804,0.021852810791899355
132805,0.022093020938179442
132807,0.02870741728710114
132809,0.009425623980094356
132812,0.011235636001371108
132816,0.0051295807836571755
132819,0.017044511701324063
132822,0.0247243078366663
132824,0.013750723009373978
132829,0.04192293537551764
132830,0.0036889465931916024
132831,0.004668243628545969
132832,0.011677161016624261
132837,0.005377242855800718
132838,0.004515092371216182
132839,0.005489952928014184
132840,0.13683358063073844
132843,0.0077069489019643495
132844,0.04953437849574166
132845,0.008807142225304408
132847,0.004647445003781983
132850,1.2184206221921427e-07
132851,0.003148898740697562
132852,0.0007767092173684923
132856,0.03504334457256476
132857,0.007830753270285337
132862,0.011755950536522434
132865,0.003947461319134379
132866,0.15363638451920045
132867,0.0033541068502730463
132872,0.008144224340226068
132873,0.0049821386589519725
132876,0.16166524464993917
132877,0.1451988870350605
132878,0.004480302674430036
132879,0.0034557881625174565
132883,0.0016670430823680325
132887,0.0759311876204158
132889,0.004561589591835069
132890,0.020879368455687566
132892,0.11235966973431591
132894,0.0277869434138205
132895,0.02172402708507214
132896,0.002273333350304531
132898,0.020585760405833157
132899,0.002849159831592017
132900,0.006945771896811988
132907,0.029644662827893995
132908,0.05421157434573462
132909,0.11294189667367252
132910,2.2049577454375516e-09
132911,0.004793267575599531
132915,0.011546343040029505
132916,0.028695169046341246
132917,0.23508192608526976
132918,0.11404654452212727
132920,0.007343582692429149
132921,2.0024435462298054e-06
132922,0.013764067745515605
132926,0.05802963528222967
132927,0.01500702995739538
132928,0.021220939486205202
132930,0.0460523337744802
132932,0.003350545216574274
132933,0.00716244582252028
132934,0.011423183751097141
132935,0.007014792169661726
132936,0.0034624190725720014
132937,0.006508163607153126
132939,0.014436869751207167
132940,0.07196206754337206
132944,0.01468388820077161
132946,0.02732157467830257
132949,0.038000171384594876
132950,7.800844135203813e-06
132953,0.0013010786869888534
132957,0.005625821235247712
132958,0.019855695332598903
132959,0.02267459762833943
132960,0.05693775398140874
132961,0.12842241356250525
132962,0.08707987216548621
132963,0.004068872698357273
132966,0.010505194704808285
132969,0.0040113178349907635
132972,0.0034489032893839145
132975,0.005477927301021197
132976,0.00015594762511332585
132978,0.008010139490708222
132980,0.10577432001184278
132984,0.2569946443663376
132987,0.18357464789802194
132990,0.008769041285778014
132991,0.009101721655537043
132994,0.042025090061472384
132995,0.02548503293813493
132996,0.020607128085141698
132999,0.0050359958277120765
133003,0.0962590935565841
133008,0.015554771997257383
133011,0.023131660019385446
133012,0.0072705924402429595
133013,0.006432956520683421
133014,0.061407247805059795
133016,0.021798060510645766
133017,0.002163996980634375
133020,0.019844335440261228
133021,0.09840015125674713
133022,0.0005565649182945953
133029,0.006957409616341598
133031,0.0030365379119042875
133032,0.012014756521009962
133033,0.040671565349065464
133040,7.420002752285681e-05
133043,0.027312759272048587
133044,0.05141140799320419
133045,0.003680513326680277
133046,0.004459719546478911
133047,0.033943111317643444
133052,0.004705339575017724
133054,0.023462498627104547
133055,0.07991944243517929
133056,0.003107205276115151
133057,0.008105487314350212
133059,0.0033824616900701866
133063,0.006953797065423993
133067,0.0053932433969009165
133069,0.00784651621568617
133071,0.0032372460879488453
133072,0.05956061995062627
133075,0.06221257413483251
133076,0.00795883672227677
133077,0.0011453042493304155
133078,0.08850651949464267
133079,0.08967354881684066
133080,0.05304588175943096
133081,0.0074689695374283264
133082,0.024173652370041026
133083,0.0030141201976132746
133084,0.0018698437993912504
133086,0.004257267788543913
133087,0.014016010141300387
133090,0.002943019381935656
133093,0.016762683821614558
133094,0.0038680869111586526
133095,0.18556398631692753
133096,0.0052494571048907
133097,0.02758374180257667
133100,0.008073178357221754
133101,0.0032797494723490967
133103,0.018052224324887445
133104,0.003990715515545212
133105,0.002863268402230266
133110,0.00021068300818334566
133111,0.03785415444231721
133113,0.018052224324887445
133115,0.00245382862726028
133116,0.027868680997165978
133120,0.13871969865073733
133121,0.026018099158457174
133128,0.0003783412862602494
133129,0.1140036856849479
133130,0.03170516510489414
133133,0.023755652109160388
133135,0.012824704282958939
133137,0.0022544661605693166
133140,0.021855915530957514
133142,0.006611205977091913
133143,0.0002190495598682555
133144,0.0028860606288058158
133149,0.023462498627104547
133151,0.010395925535718963
133153,0.005323903877524984
133160,0.005496570093797084
133164,0.005171862003205962
133165,0.008537898014715991
133168,0.0013859773636756918
133169,0.0012059868346784887
133170,0.21441665105592358
133172,0.005816408037408219
133176,0.00508835993622588
133178,0.006203507775791362
133181,0.0010534852172183265
133183,0.004040758442310506
133187,0.0382968457721086
133188,0.013694049465812236
133191,0.018052224324887445
133192,0.00042246304003086495
133194,0.006408569565393504
133195,0.0022391196351610847
133201,0.25462575468721976
133202,0.07203847623430906
133203,0.0355292782443234
133204,0.029828654428593598
133208,0.006507785960866464
133209,0.004518583308823977
133212,0.19588233536110644
133214,0.002831435643720996
133215,0.0023005971852195443
133216,0.003712729374044982
133217,0.0169859128301206
133222,0.0046445054634175285
133223,0.022428380795327798
133224,0.00581439644871829
133227,0.020768004762156813
133228,0.0029914394523776863
133230,0.004654192856907898
133231,0.01755159865750862
133234,0.06790532454499146
133235,0.005450474385941643
133237,0.0012006438925167419
133239,0.015823331420965397
133241,0.09995757290085072
133242,0.04219310315742089
133245,0.010205558601201845
133246,0.0029863587719151097
133248,0.1425957132264446
133249,0.0020827656229176644
133250,0.004965277854554304
133253,0.003036498667803489
133254,0.0033355801219564344
133255,0.0005290768223819615
133258,0.041649366483165445
133260,0.025341840637227626
133261,0.16434602916021032
133263,0.0036841826368986044
133264,0.003908444405759107
133266,0.013694049465812236
133267,0.003996678031042473
133271,0.036459442629225625
133276,0.012407326498602744
133279,0.0035712136044564182
133280,0.06841148716727788
133283,0.0028228494220267335
133286,0.029138128417592238
133287,0.004481731478104291
133288,0.006201401171355624
133289,0.0034622510004788504
133290,0.003233905631328735
133292,0.0040398678762371566
133293,2.4526470109943627e-05
133297,0.005236037073322849
133298,0.006306613834198352
133299,0.013620841831911552
133300,0.004260547483055087
133301,0.004649373416591493
133305,0.004091441480102016
133306,0.008636558302393094
133307,0.08188192038717727
133308,0.1912731143128038
133309,0.05710492698052714
133310,0.008332432751460261
133312,0.00494451067598939
133313,0.022533271605653025
133314,0.005439944060547794
133317,0.006109056086596093
133321,9.585277230357543e-10
133322,0.004923177971330232
133324,0.0029863712552023595
133327,0.11164281949542752
133329,0.0038253869652669263
133331,0.005647672881594731
133334,0.0029999249593998314
133338,0.0036936453991049827
133340,0.0029424218121502
133341,0.08689790705953007
133346,2.3696903663462556e-05
133347,0.0035177726677746417
133352,0.01896889783233214
133358,0.0011062141213680145
133360,0.0036883969417772495
133363,0.002044280284091331
133364,0.06160725068740657
133367,0.14199710173357644
133369,0.004926078727496203
133370,0.01660954254448943
133372,0.01740370807215486
133373,0.02016175622279339
133374,0.007312741082299922
133376,0.037826625974501045
133377,0.03600770193868371
133378,0.008562228653322963
133379,0.003321320252118655
133384,0.0023815560632133898
133385,0.004792372897626088
133386,0.003280778728908499
133387,0.004063456939586835
133388,0.002301000005716523
133389,0.0035431327922613915
133390,0.024482489988182067
133396,0.002381404403113004
133398,0.00435462101712826
133400,0.022497633226315056
133402,0.006863973536476646
133404,0.013137575916120598
133409,0.011106407843578865
133410,0.005055758094276917
133412,0.07952383077618132
133415,0.01946558417986431
133416,0.06254775879408415
133418,0.0035974978463736056
133420,0.003932834249169943
133422,0.11363674140994887
133426,0.01816620301463079
133429,0.003205715446813958
133431,0.10202100941710851
133433,0.030259836646512533
133434,0.004795258304024755
133435,0.10413474218613832
133436,0.015251981449058476
133438,0.033561946026425
133439,0.01760830410837157
133440,0.016726916848472415
133441,0.0012066886328394712
133443,0.028631162459468788
133445,0.024459941047240256
133449,0.002563856399249842
133452,0.11377860798889668
133456,0.0037720104876243707
133458,0.005194927541513829
133460,0.019662705020324408
133461,0.011905873297769327
133463,0.048984647227093475
133464,0.01994566726631209
133468,0.016632629415213658
133470,0.010467067055846097
133472,0.14158767194316704
133475,0.02486714751440911
133477,0.00228756556369728
133478,0.013174679494402616
133481,0.026101724436450365
133484,0.004097172760899182
133486,0.004876848385128389
133489,0.006612235213429531
133490,0.016442253844961213
133492,0.0675558255321559
133493,0.1362458276877926
133495,0.004084093025870876
133496,0.017999517304011167
133497,0.00635867736448023
133502,0.004664086833659899
133504,0.11557742351144305
133505,0.0034624003974934804
133508,0.007770764278691433
133512,0.004405392236055252
133516,0.006418035165863869
133517,0.0037249647161667503
133520,0.09579948756136625
133521,0.060674863824922855
133523,0.026933501802014703
133524,0.004500174910851593
133525,0.11973396693807911
133526,0.004334162275436914
133528,0.022177865533685996
133529,0.004597484230529532
133530,0.0030365396302204596
133531,0.015565633302646202
133533,0.001829398190964382
133534,0.00012253420869910624
133535,0.003753665234791377
133536,1.480233133306506e-06
133538,0.00391244152935189
133543,0.02233828934260598
133544,0.019969450284510797
133546,0.0006937364673108152
133547,0.08307680301285711
133548,0.0038637129688430826
133551,0.15265218388925128
133553,0.009278726763263176
133554,0.09671597798635724
133556,0.14891965668823082
133559,0.01196147087716395
133560,0.004442350682695992
133562,0.09099861155293856
133568,0.022959730358450295
133570,0.003432834063947903
133571,0.00035078509405501226
133574,0.004383623454092053
133575,0.02976446777437632
133576,0.0056742676055192695
133577,0.0027142261828132504
133580,0.03430651848179192
133581,0.0023319221837578685
133583,0.010413307336032194
133584,0.005685276864352959
133585,0.03695312364393778
133586,0.0320910397370363
133587,0.0031404266640111585
133588,0.21352567005056414
133589,0.011263676521834368
133591,0.00645155826350414
133594,0.023197670530500442
133598,0.026667561226465998
133599,0.011411223309173346
133600,0.0031123438809381888
133601,0.0034138418891680707
133602,0.007047124517895375
133605,0.013676377005588053
133606,0.01339797323351025
133608,0.00427652643429117
133614,0.14292887072865174
133616,0.029577316812385006
133617,0.003940458006957282
133618,0.004499848919980476
133621,0.00809130883822553
133622,0.0017371519880518553
133628,0.01476792315346019
133631,0.0006038512613528791
133632,0.0018919048360164614
133633,0.007620211172690733
133634,0.0008328187178179672
133636,0.02212452373457217
133638,0.006440302739542815
133641,0.018052224324887445
133643,0.08744702021718863
133644,0.0029363725304952302
133645,0.12731348935129455
133647,0.03387315293018608
133648,2.297177874112849e-05
133651,0.00163739880661549
133652,0.0771516765649014
133653,0.058323217594178585
133654,0.007018469371310269
133656,0.0031732871024477962
133658,0.0036137247131729994
133659,0.03096688889373951
133663,0.00231298677590898
133665,0.020845789246497347
133669,0.002986406192943805
133671,0.03727162275792493
133673,0.003036598696879222
133674,0.0025653460258669384
133675,0.003469376470600473
133680,0.0463098978127763
133683,0.17882925949880507
133684,0.00010528081268989293
133686,0.005620604455393502
133687,0.0034093212486156553
133694,0.08527880752208464
133695,0.025901387437965214
133696,0.026122090791503082
133697,0.02374495808187602
133698,0.021532625587086088
133701,0.008461610073142712
133702,0.02231922399361158
133703,0.018052224324887445
133706,0.009836000216387301
133708,0.044320204343792136
133710,0.0038365768018290215
133711,0.0048223740525254605
133712,0.003665425445134077
133713,0.008699917348742378
133714,0.06250792001947249
133715,0.004016934857009414
133717,0.13337757091228725
133720,0.040998806846563346
133723,0.08060639441505144
133725,0.02859189445856419
133728,0.010150978009439534
133730,0.11210625251979904
133733,0.007578087367697775
133735,0.004162851920890618
133739,0.004363236550920345
133740,0.007721747188309203
133741,0.017173929853440364
133744,0.005179152429870944
133745,0.0871663230523178
133747,0.00041014199792727216
133750,0.03614213462877353
133752,0.005883629365402151
133755,0.01527599570082968
133757,0.013268372410057766
133759,0.004247502718516763
133760,0.0028731450760416644
133761,0.002691904302489112
133767,0.05188240393432498
133769,0.0003615661268785745
133771,0.005971594134174479
133772,0.002146300768792062
133773,0.0029298400274059976
133774,0.0055368238617587865
133778,0.02802630303033953
133781,0.025485050105946132
133784,0.0028891212171453396
133785,7.078089441860524e-06
133786,0.12061248412678828
133787,0.013356992748430047
133789,0.017239253695072086
133791,0.00027343153990916163
133792,0.022113695804478316
133794,0.007579251939707858
133795,0.028824959784581078
133798,1.5194266263001307e-05
133799,0.013580489313255135
133802,0.004424167338992321
133803,0.0019009384624312264
133805,0.01992840532609455
133806,0.0013445419961468142
133808,0.0021263257667340266
133815,0.011652413725297659
133817,0.026665274292483634
133821,0.0712221623196702
133822,0.0763576649909238
133824,0.04831419244499029
133830,0.003278859240909614
133831,0.005974442395976756
133832,0.030189744098639903
133833,0.04279069027426721
133835,0.029000232063493205
133837,0.004354066279986154
133838,0.009278724531433009
133839,0.06290702826763911
133842,0.00691032927538755
133845,0.14094771466711883
133846,0.0025853615892973696
133847,0.0034623630476375835
133848,0.019070187799130726
133849,0.06163651085552547
133850,0.0004241943458422944
133851,0.008032074163362681
133853,0.004456480314255788
133856,0.003631532163688221
133858,0.003945398830956556
133863,0.04426341580029727
133864,0.004519876321617751
133867,0.0009873526381132631
133872,0.10490313470161726
133874,0.017911599613622542
133875,0.0036435424421299707
133877,0.025990099693588106
133881,0.005555636958805274
133882,0.054160805254106686
133883,0.08310556749789139
133885,0.02171510571624131
133888,0.0036389048267134972
133889,0.03695718557085384
133890,0.021233754887590287
133892,0.00036336978861630734
133893,0.2992154562044366
133895,0.12646407239670374
133896,0.007120483627622816
133897,0.02106411544187572
133899,0.006612581943004387
133900,0.044492179153233745
133901,0.004963777825208295
133902,0.02677462151135979
133904,0.07732343711561619
133907,0.015225682040374784
133908,0.008143951834637446
133912,0.027203141704817822
133914,0.02067728213677358
133915,9.876286307653118e-10
133916,0.0922106493449699
133917,0.018815763961937494
133919,0.021160114892126762
133921,0.0009579670665855446
133922,0.005904908884098323
133923,0.0030848339312501347
133924,0.13457636819304972
133925,0.005652432776230555
133926,0.16683701240375157
133930,0.004457691160321864
133932,0.006335797140145752
133933,0.13620052653422904
133935,0.0005918339072898576
133940,0.0012952328587670413
133941,0.002065588639474073
133943,0.025972418057021683
133944,0.016414769789741566
133945,0.010025562692322992
133948,0.002315209026249926
133949,0.003642416030020986
133950,0.010807995270713489
133951,0.0030308591404666057
133955,0.008123369959546699
133957,0.11318112873066766
133962,0.11856954333003768
133963,0.1311593100232512
133965,0.08476414303961612
133968,0.022319734599144405
133972,0.0055109935138374375
133973,0.1309561075249084
133974,0.018052224324887445
133976,0.050875587309503284
133977,0.0018794099546852125
133978,0.0019291768659489604
133979,0.0044654026220968925
133981,7.479563318466264e-07
133983,0.018052224324887445
133986,3.8998282986156554e-08
133987,0.003584610944264238
133988,0.0037099930819285824
133989,0.006586528964348742
133992,0.004426895609974935
133993,0.11552253765522068
133995,0.12431468747564932
133996,0.006646990028502674
133997,0.013901592791686387
133998,0.006048519820548936
133999,0.020730115007605236
134001,0.004896076304908063
134006,0.009740405238597715
134008,0.0023026540302755714
134009,0.1376196240725709
134010,0.0034153308052891815
134013,0.0071828099683439095
134014,0.0016507572187234615
134015,0.03573651107494016
134016,0.10615895301906743
134017,0.006530707293866985
134019,0.03518971633472937
134021,0.007603559773875014
134022,0.017493276187290765
134023,0.12618967036283027
134024,0.003416835556584011
134027,0.0039068847839658334
134028,0.003405397233447251
134030,0.04287072904308196
134031,0.023462498627104547
134035,0.02308801713149439
134038,0.01493889159205919
134039,0.010717315016061097
134043,0.008530514709478958
134044,0.04228057091525934
134045,0.026574245444888414
134046,0.06039054351859486
134053,0.0034593379661574494
134056,0.0036445809051916973
134060,0.01510904900105857
134063,0.0010432271444796803
134064,0.009961483100147097
134065,0.004927418092371379
134067,0.012366092608408827
134069,0.1013014245054176
134070,0.006804342174672011
134071,0.013259636661942138
134072,0.02652244537920726
134075,0.007769977987009717
134077,0.018006686864250554
134080,0.030194640817460053
134082,0.003165955688954807
134087,0.0032314525120502482
134088,0.02362150757082516
134089,0.016444501442368063
134091,0.00607448937653935
134093,0.002443402611726966
134095,0.001052228739521043
134096,0.03715752013130933
134098,0.02494689938627208
134099,0.15558337636255334
134100,0.07451836950616994
134102,0.035823243417141944
134107,0.0036112544784481504
134108,1.0421818922842567e-08
134110,0.008812945039403783
134112,0.019045674364616638
134113,0.09368668578213761
134121,0.0005853520935470996
134122,0.02698491825826097
134123,0.0030859185198763147
134124,0.01031988686367882
134126,0.13184054067021667
134127,0.004017991457345628
134129,0.0028499971844564423
134131,0.018052224324887445
134132,0.10383846183641582
134133,0.005453756522160786
134137,0.044177661660129555
134140,0.024707930361133047
134144,0.11145297664233784
134147,0.020443943856007552
134148,0.006903719707901399
134149,0.00038372674806338514
134152,0.03898044668895813
134154,0.003912318018646088
134156,0.003821040220809355
134166,0.002670397739992426
134168,0.005503465097129577
134170,0.0030365379119042875
134171,0.0002101709321880695
134172,0.00010481249282690777
134173,0.0037551810988551873
134174,0.005609139445798812
134176,0.16262548895746107
134177,1.5158958249562281e-05
134180,0.02613367949150339
134182,0.005173645526550999
134185,0.010679536179501807
134186,0.0008804222766475291
134187,0.02638498021223209
134188,0.01917532106955748
134191,0.00026763147559180487
134192,0.0026473776593067214
134194,0.012877930366952124
134195,0.0033978133031211683
134196,0.000834214614920732
134197,0.0008157578350394445
134199,0.004630455965641946
134202,0.010260262340872028
134203,0.005059577698220009
134205,0.09511465420420259
134206,0.017448044870999806
134207,0.003939843307864678
134211,0.008116446659631682
134215,0.013781597613007911
134216,0.004925568988256911
134218,0.015602129362128143
134219,0.021471243824860462
134220,0.005181838222245252
134221,0.12804699879741574
134224,0.01867448348615636
134227,0.0032615584491136984
134229,0.013127217388164157
134231,0.008397935028710668
134233,0.0005769927659364682
134236,0.003130606605972283
134237,0.0024807576524162197
134239,0.0035483642214480175
134240,0.0006473623835181835
134241,0.006438655732026395
134243,0.014768880828098041
134248,0.2557763188745476
134249,0.020282944207372294
134251,0.004948849983124663
134254,0.016210818259190685
134256,0.0038829316539767175
134259,0.03374435591391963
134260,7.457325659252008e-06
134261,0.013091280982572201
134263,0.014374736216668228
134264,0.12968023345350493
134265,0.023679612965458233
134266,0.0014452826197830127
134271,0.013645672450668235
134275,4.3776810404582985e-06
134276,0.06088019533080481
134278,0.022239537202911736
134283,0.0034623797640606717
134285,0.05432971189461661
134286,0.007429779681472575
134287,0.004217018321806813
134288,0.03780622810159215
134289,0.05695957362000034
134290,0.022762149406797782
134291,0.11267761112332267
134293,0.1186585111181806
134297,0.004194289163967177
134298,0.00018240669183471433
134300,0.020431855747284573
134304,0.018599980214618825
134305,0.04153791100649429
134307,0.020203370619897392
134313,0.025312505544895024
134315,0.009156119171381812
134318,0.0029215019165441877
134321,0.11112540158905986
134322,0.003365562329161187
134324,0.017743379219233024
134325,0.08863209291033981
134328,0.0157826699319577
134329,0.12425244697112843
134332,0.0029966568472021777
134333,0.04221984127278126
134334,0.15414070520351145
134336,0.09101392783428436
134338,0.0641500571074311
134340,4.980796807929523e-05
134342,0.05552515941465218
134343,0.0035715716053855468
134345,0.10443301845519205
134347,0.011558616133074113
134349,0.006689743390164216
134350,0.0013682511392499952
134351,0.0037394235988783427
134352,0.011214976756167158
134353,1.396838715607133e-06
134358,0.04735389395653505
134359,0.15348484874299076
134362,0.16279144735812973
134364,0.004023343564328712
134365,0.09092553476555042
134366,0.0030365379119042875
134367,0.04751419545452832
134368,0.02522816593117559
134370,0.0028904460102353994
134371,0.012818260696890856
134372,0.03022348300982962
134375,0.019923183693119365
134376,0.0028536865995617113
134377,0.017920657039903184
134378,0.05108235223737478
134379,0.0005756702838303871
134383,0.003703312732419949
134385,0.0020751361197855977
134392,0.1408748411726461
134394,0.00256808354209928
134395,0.15261241601052086
134396,0.000626186275868396
134397,0.005331188031951912
134401,0.021217024705945386
134404,0.005683696456517694
134406,0.004222476075979448
134407,0.0032428078984734644
134408,0.015122688494709617
134410,8.712364618969246e-06
134411,0.002842328963523825
134412,0.003155375057983605
134414,0.09536143849394939
134419,0.002707658963058139
134421,0.021006984954787387
134422,0.0035394198536974706
134423,0.05125867706234997
134425,0.0035694690075968338
134427,0.00039033893191653884
134428,0.021807023293700812
134431,0.00741492198775901
134433,0.003036496949510424
134437,0.007883821610183327
134439,0.0034127728372768127
134441,0.0017765202435248316
134443,0.008158241258455039
134444,0.07122683114598
134446,0.04508850264763539
134450,0.0037640609988085993
134451,0.04534452026574261
134452,0.000998230167753154
134454,0.006861326780849496
134455,0.003947456875902774
134456,0.004462257271286735
134457,0.0036481382080186613
134459,0.00885296031609175
134460,0.014025129231359578
134461,0.15052000883925468
134462,0.03317533779214548
134463,0.12235502457308509
134468,0.022661279179393454
134469,9.155293049709116e-05
134474,0.019059324800288976
134477,0.018052224324887445
134478,0.0027349852259040937
134479,0.008103339913794985
134480,0.0005706489358783295
134481,0.0070641615203103246
134482,0.01963863883917346
134483,0.05257053825287445
134485,0.040212961889695455
134488,0.00038127241518877913
134491,0.004348739100993181
134492,0.1794613075951373
134494,0.03305969583692623
134495,0.018052224324887445
134497,0.1528532963812501
134501,0.015828183628748313
134502,0.022542817088527012
134504,0.026832411331395172
134506,0.04288731370724044
134507,0.021846088259162556
134508,0.1417989830585025
134509,0.0018392169449662815
134510,0.0030192465282068274
134513,0.020843207244766335
134515,0.015580839552960952
134518,0.028859417545305237
134520,0.0038017773890812526
134521,0.03399813162172099
134523,0.020719762290679955
134524,0.02513496814604646
134525,0.003635813355499154
134528,0.0045703319611265685
134530,0.12270108076647569
134534,0.0010755342757188154
134535,0.006300333207569918
134536,0.0098363875361887
134538,0.005676643139871753
134539,0.004499979197070308
134541,4.503258252390224e-05
134542,0.0030363693099912264
134544,0.0009288096161754819
134548,0.08918509827389676
134549,0.13472060937773836
134550,0.022596039153464025
134552,0.014081840745742433
134554,0.08794430802704131
134559,0.05812423550737754
134560,0.0037674421784590273
134561,0.0285945511230493
134562,0.0044122381381433845
134563,0.009884804074665382
134564,0.0053253668545681174
134569,0.010761562982961183
134571,0.004834015925066978
134572,0.004322400940332279
134573,0.003692909982883808
134574,0.005846489016635601
134575,0.024680797777934433
134576,0.04529804943570836
134578,0.004083669363751929
134579,0.0068269641059186875
134580,6.796900214229012e-05
134582,0.026809182531585637
134584,0.01784837088705247
134587,0.0007650943555022594
134589,0.0006709235979996552
134592,0.008582860090567372
134593,0.01946414350155247
134598,0.002088511389933612
134599,0.0035196094568381835
134601,0.008352084236500912
134602,0.004041661695729188
134603,0.0208255322039741
134606,0.006460681286776811
134610,0.02935257372433845
134612,0.006708644715088353
134613,0.004919218686605789
134614,0.11710474897089727
134615,0.01947981638366149
134616,0.0062479268737846835
134617,0.029848971889475728
134619,0.056844584127204854
134620,0.005840141484240564
134621,0.020283501687638768
134622,0.004482366630765608
134623,0.005433525184120288
134624,0.045766475965109965
134629,0.003566640844320382
134631,0.008743540245839046
134633,0.12392569757356178
134637,0.00752803338856848
134639,0.0029863791586879395
134644,0.00015889995618513362
134646,0.033245307855239686
134648,0.00110574574909904
134652,0.0028908009501656924
134653,0.005261146756798471
134655,0.023169709507229727
134656,0.006705932348856451
134658,0.004149196990903078
134660,0.004340767510393128
134661,0.01860804815080295
134665,0.0038954405583083774
134666,0.003829202830174726
134668,0.1877616153051358
134669,0.0026216311686535344
134671,0.005614533516445159
134677,0.00040070361249447623
134679,0.006736889779951392
134682,0.0029966208942442322
134685,0.0037519659402990703
134687,7.082305206383289e-17
134688,0.1312083080984589
134691,0.004365348479687081
134692,0.0054231279230791225
134694,0.015382357965592437
134695,0.0037675600149089574
134696,0.0043695509648761415
134699,0.05964244445173419
134701,0.05268368626161369
134705,0.004324215059446476
134706,0.019621211258383866
134710,0.007496429573157688
134711,0.11449668633836046
134712,0.028842203571198426
134713,0.021550989322778578
134714,0.14141711285079675
134715,0.00401751209643692
134719,0.018052224324887445
134720,0.0026644329323651517
134723,0.003838360614967301
134725,0.004413459304986777
134726,0.01695957489973639
134728,0.008466998745403211
134730,0.0030741528472228346
134731,0.00388468558253476
134732,0.004499880077801061
134734,0.01925946360616304
134739,0.005654512532681971
134740,0.04412296678563107
134741,0.1206164746317278
134742,0.021886677584028753
134745,0.0017656996047112604
134748,0.0028724445365403313
134749,0.0017776677113671693
134751,0.005300545270070056
134752,0.02189515952680592
134753,0.040582872365698595
134755,0.005160347346276779
134760,0.004236679105907496
134765,0.016980013458596052
134771,0.03028647833361844
134772,0.11197161663259891
134773,0.1122741652655505
134776,0.0012052976846824487
134777,0.023462498627104547
134778,0.018052224324887445
134779,0.018456547048640262
134780,0.022872711966219098
134781,0.00889356160520551
134782,0.002994174428405382
134785,9.222830518864596e-18
134786,0.0034053033598860465
134795,0.00948286890657444
134797,0.05084074938023826
134798,0.07960667991098876
134802,0.004995265217931356
134805,0.01126596420136651
134806,0.0005614506797467899
134807,0.03846456397612877
134809,0.002378654098657188
134812,0.0023917999132330673
134814,0.008805651530429575
134817,0.0038310371213317535
134818,0.005746697025387681
134819,0.0030845289252835945
134821,0.0035591176125774867
134824,0.002986406192943805
134825,0.0019474081137597077
134832,0.018461920026805093
134834,0.006634583241894172
134835,0.035848175496514305
134836,0.061543066864055286
134837,0.003849154694984794
134842,0.003257861004934027
134843,0.00441921729339908
134844,0.132507882586136
134846,0.0058673247962437065
134847,0.02541041564023323
134848,0.006181817695986976
134849,0.003432026187297472
134853,0.03165264222629219
134855,0.006107981631009809
134856,0.006516028389994956
134857,0.003618026811065523
134858,0.0027247496313818156
134860,0.008104378349843294
134863,0.027231315392110284
134865,0.0039006213792426732
134866,0.060113129642942076
134868,0.002730615965085225
134869,0.0004377330976646118
134878,0.010050105428893159
134880,0.0016886451332543701
134881,0.11577574170725499
134883,0.06407600653228032
134884,0.0061766101904799685
134888,0.006418384465583501
134889,0.022032223769326863
134891,0.050697895294136756
134892,0.023582394682595847
134893,0.035657111690165895
134894,0.01920070167965694
134897,0.0037959245031477253
134899,0.007034003865667392
134900,0.002062399234002374
134901,0.0719381185440088
134903,0.014519752320834965
134905,0.008236404236531393
134906,0.07960667991098876
134907,0.004012229836816896
134908,0.08907733118383607
134912,0.038326281072718904
134913,0.0009578930089587593
134915,0.004253015595683637
134916,0.09278606114031406
134917,0.008688193087285943
134919,0.12677087785882862
134922,0.005040315665577456
134923,0.013694049465812236
134925,0.14027097483178352
134929,0.04628311690110927
134930,0.0031137758985207505
134931,6.686869282508273e-06
134936,0.003529997289298088
134939,0.02654865405086479
134941,0.020665889649085188
134943,0.13457636819304972
134945,0.0007720489598798408
134946,0.004648203375161532
134948,0.0034165406051731026
134955,0.014873908465717534
134960,0.050251888926462165
134961,0.05550762273306674
134962,0.0049895875592048606
134965,0.14013595564688722
134966,0.000779884931499265
134967,0.01114365844201145
134969,0.0031155382881609696
134971,0.03527421820599576
134977,0.015883289515187006
134978,0.0037986568859056397
134982,0.008111619839678823
134983,0.0033272062424640238
134984,0.007449841514293204
134986,0.0012045375950750401
134990,0.13543945411710126
134991,0.03044998734499874
134992,0.018052224324887445
134994,0.02865559936042525
134995,0.01896410093832517
134997,0.035537024421709994
134999,0.0016787687472509317
135002,0.016661774915748922
135003,0.0060849650953314835
135005,0.03386714475778155
135006,0.03158236590722165
135010,0.005127442956360204
135013,0.15387973733524152
135015,0.013887850371944425
135018,0.037281097082852335
135021,0.00834306057515725
135023,0.0031254306434560096
135026,0.01155568734951868
135027,0.006944327712925219
135028,0.006739719866577554
135031,0.00314708106348097
135033,0.0032975131358585906
135036,0.005267410146322442
135041,0.003036521526880638
135042,0.10443006591631802
135043,0.023394529364292663
135046,0.004173940867171402
135051,0.2512842428311001
135052,0.005213278571313675
135054,0.15038370440791474
135055,0.006665067692959075
135056,0.0033676217156614085
135057,0.021501735007628812
135058,0.004745029355964552
135059,0.002524127922052056
135060,0.028310417004040037
135061,0.0015411769320773801
135065,0.12693060110670326
135067,0.00011349698127923997
135068,0.008300185750436768
135069,0.008839597507781221
135070,0.13543004458417532
135072,0.11441376902475278
135073,0.028039603280917074
135074,0.024216763255427674
135076,0.00991269877811355
135077,0.004216139934730851
135080,0.006708770927588523
135082,0.04673392147297662
135088,0.029176656162384244
135089,0.005365860082242957
135090,0.002996571140703041
135092,0.00037571799803845946
135099,0.0002141598882764983
135101,0.0022870560828209484
135102,0.006821704999473419
135104,0.00737355738675168
135105,0.01655842648779307
135107,0.027788920604707643
135108,0.006432174635118256
135110,0.007417836811813041
135111,0.12052597776301367
135114,0.017653120249219494
135115,0.0029551478938463147
135116,0.003224904944432381
135118,0.12220127426860054
135119,0.08675743415555381
135122,0.09160982218555432
135123,0.007770516724625822
135124,0.0023198060098363706
135128,0.006979621667271553
135129,0.024728021732393583
135131,0.004010327055033624
135132,0.00536589322425482
135133,0.0035897582736134966
135136,5.5727128614668696e-05
135138,0.01598624726657718
135140,0.004842952129304599
135141,0.026665274292483634
135143,0.010849262581997478
135144,0.011367029113951672
135154,0.010876533499462068
135156,0.05756259894557737
135158,0.0033650225103389374
135160,0.013728618294402233
135161,0.004440927305510935
135163,0.004124190434359493
135172,0.041342974170492396
135173,0.025899803447890616
135175,0.007419465469806777
135177,0.040163637614429516
135178,1.2075691786484272e-05
135179,0.033036937866220424
135184,4.8769900858346e-05
135187,0.02125112551846604
135188,0.00869868012133394
135190,0.010772431328210184
135191,0.003590388172943613
135198,0.0027642204006025238
135199,0.018052224324887445
135200,0.15886271319688136
135203,0.010002511460707622
135204,0.004090221721022918
135205,0.05278307132888975
135211,0.01083350302055642
135212,6.5457192229758e-05
135216,0.0031680229581838018
135218,0.00037870189437936143
135220,0.0002094976961573012
135222,0.09359488360442221
135225,0.024482489988182067
135226,0.0005306346668267916
135227,0.01857556247909853
135230,0.07702476759064832
135234,0.012921567288151558
135235,0.00010544545336531385
135236,0.0014212127977913313
135237,0.09468544524069565
135239,0.07235435040395992
135241,0.0014665176371661543
135243,0.013749056380944025
135244,0.0338286283291854
135245,0.14148436069505121
135249,0.011145216694879223
135250,0.01787124880887298
135252,0.004403789772751328
135253,0.04824094263552164
135254,0.07799907404935076
135255,0.03623235674999622
135258,0.04870556498691658
135259,0.009624392683435661
135261,0.030923904684051668
135262,0.018052224324887445
135264,0.003754561725338857
135267,0.0006590896900650378
135268,0.002168651712829105
135269,0.0879134971632662
135270,0.00033667466567358474
135272,0.056395998757078056
135273,0.05240527114194855
135274,0.004746241669674435
135277,0.014732814205279878
135279,0.022070038399032713
135281,0.013976987706293444
135282,2.9614015544684944e-27
135283,0.040348338128785285
135284,0.0092431737549474
135286,3.84257962930438e-05
135287,0.00228756556369728
135290,0.0026746231274499465
135291,0.04873636580686963
135292,0.007206481553176808
135296,0.023090867746262282
135297,0.006086638900766876
135298,0.0023818321709402784
135299,0.03665734933797198
135300,0.019115032834910093
135301,0.13209332439821797
135304,0.004250647280548622
135306,0.02089926109215977
135307,0.0037715483002696876
135311,0.004853302498307426
135312,0.01100866183664037
135316,0.0419570249471914
135318,0.004560794147105075
135322,0.0026369319302680123
135323,0.03579454114491308
135325,0.03735101296232384
135330,0.04000318751182504
135333,0.0029794288373797646
135334,0.004133175001181009
135335,0.011146381307718096
135336,3.1958076179146706e-63
135339,0.13943511051536808
135344,0.03723103781142687
135346,0.0011006210461852479
135347,0.007157666945898342
135349,0.0001580197431982926
135350,0.06300603784487992
135353,0.018052224324887445
135354,0.035977757237574765
135357,0.0026358815003753007
135360,0.16191658814268728
135361,0.007652690642772869
135362,0.003373302737382438
135365,0.03326796307780384
135366,0.017960314672851377
135367,0.017490492189444196
135368,0.022409854743462455
135375,0.16045158487593517
135377,0.0044483537237687085
135385,0.003393380016381504
135386,0.0013687364628247147
135388,0.006416561989782324
135390,6.761079839476208e-05
135391,0.0016924118601423974
135395,0.02386740078038809
135396,0.0018581282497076752
135397,0.0028871247237280896
135398,0.0027610747313044012
135399,0.00010954197575311843
135400,0.009502475596451003
135404,0.014020806010168472
135406,0.012043826019589926
135410,0.018052224324887445
135412,0.02841428207989535
135414,0.005382630149656202
135415,0.010163176000885704
135417,0.0022778539609320738
135419,0.032829148140938305
135421,1.6458286069646145e-05
135423,0.035462695565046005
135424,0.0021527620793967317
135425,0.004313607651281972
135427,0.03627105073194984
135428,0.0031007303157041585
135431,0.0022359322648861936
135434,0.04703488133060907
135436,0.02043807443615828
135438,0.015989037296272428
135440,0.002917911317686813
135441,0.004577136902905817
135443,0.1376969569446051
135445,0.005625554982095704
135446,0.009963837350950262
135450,0.02101473900881103
135451,0.003074852791668702
135454,0.006936626836696617
135458,0.014237035210198454
135460,0.02475914186467304
135462,0.010985492914248223
135468,0.002483246571969919
135469,0.007781618521063347
135470,0.0029338293146373468
135475,0.004505823715633209
135476,0.011418636890828233
135479,0.015897267802034508
135482,0.052725384985959814
135485,0.02326775933809175
135487,0.07874519862168347
135491,0.006188233653176325
135492,0.1309561075249084
135495,0.009721661606001453
135497,0.0992089798831748
135498,0.029389530310638234
135500,0.03050760382986191
135504,0.006676785817426911
135506,0.001862468155435066
135509,0.06615778234777467
135511,0.004196594393444075
135512,0.10731931062943911
135516,0.018052224324887445
135517,0.00843042706887067
135522,0.005458774643637191
135524,0.0029863712552023595
135525,0.0035744485162411328
135530,0.1038865971740928
135532,3.23844919210317e-05
135533,0.005129451263872975
135539,0.10127693261595713
135541,0.0036704856528315595
135544,0.003330616879692875
135547,0.0072473673180415265
135548,0.02575019439232689
135550,0.0045052700307735795
135553,0.002946416569247676
135554,0.022303009945923973
135555,0.10490313470161726
135556,0.006371843125320811
135560,0.006718546762274837
135562,0.0052607080969259475
135564,0.008490137488299077
135565,0.003625292065508143
135566,0.005635564228619367
135567,0.0026084536169689635
135570,0.0033577348884710903
135573,0.008933776451459324
135575,0.08892611670852453
135580,0.15585490047226186
135581,0.0047882456528786106
135582,0.009442627594179052
135583,0.029806170339377488
135586,0.0034624618437044522
135588,0.0133042951330367
135592,0.003590531948269311
135593,0.036404110468725284
135597,0.11660233504563103
135600,0.04233011971134896
135602,0.025607227666773782
135604,0.14515723897397748
135605,0.003409117601293315
135606,0.052405314927161856
135607,0.004500136157226872
135608,0.01671595636564297
135609,0.06571346034016827
135610,0.03537272922135821
135612,0.05629653401049114
135617,0.023374886786809535
135618,0.005943546555751068
135626,0.013622534279621686
135629,0.0018792013637421868
135635,0.14516026153688466
135637,0.022014838814940017
135639,0.0038434178392725447
135641,0.00721706455462113
135642,0.0038331279364606017
135646,0.018052224324887445
135650,0.00400966426765701
135652,0.01125176411016912
135653,0.004180495031850959
135654,0.020970591041813976
135657,0.0056742676055192695
135658,0.00519954783068341
135659,0.04691515692555698
135661,7.097030063328935e-05
135662,0.025588405464406754
135663,0.007931068612514115
135670,0.015458438262919514
135671,0.044703414455222364
135672,7.937363947765217e-06
135674,0.034879454381214293
135675,0.013347946897043744
135676,0.051129212912763365
135677,0.007937362550589145
135678,0.0012556722145025073
135680,0.09700124016642371
135682,0.0030574233354447224
135685,0.003205715446813958
135691,0.0015114143054307638
135692,0.02223461273339781
135695,0.003688605218298621
135699,0.0007658522170185175
135700,0.0011895806263148402
135701,0.003405226073464265
135702,0.010622131217861765
135705,0.017912124511281616
135707,0.0044635331475124575
135708,0.02473006878654759
135709,0.004589395118295641
135712,0.021873876823298076
135713,0.030957104620010223
135715,0.002584051277502138
135716,0.03001790910244791
135718,0.00522813990824244
135719,0.034740524174288474
135720,0.1444247024488063
135722,0.01560233750333436
135724,0.016099072290244525
135728,0.04857706288099142
135729,0.17436158468184582
135732,0.019358576289456596
135735,0.018321079907738957
135736,0.04378711561953664
135737,0.02284265601128568
135738,0.00471903280270799
135744,0.013407761838162138
135745,0.012255926053882414
135746,0.005910574095573161
135747,0.07461378054520583
135749,0.004991922734081724
135751,0.007506018863117252
135752,0.002487297210136738
135754,0.011005831814926243
135758,0.024482489988182067
135759,0.003947429527972953
135761,0.1213944777022021
135763,0.015262557459813182
135764,0.03777447319840745
135765,0.003920925750117399
135766,0.014542937013379182
135769,0.010850329691078577
135770,0.005809722545814677
135772,0.0641500571074311
135773,0.004717555647763518
135774,0.0018485660075208616
135775,0.003176411941966445
135778,0.013579116260505252
135779,0.003327105986766456
135780,0.005045679369238043
135781,0.09398349783601846
135785,0.1143824451856177
135787,0.027395503637466814
135792,0.0034679127988533685
135793,0.1160887090061014
135794,0.016861190714202837
135796,0.0031661275822079137
135797,0.0040990033009381905
135801,0.015969494999550738
135805,0.0035674556892439707
135807,0.15350681321697937
135808,0.00650445528454915
135809,0.005723577484122594
135814,0.01946118533354096
135815,0.003947393293906234
135820,0.000720199220355127
135822,0.008206558371994953
135823,0.0034503477075150672
135824,0.12195803188723747
135825,0.005613613212659247
135828,0.005012167029077262
135830,0.056404007625091894
135831,0.010476338767535488
135833,0.002117425838244645
135834,0.0698502330734747
135835,0.05026863728189847
135836,0.01831242420454677
135837,0.00018471529143879273
135840,0.1456659421296946
135842,0.15088146849069572
135843,1.984730642604737e-06
135845,0.0034966850069109642
135851,0.020860203491592517
135853,0.0030586534681942565
135854,0.008017064565405924
135855,0.029720721029985374
135856,0.00985248177089763
135857,0.010098988270456652
135858,0.15360304230227204
135859,0.009833568774080415
135861,0.029630698595724755
135862,0.02257970936023465
135865,0.056129518099628246
135868,0.024799627893463988
135870,4.154479371646158e-05
135873,0.008592916499467659
135878,0.07418847680349265
135880,0.007596672814726446
135881,0.0880095502349442
135882,0.04400504683834169
135883,0.004991290036331021
135886,0.014705523051423905
135888,0.004308814373579925
135889,0.018290253598527997
135890,0.004831261421626679
135891,0.021919581932892687
135893,0.03172168336740681
135894,0.14893749191841507
135895,0.004113694365588689
135896,0.005122840976940563
135900,0.001386096990526142
135903,0.0033429251606674625
135904,0.021740978523390467
135906,0.009412436472448474
135908,0.1629828308209447
135909,0.007978961359758157
135910,0.0050506248987870215
135911,0.002315209026249926
135912,0.0100153986983522
135913,0.005899238015850874
135914,0.002100633460690823
135916,0.004581656529674438
135917,0.009687774387053072
135918,0.0022282203079921825
135920,0.0017496255472413944
135921,0.004031245374361306
135922,0.06132219681639333
135924,0.005635347300967005
135927,0.04555337974830359
135928,0.005579557951594143
135929,0.002323943951665581
135930,0.13103731614525566
135931,0.010663393577754738
135932,0.027473891357399485
135934,0.018390156943938127
135936,0.0029210625710470225
135937,0.028219843647482007
135939,0.0839205652193962
135942,0.01202776832431321
135943,2.501012999856785e-05
135945,0.005027651865120249
135946,0.012869890601945096
135950,0.01916554508029104
135951,0.08831852027541225
135952,0.0030364068341830557
135954,0.020849799652231982
135955,0.0172588072545973
135957,0.0033459791092521804
135958,0.03499868766176938
135959,0.010204484654630695
135960,0.10237144314528047
135961,0.002986301786550017
135963,0.0032016168354156637
135964,0.0036992065883184634
135966,0.008877649093709278
135968,0.025787901721185662
135971,0.014147254435317301
135972,0.11782641152234648
135975,0.02979956459767687
135976,0.03246197001163813
135977,0.008098373656361103
135979,0.0038559417210833375
135981,0.0025907155059042013
135984,0.11862321002901301
135985,0.001054760662389099
135986,0.007169681470518847
135989,0.017530209518107118
135990,0.0044894831583660805
135994,0.005535791042791246
135996,0.007259829105988859
135997,0.01003328675193155
135998,0.006745863117006573
136000,0.0659059191798796
136004,0.009583032643944596
136006,0.050251888926462165
136007,0.34689641535383203
136008,0.023611553069566457
136009,0.012790540467380006
136011,0.0008009769572923913
136012,0.1338122466373768
136014,0.017775281363501753
136016,0.009851077928822338
136021,0.014087547326555006
136022,0.015018560631953405
136029,6.026747762710597e-05
136030,0.005089044855863534
136034,0.006895409132810214
136036,0.004604814491784638
136038,0.009120134549677972
136039,0.002455954347526067
136041,0.04521958334362607
136042,0.010129637410055538
136045,0.0030099520893203443
136046,0.14977915470246575
136053,0.12064274199577894
136054,0.014857981884938013
136058,0.103666340577809
136059,0.007821919094562339
136061,0.038874737714810044
136062,0.0010220696511551762
136067,0.014193646295196134
136068,1.1284706878009549e-05
136071,0.015271099226753123
136074,0.0048902613907819276
136077,0.021502716525487416
136080,0.0019236985240092023
136084,0.011990273860796971
136085,0.005582661820474289
136086,0.003953186705125469
136087,0.05541331960341744
136088,0.00035250472596740713
136089,0.002459189206918037
136090,0.2038532749388055
136091,0.01662853055276847
136093,0.00228756556369728
136095,0.02521446645803213
136097,0.004442541890762487
136101,0.10100336654469341
136102,0.0031552795652360264
136103,0.006729717948548284
136105,0.0039166563900695575
136106,0.003091945725006708
136108,0.0024059284586183025
136110,0.01968892956188458
136112,5.913993555291133e-07
136113,0.0019324388238421764
136114,0.0194991142584933
136118,0.11258848750891756
136119,0.00450248559942356
136122,0.004426008594329359
136125,0.055251372910096574
136126,0.0023702315291429955
136129,0.01927145702438391
136130,0.003753411811134016
136133,0.0036036078166296155
136137,0.004578590967689454
136138,0.002990658599826959
136142,0.0190579302440103
136143,0.0816366817712498
136145,0.05009344331056509
136148,0.0016102397606716817
136149,0.01649555376370209
136150,0.0002433580445950599
136151,0.0031510020245345423
136153,0.08562182476078355
136159,0.03928596755475492
136160,0.00449019131863767
136161,0.017640682899038813
136162,0.004016765159829363
136163,0.0008129824139813074
136165,0.021667885532828137
136166,0.015575104981866405
136167,0.0014934668442706327
136168,0.01107725798227142
136170,0.020568765607000026
136173,0.023144177975198084
136174,5.091359624082026e-06
136178,0.002296585398126349
136181,0.08167251655589156
136182,0.0057586552361952046
136183,0.026090529477846333
136185,0.028576460114068086
136187,0.0015634279276951313
136188,0.009022929857774656
136190,0.049135138840006254
136191,0.01636374591972413
136193,0.002981566733144476
136194,0.002254729195538626
136197,0.021810109098774715
136198,0.050990813021931695
136202,0.09807648227464635
136204,0.006487398254676551
136205,0.021833922575967314
136208,0.009236283315544564
136209,0.00011618478715318962
136210,0.10776511544519893
136216,0.005261099130301002
136218,0.006087350763583568
136219,0.006594503967472261
136220,0.02383689047400784
136221,0.02000956670811773
136225,0.03720219409735849
136226,0.015187943906422832
136227,0.028969637895442393
136228,0.026665274292483634
136229,0.005127552691458864
136231,0.0046946313374117326
136232,0.00796371577909634
136234,0.01641067358916068
136235,0.0027501433189609527
136236,0.004500066244615793
136237,0.003145993224481589
136238,0.005432601627109063
136239,0.015876708319679717
136240,0.01962839867465991
136241,0.007777572853751039
136243,0.024489369123915694
136245,1.565796913353989e-17
136246,0.004936709676512586
136248,0.004406487959296578
136250,0.025190366515233705
136251,0.13174976109592218
136252,0.014143362914275938
136256,0.004313102812459852
136261,0.006307948327586454
136264,0.01075144162210254
136265,0.02435576865491049
136267,0.011936522571822709
136271,0.03592901534013464
136274,0.12289467209578901
136276,0.026350975448529938
136277,0.015543114555271001
136278,0.026753816258999197
136279,0.0030308591404666057
136281,0.003358716700358353
136283,0.018052224324887445
136284,0.050251888926462165
136285,0.14231282060647982
136286,0.1416866517596184
136290,0.014074763114783959
136291,0.00013359594774757725
136292,0.03331062218251317
136297,0.013694049465812236
136300,0.019956573116143572
136305,0.15169015022750423
136306,0.004405474833779858
136309,0.004069934526661555
136310,0.28938741445068383
136313,7.671281072899836e-05
136314,0.009595915483607088
136321,0.004798227171507563
136323,0.05527623632144011
136324,0.0026537612901990403
136327,0.020252971382439502
136331,0.004259801612579136
136333,0.006186173909405833
136334,0.024482489988182067
136335,0.00430480671713361
136336,0.010038425014651315
136338,0.0076045355569333345
136341,0.021933065880153365
136342,0.07347183598165204
136344,0.05005342606348171
136347,0.008494304591954915
136348,0.10086447207218521
136349,0.03803956993925876
136351,0.006027031964662972
136352,0.02555908276770777
136353,0.012443364490955951
136354,0.003764124051418341
136356,0.005263487934099282
136358,0.0035928483532657943
136360,0.004868429002748594
136361,0.06932136401261521
136362,0.006084809928548751
136365,0.006824246868515588
136366,0.00892933122867673
136367,0.005028304239949181
136368,0.11057209799227286
136369,0.0030304421288508384
136371,0.0065165026796204575
136373,0.12137595279329012
136374,0.0879134971632662
136376,0.003036598696879222
136377,0.008320691881714418
136378,0.006608665869598678
136380,0.025485167801802
136382,0.006547429018066011
136383,0.003947276729561885
136384,0.004932177242084852
136385,0.0023145763642652794
136386,0.0027183607866890338
136387,0.002140725882734409
136388,0.008996016551641709
136389,0.03364677804305398
136390,0.0002644757958842998
136395,0.02447131131059509
136396,0.02879247447617118
136397,0.027810751177286246
136398,0.00203814917173324
136399,0.04435155341604186
136402,0.12226709235970692
136407,0.011967121270090576
136408,0.023462498627104547
136409,0.00926622552652919
136411,0.0005289199420303425
136412,0.0026911605068166687
136415,0.006485150214938201
136419,0.01981767322513624
136425,0.054209176867356205
136429,0.004965785590407766
136432,0.012721225084787771
136433,0.03046021407971689
136435,0.06466239045365538
136436,0.006133901180620351
136443,0.00013490207007449943
136444,0.015808796415766227
136450,0.0017531277549855243
136452,0.004500102466404155
136454,0.018013615344792976
136456,0.08709632442226818
136457,0.02829994635533834
136458,0.004285481775311118
136461,0.004304832391351806
136464,0.0002902375275857485
136470,0.015151951053722076
136472,0.004648383025160193
136474,0.003167946607691591
136477,0.004184366499414481
136478,0.0023502321722448753
136483,0.00919415099204442
136484,0.05587716491534952
136485,0.03737501283588452
136486,0.0032896757224702084
136487,0.023907394022224703
136489,0.0042808105175526105
136491,0.002019144808983855
136492,0.02181150372340424
136493,6.551406320514946e-07
136494,0.0041837747049308675
136496,0.02371319498540621
136497,0.00558034504870136
136498,0.0003979577190482136
136501,0.0007862983526460677
136503,0.01621502963795761
136505,0.0038148988481021065
136506,0.0041840365431886975
136507,0.007422761152267718
136508,0.11112540158905986
136512,0.012488479795612356
136521,0.07625015437956809
136522,0.10905174288171696
136524,0.0009343430118851953
136525,0.04896819270305068
136527,0.002044228975327553
136531,0.00959084257894903
136533,0.006503669668436016
136535,1.6489885058634473e-08
136537,0.03328917719374555
136540,0.004328545883834136
136542,0.0028637583096906864
136543,0.012978219320854918
136544,0.006138738207246427
136545,0.027550656782268493
136547,0.055986029195851286
136551,0.11718117367965879
136553,0.006377206123864091
136555,0.006352062536314951
136557,0.14558183178751127
136560,0.002998385363426064
136563,0.06153961574567791
136564,0.03556308773902032
136567,0.026887805387531202
136568,0.1301725723535371
136569,0.0012976056723446514
136570,0.0028946785216709256
136571,0.020443943856007552
136574,0.03313177408591564
136575,0.0038657353291686744
136576,0.004754996290952801
136579,0.027686027568049287
136581,0.13355393494917842
136582,0.008967877167163673
136584,0.02871637736991643
136585,0.01823521442651639
136586,0.010669360270686271
136588,0.08461883019431059
136589,0.0021579872663404845
136591,0.0028217670928600332
136594,0.000668970408209516
136595,0.004964072776783908
136598,0.025627954405983144
136599,0.0056500194951032146
136601,0.0071442078180561155
136603,0.000106097585970515
136605,1.7705456325186224e-22
136606,0.030717208250230138
136607,0.010496377212644669
136608,0.06830638726512374
136609,0.002142273699000935
136611,0.007550166470454567
136612,0.015318821937149564
136613,0.004330879744045364
136617,0.02174754110931924
136619,0.05520487807740503
136620,0.0017442900979433855
136621,0.005651133847802302
136622,0.029889983221932558
136625,3.381278083459423e-05
136626,0.08451413147706989
136628,0.06375907253681974
136629,0.018052224324887445
136630,0.005884802949741506
136632,0.10357374383601604
136640,0.12148226950032971
136643,0.0003302214067283035
136644,0.09712257509905213
136646,0.023015560418659372
136653,0.03165255850572884
136655,0.018290786605880138
136658,0.0005288634361902228
136660,0.09580768539781814
136661,0.005989983436019268
136663,0.03546931482916519
136664,0.015065378182986281
136665,0.012438615157449708
136666,0.019546315340569366
136667,0.10039482465484442
136670,0.01053538351683303
136673,0.0031207607229616174
136674,0.0038665549749720223
136675,2.764264858062239e-07
136677,0.006492310360225205
136678,0.003857432662367111
136684,3.9133645043279e-06
136685,0.007596895407552269
136687,0.0034255244862061223
136690,0.003343709786820525
136691,0.025610630460831122
136694,0.002976833288935488
136695,0.026064926839788644
136697,0.005561431856530044
136699,0.007374089748107202
136702,0.025790255955317202
136705,0.12878087584898668
136710,0.027310184680048845
136714,0.00047008245216641323
136716,0.030749768227511673
136721,0.03374765138150185
136722,0.1519050373673926
136725,0.008691274056192872
136726,0.005169835020109941
136728,0.03825838679967495
136730,0.003692863918297022
136732,0.10158990580581324
136735,0.10677673457887088
136736,0.022113826806627587
136738,0.002445247838796079
136739,0.05965554709435298
136740,0.003734729537252567
136741,0.004698727910246889
136743,0.0028108801299660405
136745,0.0061171834924272925
136746,0.024374372029531275
136748,0.023934206892738355
136750,0.002583970472937883
136751,0.0034624151556216427
136752,0.07068545294510076
136754,0.011174525360771024
136755,0.17894616288206308
136756,0.029482320079970523
136757,0.010168593967489523
136760,0.0020453906216265387
136762,0.004088754965200061
136764,0.0061253860271009
136765,0.01878620242340224
136766,0.01571781334536075
136769,0.0011587553304923035
136770,0.012073227550726238
136771,0.021656940028623315
136773,0.1067383008638539
136775,0.012749598159009492
136777,0.21272127808123478
136780,0.018052224324887445
136783,0.05954055866004863
136784,0.2007631866212344
136785,0.009797764145949548
136786,0.0032082150034972623
136788,0.009457496135739638
136790,0.009111995090499541
136791,0.004037308026933334
136792,0.004132413491059636
136793,0.10413550480202624
136794,0.0062146093047488905
136796,0.012779370905465999
136801,0.010185832354533686
136802,0.07754945283877186
136803,0.0020246122456420907
136804,0.0056355487335117155
136806,0.02240341776050262
136807,0.004192349071992253
136808,0.1483542438073072
136809,0.006584666455274908
136810,0.0015459705407459194
136811,0.02021973170368857
136813,0.0003952979880907616
136815,0.005546329529295056
136816,0.039018942768235816
136820,0.13237066554351984
136823,0.10145757932483329
136825,0.054750770056970405
136829,1.0153730484144431e-08
136830,0.12799231903141897
136834,0.021138721058346254
136836,0.006532336098089083
136838,0.025309222278202464
136840,0.023836781064388017
136841,0.012930664745945236
136843,0.06522627850165177
136845,0.137598583892245
136846,0.0029946499762692116
136847,0.003919658431882996
136849,0.14982426729097656
136850,0.02335539525801332
136855,0.01787425767089765
136858,0.158530327386635
136859,0.0001363493161051626
136860,2.974959946904244e-16
136861,0.002287571688574182
136862,0.06691089067106415
136865,0.0019446890687459966
136870,0.0912764903778505
136871,0.004228623419504516
136873,0.0025567866211285996
136877,0.13136048412819243
136884,0.007258701166433015
136885,0.004207421535078739
136886,0.01989282436453714
136887,0.004302841914394026
136889,0.04544449747164631
136890,3.9603351352309734e-05
136893,0.0030365167710074406
136894,9.638161852747571e-05
136897,0.003282817423826567
136898,0.03305854689994757
136899,0.07755591417927402
136901,0.008207850983923052
136902,0.030422180378099472
136903,0.005025546112579886
136905,0.08268325001916026
136907,0.012454756469949523
136908,0.006046631929086483
136911,0.013821388900926209
136912,0.01839144526666426
136913,0.27903665118980686
136914,0.003678630554133838
136917,0.01977173366964625
136919,0.003940346668701038
136920,0.05169185862007128
136923,0.03494187735769551
136924,0.004106154705781123
136925,0.0036959472595751034
136927,0.024252283998149462
136929,0.007300103539824393
136931,0.02328176420049004
136932,0.023266246203911246
136934,0.0034622284095638823
136938,0.047679061331429996
136939,0.0015547966128463175
136942,0.03148495357910467
136945,0.003308428688791284
136946,0.02561098748816383
136949,9.193301022485888e-05
136951,0.004015789753030989
136952,0.00452555885217452
136959,0.017442340966803044
136960,0.007215583851936458
136962,0.042457597617148436
136964,0.004843807764419682
136965,0.023345926109580525
136972,0.02343419039361859
136973,0.0234622852104096
136975,0.01504537971133829
136976,1.1424140726354912e-05
136984,0.05535373147730976
136985,0.0202596288671238
136986,0.0033912444947235033
136987,0.027153629602953224
136988,0.044981397488926954
136989,0.00479472447145268
136992,5.011859837687555e-05
136993,0.060483309646985166
136994,1.5408165576143546e-06
136999,0.025623195387001862
137003,0.004257247126387061
137005,0.005133422588722557
137006,0.022268573907285462
137008,0.0036700540326834816
137012,0.05511944789069854
137015,0.0031416646791150157
137017,0.010286341155593997
137019,0.016283778947879097
137020,0.0005554731923312148
137021,0.006177746644099501
137024,0.02481437471175349
137026,0.008249434661642362
137028,0.008309966381273973
137030,0.004184728113087381
137031,0.023165441797923066
137034,0.002262060109202634
137038,0.02600493714565596
137040,0.004149619492154777
137041,0.03883256214954386
137042,0.0005139245095727078
137043,0.13675676834859538
137045,0.11763076302145585
137046,0.00622882818705669
137047,0.004385432229756208
137049,0.010799851869318955
137050,0.02299095779000158
137051,0.17367380366830062
137052,0.08350820332044176
137055,0.0031635885443302243
137057,0.012796891043622374
137063,0.015694809682732656
137064,0.01993218904161378
137066,0.040702452193728804
137072,2.340023168582858e-09
137073,0.023658707616309373
137074,0.01713225580694027
137075,0.0033878109801226434
137078,0.02105093203679874
137080,0.02516009072705813
137081,0.0010264275706705329
137082,0.003113492165740981
137085,0.032170174558698784
137088,0.00025390786613507587
137089,0.018052224324887445
137091,0.026050329247901596
137092,0.0032997736880043186
137093,0.10311588245338574
137097,0.002273140338664703
137098,0.05981590577720775
137099,0.01107627528400707
137100,0.0036208360110726923
137102,0.0036385420001471248
137103,0.042857389197998426
137104,0.004034186685709261
137105,0.0030772866686281817
137106,0.022058410653285024
137107,0.0064344158471861534
137108,0.0031116916974728136
137114,0.018052224324887445
137117,0.005283781962090635
137119,0.02723821451911715
137121,0.004499880077801061
137122,0.0060541279990154314
137123,0.004968261894100433
137125,0.0027331350130393017
137126,0.04975693640687539
137130,0.0044645037693387965
137131,0.003274189762170888
137137,0.0049602390738250806
137138,0.006440991796147296
137139,0.026887520249354646
137140,0.012334669778134001
137142,0.006845331706029608
137143,0.14942795287088806
137145,0.006240888879864044
137147,5.97152898446244e-05
137152,0.020942415336644038
137159,0.08863209291033981
137163,0.005804858370613317
137165,0.009209558704042449
137166,0.0001826596689943204
137168,0.01895248046429129
137169,0.023735971367204994
137171,0.12662365512196458
137172,0.003938694893501467
137173,0.024668461704745452
137174,0.22433826677634036
137175,0.007281967108838057
137176,0.050642616409325686
137177,0.002809043754035402
137181,0.014976794099423998
137182,0.0016663731169242575
137184,0.008031106472364555
137186,0.14527220785383427
137187,0.01956104084531318
137189,8.409738268684955e-05
137190,0.0038966367001981076
137192,0.08454757984067852
137193,0.0029558536266147306
137194,0.007756251324206505
137199,0.004861364417952598
137201,0.006338574663150496
137202,0.008791672158873044
137203,0.008170800868206004
137205,0.006756407247973423
137207,0.0067187458382738496
137208,0.020182216352852295
137210,0.0037611428606992305
137213,0.08953017819537813
137215,0.08260515204153103
137216,5.641659813420515e-05
137217,0.017642042601371737
137219,0.006099279962358984
137221,0.0007514621010999219
137223,0.003036480564707132
137227,0.03589754501330329
137231,0.004371610933037866
137233,0.0029504465779207475
137235,0.0016090542814590502
137236,0.0641500571074311
137237,0.007518894754324406
137238,0.004463018046368632
137241,0.0034051952608164624
137242,0.10639322229213832
137244,0.074567846186518
137245,0.07999995752494014
137246,0.0034010732346288247
137249,0.016713936184656386
137250,0.007005877613140969
137252,0.0006170309995442225
137253,0.03748186452180169
137254,0.005035918023057734
137255,0.006775810166531749
137257,0.015996863495062054
137258,0.0024397113697509883
137260,0.0038234027473124377
137261,0.0942129383526717
137262,0.016173992011164047
137265,0.03440527244408891
137268,0.004444385143762741
137269,0.014959960759140462
137270,0.02061565531608336
137273,0.13849071493723375
137274,0.011402735003332352
137276,0.18914124636425741
137279,0.05926247763938808
137280,0.024169152183926262
137281,0.003114128117006544
137283,0.005583939222506609
137284,0.004651525375998538
137285,0.00052807866602314
137286,0.020739053582887253
137287,0.005423633131629124
137290,0.025346532054284915
137291,0.00696287797255464
137292,0.11981032815324473
137295,0.251046299908478
137296,0.01656375144850176
137302,0.050989462439286544
137304,0.018052224324887445
137305,0.08186811688602702
137307,0.010591582500829939
137308,0.00410310603245572
137310,0.008144060685639866
137312,0.013158681106382006
137315,0.003185641905312409
137322,0.08968333323765405
137324,0.004924088505808406
137326,0.008420553480627712
137327,0.018052224324887445
137329,0.050251888926462165
137330,0.12312783446174644
137332,0.002697139171745548
137333,0.003947276729561885
137338,0.030104402590186055
137339,0.004675117681936761
137340,0.0029862560289283502
137342,0.010154369136354228
137345,0.03299496837602623
137347,0.043586653258634936
137351,0.012839604956493828
137352,0.0033984212631834364
137354,0.00370959209907199
137355,0.08875985570926506
137358,0.006705121726778962
137359,0.0992045229657848
137360,0.003047742050601869
137361,0.1311593100232512
137363,0.019734290451970785
137364,0.008966159145526642
137366,0.008316724146141543
137367,0.0007005353449056882
137369,0.004951912679156427
137370,0.007827124981520777
137371,0.025716031229640137
137372,0.013024526970255627
137373,0.008367038897941388
137374,0.010666704436618844
137377,0.015265520384730221
137379,0.003576414450029595
137381,0.0889897076225654
137384,0.002315209026249926
137387,0.009438534633460604
137397,0.01956907216868409
137402,0.00545216559143159
137405,0.005031475395436089
137406,0.01698836060496966
137407,0.0017567696797204204
137409,1.1078057703692386e-05
137410,0.02696221985069869
137411,0.04297123877099379
137414,0.0035263119534501976
137416,0.0016627596116584491
137417,0.014975033994214336
137418,0.00010551627581053924
137421,0.003403163748952572
137422,0.009976535834795729
137426,0.002395969212094174
137427,0.03507083647556575
137430,0.01949347645547618
137431,0.07226651564799652
137432,0.01759222010302986
137434,0.008829701043927345
137435,0.005156933403550853
137436,0.002606289454952659
137437,0.0009746607940586969
137438,0.005846482583620399
137439,0.008053055064090653
137440,0.004050968069376921
137441,0.004731575935046501
137442,0.0013845656368266011
137443,0.003516825232826748
137444,0.006134298470754506
137446,0.02064798153523907
137447,0.10962255365553467
137451,0.004581831333047217
137452,0.013556496602913738
137455,0.1271099394287326
137457,0.017946583139679242
137458,0.0019338227618867004
137459,0.03309990278469975
137462,0.06625511913861239
137465,0.0001221679541205291
137468,0.058854859904468655
137469,0.003205715446813958
137470,0.056375736165245834
137471,0.005887635074257269
137472,0.0033418021258008433
137473,0.015132138112230607
137475,9.567256497768985e-05
137478,0.13258382565282123
137480,0.15074381352560942
137483,0.07483886050737378
137490,0.0607043256552653
137491,0.019126433159087984
137492,5.9460627431206115e-05
137493,0.07117278508063059
137494,0.040282574588918284
137495,0.005995132815177586
137498,0.007750089240036464
137500,0.008687827513154396
137502,0.006923061498892414
137505,0.01023249081596155
137507,0.018052224324887445
137511,0.019358686559571816
137513,0.007386251003307491
137518,0.005243501532384761
137519,8.989969204244899e-07
137521,0.010699947727005062
137526,0.0249655655156424
137530,0.016129640629548185
137531,0.0066570129449594895
137532,0.0003511497377036247
137533,0.023439640107940873
137534,4.326754606394617e-05
137536,0.0010482951726673221
137538,0.0002915798715372705
137539,0.004105804989147527
137540,0.013673727025358882
137544,0.031021813531107306
137546,0.015753488108880727
137547,0.006550130842520919
137548,0.02614359968118214
137550,0.05926246785603378
137551,0.026554838124631747
137552,0.0029550560460298147
137553,0.014365772755415097
137557,0.0035622157641176312
137558,0.11404472146996496
137560,0.007580032637112508
137563,0.004063144553151285
137565,0.009981983993503318
137566,0.12568088599667787
137567,0.006619483787209644
137572,0.004013341463197439
137573,0.023651120097643592
137574,0.06681020433122449
137576,0.007916414632394054
137577,0.0151679543805404
137578,0.04309946951228789
137579,0.003471656110984147
137580,0.006101879675479101
137581,0.002642177514665121
137583,0.000516898665295374
137585,0.11407892949126332
137586,0.011611708344007834
137588,0.007237397148934063
137589,0.1409882086953034
137590,0.018052224324887445
137591,0.10125649399418064
137592,0.011033766897298885
137593,0.003073992952054676
137595,0.013444854973273388
137598,0.028837049886266234
137604,0.018260422833174122
137605,0.003088411621688078
137606,0.004987833851930024
137610,0.04976514541689498
137611,0.013978513064858467
137612,0.0037593598216972106
137614,0.0029642899640777375
137617,0.018052224324887445
137618,0.006450009516165768
137619,0.10598793153921274
137621,0.002768172159576394
137622,0.004053260368918853
137623,0.0387210600207984
137624,0.012148668057875175
137625,0.005507490501625623
137627,0.004966074475324459
137632,0.012546308580068612
137633,0.004582320392256551
137635,0.0071108574080436015
137637,0.12572184469188977
137638,0.07482548878739356
137640,0.030059646132613846
137641,0.014078017424189041
137645,0.055347201292694166
137647,0.039852516644583495
137651,0.0004077383545345589
137653,0.004140357731479449
137655,0.009797809217805894
137657,0.0019426139202790619
137658,0.0046492974968167546
137661,0.13151158843686678
137666,0.006040813635870346
137668,0.029498433222043766
137669,0.005396729922437982
137670,0.03995448520587063
137672,0.002702171020444135
137673,1.9935733810450417e-05
137675,0.018052224324887445
137676,0.0005907961426409954
137677,0.022445673336453437
137678,0.00218816974404163
137679,0.0030365724005506846
137681,0.009542345801153818
137683,0.03715796338960719
137686,0.0048563145015312935
137689,0.024096059055540922
137691,0.025010478411217476
137697,0.102625453168156
137698,0.0034161298810241516
137701,0.009797739101564397
137702,0.006139340093032699
137704,0.03011242324402433
137705,0.010200712104864285
137708,0.048954893047788654
137709,0.045278801260561476
137712,0.1242766826557415
137717,0.005911003389147589
137718,3.3153590857442874e-05
137719,0.03151659881037371
137720,0.0032900317717925336
137724,0.008539215134021986
137725,0.003256713764984586
137730,0.003036496949510424
137731,0.0034624638022054013
137735,0.0036743110155577356
137736,0.009074933485764578
137737,0.0060471906718142275
137738,0.0023223676817502835
137739,0.04245528186250676
137744,0.004863050220770866
137745,0.0074575375010429166
137747,0.0041454785566068025
137748,0.11087576963240474
137749,0.0002999382674904286
137750,0.11475299081009212
137757,0.03840992204950471
137758,0.02597310082109194
137759,0.01116380758971985
137763,0.018052224324887445
137766,0.0030364396030845135
137768,0.0296213041531651
137769,0.027964610230104988
137770,0.006082046056303088
137771,0.027618216964887796
137772,0.005293144771155207
137773,0.007735825672683012
137774,0.0055317031492096115
137777,0.015771452832419017
137783,0.004257608338430424
137784,0.0011246823642794203
137785,0.11207403648760704
137786,0.05244746017705584
137788,0.003358653254268158
137790,0.007372751559969812
137791,0.028339428851984066
137792,0.006994210321035912
137793,0.014341681808079416
137794,0.0225648402521936
137797,0.008812139491475574
137799,0.0037220979430110553
137800,0.020023466465787017
137802,0.04074280073554886
137806,0.04610782623998399
137809,0.02996485085478418
137810,0.10010035354183767
137811,0.006458802503602743
137814,0.011655496518200475
137816,0.010798238754297482
137817,0.02163334040828505
137818,0.0034051720247245043
137819,0.004019065817802525
137822,0.0011010454252709187
137825,0.006840862917618347
137826,0.01902758522005475
137827,0.011492426334650578
137829,0.00382340143627072
137830,0.016896440023240384
137831,0.13171710599327416
137832,0.038291044147997985
137833,0.09576751436931218
137834,0.10752502695853308
137837,0.019931576801238197
137840,0.012424546267726443
137844,0.008915388294546895
137845,0.0034096854762110528
137849,0.04022720422763772
137850,0.0021537617144987767
137851,0.0013502575715498752
137852,0.004207555624166401
137853,0.004624350332212901
137858,0.2974243113058911
137859,0.0023216789499837754
137861,0.08091721340045441
137863,0.0030365724005506846
137865,0.014290621262082692
137868,0.0053110596115390415
137869,0.0003043201810905178
137871,0.03622198205327814
137873,0.0043093790099329714
137875,0.004030442073988737
137877,0.013824873027547188
137882,0.003036506860242808
137883,0.006747461437906569
137884,0.002929670331401368
137885,0.002974240736779496
137886,0.0055390741597597225
137889,0.0194162866466349
137890,0.017993520147045618
137891,0.018052224324887445
137893,0.004770135701678595
137894,0.007674922247755702
137895,0.02692759836148677
137898,0.0006549179876106536
137900,0.0034052872372718956
137901,0.005090771791019895
137902,0.003465138749514506
137904,0.005539102779584898
137906,0.1348608084687236
137907,0.0038355814771853128
137908,0.0004075593154629698
137910,0.021133280063791098
137919,0.027857259703146318
137920,0.056608439596459496
137921,0.0036318548207107957
137922,0.03153435275848471
137923,0.12286785722034356
137924,0.0030364477953649673
137927,0.01867698871650511
137929,1.448468987199064e-06
137930,0.004101490097646767
137931,0.003838432242799434
137935,0.010296606456975738
137939,0.003606747098019222
137941,0.004488420428734712
137942,0.13353998317518317
137946,0.07510578786388719
137947,0.003479016155952877
137948,0.003259085327938124
137949,0.008925011184483432
137951,0.016945353820442318
137952,0.004197635342213304
137953,0.0789886274405574
137957,0.011818116227732376
137961,0.01483106418253958
137968,0.013447670569524745
137969,0.02119535374504022
137975,0.011685385131403705
137976,0.028713309091255242
137980,0.0017341175602393105
137981,0.012951560312989076
137983,0.1075942253063451
137984,0.05828553224076037
137986,0.06991410657672166
137987,0.012162483683027076
137991,0.00047645433981800014
137994,0.13331092627768243
137995,0.006543710366202245
137996,0.022471076298517516
137997,0.031198280038179933
137999,0.03682437928702374
138000,0.0075389083931343475
138002,0.0046419670779107814
138007,0.01981183594730722
138008,0.008035374075424732
138009,0.02314778502922797
138010,0.0005673093784723081
138012,0.02312122417289748
138014,0.006099164264054767
138015,0.0023801938422723028
138016,0.0971870462040773
138020,0.09597155397020826
138021,0.007483023192098174
138023,0.07001026088080457
138026,0.0008817732819056438
138027,0.07540443126904572
138028,0.004888282415909535
138029,0.024482489988182067
138030,0.005362820963449604
138032,0.10523180976494252
138034,0.0958640559605469
138036,0.0024638196719914663
138037,0.12300907061064162
138042,0.12163390874119341
138044,0.002065452854453673
138047,0.0007503246296075422
138048,0.020441547402822603
138049,0.0109534926390868
138050,0.008118346994005873
138055,0.041658820505982685
138056,0.011672947231040143
138057,0.003253979281301079
138058,0.003179383021898915
138059,0.008135290432752044
138061,0.10012507999751322
138062,4.6693708691860505e-11
138064,0.01015846752374274
138065,0.0049885283132922766
138067,0.005674358753517178
138070,0.0027822330059192
138072,0.003053205411493608
138075,0.017352528599992704
138076,0.03173733737959571
138077,0.0009776319061613502
138080,0.0013527099659655039
138082,0.003564653792709401
138085,0.009061158033720696
138086,0.0028718653293017494
138087,0.017284648424409778
138090,0.0045226083189776126
138091,0.0872703513171477
138093,0.0019172141434523424
138094,0.024260604419747995
138096,0.15744438929919563
138100,0.02025015786104679
138101,0.0595639606417549
138104,0.006529166413678536
138105,0.016122087081648806
138108,0.016127722757681043
138110,0.0023759606745154217
138111,0.001466201603618778
138112,0.01632525678665072
138114,0.11976933612853939
138115,0.0002528752542810824
138116,0.00268399007675009
138118,0.15778999342560163
138120,0.0002526690937418609
138121,0.008982345235943186
138122,0.0053073738605033125
138123,0.03508889336555466
138124,0.02630309635704503
138126,0.008315801469933576
138130,0.003165233190231452
138131,0.09266499101836685
138132,0.02855097007936787
138133,0.0343240947121181
138134,0.013653385531328192
138138,0.03083776625915464
138139,0.00528972848565814
138146,0.14216175454579974
138148,0.0038319350660091706
138149,0.0038819243049700095
138150,0.007518435277423273
138153,0.036607841027938855
138155,0.02335885013367959
138157,0.012682701846414743
138158,0.016543864426425407
138159,0.003810349388636159
138160,0.09379300571922874
138161,0.018052224324887445
138162,0.003274380851840014
138164,0.00910906987706813
138165,0.004318792018772517
138167,0.005154983645603011
138168,0.004926805024081805
138170,0.0033908716506500258
138176,0.1219178830678242
138181,0.0009100796102649373
138183,0.10358610882828614
138184,7.837072608345752e-05
138185,0.003438392852685191
138186,0.0054865888530807655
138190,0.005170081536592788
138192,0.11662032444500334
138193,0.008541200385571912
138194,0.07349972845799944
138195,0.006989897848739704
138199,0.001958010140643448
138204,0.017138291515842567
138205,0.002421617991476121
138206,0.01889383429585505
138208,0.024149980895422595
138210,0.0023577431233067583
138211,0.07088025100923026
138212,0.0022580531077575575
138214,0.0001411826959794576
138218,0.003454224211435311
138219,0.11824812814972603
138220,0.0037831093198472544
138221,0.009802921934384487
138222,0.03965908032035728
138225,0.007891184328840532
138226,0.02714406748295622
138230,0.02220833048562364
138231,0.00435862253236948
138233,0.016254882649814714
138234,0.003405366419255984
138238,0.0031172815885321713
138240,0.058194874799646676
138241,0.01596944700340309
138244,0.007575973969768491
138248,0.040347016347437585
138252,0.007529111844787171
138257,0.0009580690860064046
138258,0.007068181867185309
138259,0.020527381248207233
138262,0.006441606894713916
138267,0.14828813645087632
138269,0.059592556222871726
138272,0.018052224324887445
138276,0.038240551726023156
138277,0.14081293243177492
138280,0.01773685354328023
138283,0.17079602370789082
138285,0.00634070622957854
138286,3.60686384391927e-05
138287,0.0031325947452630447
138292,0.002909435777695055
138293,0.009267503550263758
138295,0.14876274450326554
138296,0.006842309919247955
138301,0.05357012583787141
138302,0.018465985387195898
138303,0.009749925874045794
138304,0.015001064699239076
138307,0.002560752864860461
138309,0.0034052872372718956
138313,0.005813935532507116
138314,0.024970371469492592
138319,0.005674003047770479
138322,0.030289784857354753
138326,0.006124994863173934
138327,0.026342297534588343
138330,0.006355729357872445
138333,0.0008435553527223861
138335,0.06342778889205375
138336,0.10613587791081419
138337,0.005058538594369613
138340,0.0022861340756148794
138341,0.0006986893353653464
138343,0.0109842949921241
138344,0.01923162240607608
138345,0.00825119179024805
138347,0.011456032694077576
138348,0.047165272933622826
138349,0.003950915509888078
138351,0.0035684446560361595
138352,0.003245740840233782
138353,0.005129451263872975
138355,4.596642299441839e-05
138358,0.00416514611201556
138364,0.0030365396302204596
138368,0.002905511409460561
138370,0.17676542469786657
138371,1.229890239492828e-15
138373,0.008165418523945523
138375,0.007740020376866437
138376,0.04731037771981355
138380,0.04275759003433599
138383,0.004500039565716332
138384,0.0014730388242233151
138385,0.018239896681117314
138387,0.1223583220851373
138388,0.011486775493683892
138391,0.0037406113876046598
138392,0.04388786118478407
138395,0.02795416830998583
138397,0.03867953128643675
138398,0.0015952984592908352
138399,1.6486404210630756e-08
138401,0.023934605508391587
138402,0.038454370695107716
138403,0.0032600528939852585
138407,0.00842659506355415
138409,0.025587170872187218
138410,0.0013888802992760747
138411,0.026889799550995033
138412,0.002272946076913473
138413,0.00315708668471729
138415,0.06760773829156422
138417,0.0016829565559689417
138418,0.019791981058919265
138421,0.008765791542000731
138422,0.0179957761926541
138423,0.0038511346817958203
138427,0.006460968315643203
138429,0.033431959104760135
138431,0.005817687729404056
138432,0.023031124792103733
138435,0.013197136049721088
138437,0.004281702500135357
138438,0.025549549107115325
138440,0.05070628401114894
138443,0.0873500153490623
138444,0.10309370568525895
138445,0.00905925559890548
138447,0.00011833664255384821
138448,0.07960667991098876
138449,0.018373077910748548
138450,0.006287091835054293
138451,5.438312313200464e-07
138453,0.009402210602690295
138455,0.0231082563318059
138459,0.03456667601444622
138460,0.0029968089573499754
138461,0.003015260116406148
138466,0.02016175622279339
138467,0.026110830854843285
138471,0.04189093289524211
138472,0.11446322564210885
138473,1.521947852563432e-08
138474,0.005010962311885925
138475,0.03729555612326304
138476,0.007824635357222033
138477,0.00475292722132826
138478,0.02037104036987406
138481,0.0030536938475911285
138484,0.007407634252532815
138485,0.004226502470459751
138487,0.014354634140607437
138489,0.011246228328626899
138491,0.0029295527096593874
138492,0.010494034536539253
138493,0.00044877465924798176
138494,0.11629184479314754
138496,0.003534317980299971
138498,0.002974076689079798
138500,0.01971265622390299
138501,0.003425150461868199
138507,0.0019445907672703455
138510,0.004150345251187062
138511,0.007468417328667491
138513,0.002315133343318666
138514,0.007211016550335723
138515,0.0018641316894079532
138516,0.012068253923140324
138517,0.004535927781197222
138518,0.0034358415978476076
138520,0.004663048594670924
138521,0.0994499959150947
138524,8.405262839454322e-05
138526,0.005551471562630674
138527,0.02700957378208368
138531,0.0035006926878956113
138532,0.07702476759064832
138534,0.002373236102455547
138536,0.0029305736534986416
138538,0.03278460783191542
138541,0.018549074366021132
138543,0.11371489456443776
138544,0.006873474667051044
138548,0.016125364943945817
138552,0.007075225156580384
138554,0.14619786900934373
138557,0.004604930472622094
138558,0.012403162623632061
138559,0.0033837789084927594
138561,0.020569142292561758
138564,0.023393619023669984
138565,0.012145032241845514
138569,0.021637840066198153
138574,0.0213793559502569
138575,0.03067960782995854
138577,0.009079153768291087
138578,0.007149337706971741
138579,0.06327735594484482
138580,0.02573351602199124
138585,0.004248694751399045
138586,0.025167723159699996
138588,0.007139558831746688
138589,0.11425764231504588
138590,0.02731243819448415
138593,0.01645016969347614
138595,0.01890616079772306
138599,0.0009975417998954383
138602,0.048600456878617825
138603,0.016847988996543363
138606,0.019504002514073453
138607,0.004225742819076596
138608,0.00012977339393611433
138610,8.290985138005457e-52
138612,0.08703018164248252
138613,0.005735880880467695
138615,0.030511477192744343
138618,0.0016235634737683496
138620,0.023144303218330754
138621,0.007984711308650864
138625,0.05727045452548317
138626,0.004495895115128085
138627,0.014805643285105693
138628,0.010838746911415382
138629,0.002364638291566956
138630,0.008499971909296479
138631,0.006060443591887827
138632,0.0035833548235191678
138635,0.10368163051939272
138636,0.009110303672639632
138638,0.0005340436860123687
138642,0.036075679958673786
138645,0.12646407239670374
138646,0.05384014858229761
138649,0.003976649126875009
138650,0.0032567428366034865
138651,0.008054996584507477
138652,0.028869857071100416
138655,0.046086286645819
138657,0.00502495616094233
138659,0.14401687952272715
138660,0.12843663056444593
138661,0.003462452506037705
138662,0.026660003532722715
138664,0.015980829400158048
138666,0.037048323381171394
138668,0.06659633874778838
138672,0.05585182466706277
138673,0.0041996444324641094
138675,0.1476712964811172
138676,0.011659506845076068
138678,0.0036557270591246306
138681,0.01913227554415272
138683,0.026246830165921536
138688,0.059840199660776014
138690,0.05000413467998625
138691,0.005673979571539589
138694,0.004725666748222541
138699,0.13616716773728332
138700,0.07451421341260707
138701,0.004179445519373432
138702,0.0008973130809408214
138703,2.9505663261677625e-05
138705,0.0032963686551716
138708,0.14643950767244077
138709,0.0021219262513233724
138711,0.004789641357211689
138714,0.022591169437522082
138715,0.0029864344836709714
138717,0.034866983536038385
138718,0.009909217871310664
138720,0.14324949885775787
138721,0.005092673481088016
138722,0.0044268138780913565
138724,0.025960602516756904
138726,0.080608806368406
138727,0.09858884765296365
138728,0.013326515948689194
138729,0.005887418771727675
138730,0.0012752901860658367
138736,0.020636258142787287
138737,0.12799465233647372
138738,0.055767257249310066
138740,0.007579232698288999
138741,0.004225072485972062
138742,0.02714406748295622
138744,0.014452747498213556
138747,0.007356010719612431
138750,0.004534449509177312
138754,0.011206818993649115
138758,0.006279180779761359
138761,0.0036552594941459938
138763,0.014121224277037665
138764,0.003424924813386628
138765,0.009766882112528099
138767,0.14416333800760292
138769,0.06982331839939082
138770,0.027816669337220098
138771,0.0214901952139874
138775,0.003977024993915577
138776,0.10379643271857887
138778,0.0038445007233890967
138781,0.1159060348634181
138783,0.03600264584628444
138786,0.022518260347873686
138787,0.07304323856433959
138788,0.00989217274910956
138789,0.00924823681715579
138791,0.002491715459262541
138798,0.0018688385647739156
138800,0.008867427465108595
138803,0.009807188299052331
138804,0.017557051589833002
138805,0.025572426676711665
138807,0.004545073014278801
138810,0.011047205569788714
138811,0.009674886032161654
138814,0.0037451338295207966
138816,0.005734238364472299
138817,0.02899011482619552
138818,0.004975380339011818
138819,0.005159442557596794
138821,0.03194514718498441
138824,0.004965319078037482
138826,0.016288971236103962
138829,0.0010853231379827338
138835,0.0024740069071175733
138836,0.030245567846613308
138838,0.11033771371853553
138842,0.017610063643964714
138843,0.005984722585589675
138847,0.010581197905371344
138849,0.019605988507725044
138851,0.006313373663004749
138853,0.007493100992165331
138854,0.03431764432170531
138856,0.005867228356663401
138858,0.013834354803996467
138859,0.0055012362949989815
138860,0.06878316876912491
138861,0.01606581972653611
138862,0.0032975131358585906
138863,0.0003262622949893263
138864,0.0215799557587459
138868,0.022007050129685554
138869,0.0046757776791592235
138872,0.14196278372072935
138873,0.004113737404933633
138875,0.00541274104018482
138876,0.007198647879524333
138877,0.0196063231173374
138878,0.0580291633472983
138879,0.0039546829019188245
138883,0.023449890011610824
138885,0.003486460573749216
138886,0.018648648492321
138887,0.008256151126538849
138890,0.0075400613863455
138891,0.03920658939977978
138896,0.0029862527054209916
138898,0.003539994744987378
138900,0.009440883792360381
138901,0.0038524287933584004
138903,0.0001471236102859258
138905,0.027515568678088985
138906,0.1005790341188447
138909,0.007786903562815998
138912,0.011182635875876541
138916,0.002671669791029909
138917,0.03330306258468354
138918,0.02721702049001836
138924,0.021090424670201245
138926,0.027377317698410918
138927,0.019715974631070436
138928,0.018672344528018903
138929,0.0027914475278625465
138930,0.003799340930545803
138931,0.01932131057221187
138932,0.0227117171653894
138933,0.009524016010606639
138936,0.023952574551912277
138937,0.00814387044038592
138938,0.006340760120216017
138939,0.025595469305415623
138940,0.007002284127051247
138941,0.0019467315807338939
138942,0.011593575741550547
138944,0.001163846901684148
138945,0.02135431629100016
138946,0.030053632964365445
138948,0.0015930315634561892
138950,0.07408621106928853
138954,0.002021464795565032
138955,0.11863559105284927
138956,0.059421086266277436
138959,0.10406964395628071
138960,0.002909342489994763
138966,0.020338463283674217
138968,0.09114257406366182
138969,0.0632001678479281
138970,0.01901102718160722
138971,0.00019461295877374495
138972,0.010847005169199769
138973,0.007473826532612654
138975,0.02126410449994673
138976,0.012585831963036776
138977,1.184811347449424e-06
138978,0.0036603186236041575
138979,0.004138929569057113
138980,0.019822079056716187
138981,0.07317839516130334
138983,0.09807648227464635
138984,0.0018934880264503023
138988,0.00303636111792188
138990,0.026665274292483634
138991,0.008902060654367336
138992,0.04306176421099133
138996,0.0029975248266627392
139005,0.010420474565512637
139006,0.005025737415851117
139007,0.016057189295663434
139008,0.006857821831693684
139009,0.0018421247533826023
139010,0.0038157071442436745
139011,0.023783681523558246
139014,0.021229789517656344
139015,0.004328791633005751
139016,0.006263057577274944
139017,0.07257447708672099
139019,0.019813947049969374
139025,0.004402983754353125
139027,0.028473018913868116
139028,0.02321985613839353
139030,0.024823905032486913
139031,0.10570004548251939
139032,0.07498457619496547
139033,0.01938948263144657
139034,0.005858155191924777
139035,0.012468147119366247
139038,0.003222600965980828
139040,0.010353568778032148
139042,0.031188674879101423
139043,0.0038091380715166725
139044,0.004176936612248389
139046,0.0043505115973437114
139048,0.03987688371801502
139051,0.031180468708973275
139052,0.004413959725202822
139053,0.005264511949863811
139055,0.0047662085460400275
139056,0.035886743290437166
139064,0.003193067735380147
139065,0.002018255720279114
139067,0.008223564727323121
139069,0.004374134069947548
139071,0.04792422395676258
139077,0.018052224324887445
139081,0.12455054039066031
139082,0.11135227475248796
139083,0.003198479157506826
139084,0.10310905541687304
139085,0.06971929590658772
139088,0.05168894093110306
139089,0.0013236874259075486
139091,0.004033265722480895
139092,0.006591995148895747
139093,0.007267585091680297
139101,0.004713804298034958
139103,0.016872805504591634
139106,0.001748452312212808
139108,0.0393455174493897
139109,0.024137083811736404
139111,0.003684051806524758
139113,0.13079991017477802
139114,0.016539120383227916
139116,0.11174078906339548
139117,0.0358321170492278
139119,0.00640828134395194
139121,0.034815354737950575
139122,0.008200607626984633
139124,0.12683663277042675
139126,0.006978397628788803
139127,0.03957475452274536
139128,0.04774335392877462
139129,0.004069990457660624
139132,0.02374531537764767
139133,0.003278349003208593
139135,0.02946964623703555
139136,0.006074361390005088
139137,0.04284778214261371
139138,0.002986406192943805
139139,0.023575687068761834
139140,0.03209161046533835
139143,1.0421400314251142e-06
139144,0.020015903860299396
139146,0.037048409643356324
139150,0.003776974489536198
139155,0.005585750095567981
139156,0.019112697026043606
139158,0.005722159755771336
139161,0.03986660113358957
139163,5.3100964243370354e-05
139165,0.010145627966330369
139166,0.18154580285034608
139172,0.02255778367192646
139175,0.09965577317310391
139177,0.006138129658463743
139178,0.007367466811660353
139179,0.028308451150956045
139181,0.05424571739086535
139183,0.0008107713064691093
139186,0.2973695495203094
139187,6.651019185413635e-05
139188,0.005380632880520041
139192,0.023419141547879403
139195,0.029642732547539127
139196,0.015934546600303436
139199,0.0010736435023836726
139210,0.0029863238347267594
139212,0.018052224324887445
139213,0.09050260384437715
139216,0.030392556599027738
139217,0.002622897640228814
139218,0.023300321597831127
139219,0.07974812577299387
139220,0.007549873231882564
139223,0.004698906580254975
139224,0.020979772479809096
139226,0.020475928942843953
139229,0.02907748392519311
139230,0.003214506646169834
139232,0.1368587339956056
139233,0.005570849506995472
139235,0.00037264689459465115
139238,0.0037762904399317584
139243,1.2899525346792145e-07
139244,0.006688481901247535
139245,0.00604746546678729
139247,0.005084708746609885
139248,0.007500122803579014
139249,0.031003654073775196
139252,0.004422288279149147
139254,0.011707587810955619
139255,0.11565398818592565
139256,0.01161205216835267
139257,0.10953602768215845
139263,0.018581260410933557
139270,0.009914131130591248
139271,0.008163686837843197
139276,0.05214569225868909
139277,0.012650660855407633
139282,0.007254486806461689
139284,0.13326028234809512
139285,0.0023006106751751803
139286,0.00949443814258674
139287,0.1231650108708543
139289,0.018670385451566147
139290,0.001701024323618268
139292,0.1466027010247744
139294,0.05271604038427857
139295,0.0018914856775990396
139298,0.03207980611210468
139302,0.003397171660686529
139305,0.0038827633993531673
139309,0.001841723532454742
139315,0.04429705763936213
139316,0.015025886443007704
139318,0.020539810501794802
139319,0.021926544559277533
139321,0.023253423227846418
139323,0.007167918674327258
139324,0.013205839821759331
139325,0.007442949176469141
139326,0.03199033342107793
139328,0.004265120250343218
139329,0.011076659209266251
139331,0.018052224324887445
139334,0.0047829297965407145
139335,0.006413303224957316
139341,1.4985887184356129e-05
139343,0.0035934701054560216
139344,0.002330785527603629
139345,0.010960686272263237
139347,0.008982269160427157
139348,0.05051567653756335
139349,0.02060849455103405
139350,0.11146637190622988
139353,0.0536494727295217
139354,0.0017154861104327968
139355,0.003462368468166183
139356,0.00011841581360670749
139357,0.03188702005667724
139359,0.009628947631984358
139361,0.0028678151507629452
139362,0.0030365724005506846
139365,1.0372338904115874e-06
139366,0.0030365706822160304
139371,0.09113301333324536
139372,0.011924873875932567
139373,0.002368061363539936
139374,0.018400370372145657
139375,0.0015025578005260815
139377,0.01703794283071719
139378,0.018052224324887445
139379,0.05640411677379543
139382,0.10720778220916818
139383,0.004122785286309943
139384,0.13142791429698752
139385,0.002358307075121996
139387,0.09742445367135248
139389,0.04723275877873881
139390,0.001937029254464735
139391,0.03857034915311694
139392,0.053045512835511524
139393,0.00623001581936305
139395,0.020805986158474093
139396,0.0024292528583933744
139398,0.0044498611177667445
139399,0.013300464240117242
139400,0.05562439479379952
139402,9.129106920885847e-06
139403,0.04073659506816995
139404,0.02184819443541751
139405,0.004121312984789279
139406,0.017756243924948862
139409,0.10247588010314404
139410,0.11723087429823047
139411,0.006343028288536668
139413,4.0940883926116016e-05
139415,0.001436976918553479
139416,0.0067740999242697515
139422,0.00442242333314335
139424,0.0030243443228493735
139425,0.007267067500760956
139426,0.002904529746776567
139427,0.004438762697543504
139428,0.04821185413419454
139429,0.0023460676782536163
139430,0.02294639744802615
139431,0.009236668479616366
139432,0.0038708258374832365
139436,0.09353551884694325
139441,0.004044348164289198
139442,0.018052224324887445
139444,6.972766207994467e-05
139445,0.030485513766755193
139448,0.0033848578068923227
139449,0.0001420821460513493
139450,0.016148035380134304
139452,0.0002798422034838782
139459,0.002986309689852309
139460,0.005635483538528589
139463,0.045493374054848955
139464,0.007144950067877567
139469,0.0043408280321196105
139470,0.09332650709933221
139471,0.01623430133760063
139484,0.0030587625978837924
139485,0.13229375758028766
139486,0.08252568623162668
139487,0.07451379510880904
139488,0.033125255148472026
139489,0.02315417459406458
139490,0.030059646132613846
139492,0.0007658341045939892
139493,0.003892715067926162
139495,0.09757699175427716
139496,0.005179060683663044
139497,0.008152722339308792
139498,0.0033174172731100598
139500,0.003947376543270627
139501,0.0083852283678463
139504,0.045047120883427605
139514,0.0001283663233863272
139515,0.003302260190084735
139517,0.0038295694393090146
139519,0.001924905605175512
139522,0.09616849460330827
139523,0.004331593916265476
139524,0.18949259290967976
139525,0.011454884827834544
139526,0.08893860901420587
139529,0.0035594415018629292
139532,0.11883165087936078
139533,0.006557511725408493
139535,0.1340586684389429
139541,0.2160164298837909
139543,0.002872158021133717
139544,0.0025163174975186826
139546,2.5288461940501532e-05
139547,0.13237066554351984
139549,0.006408517803563404
139551,0.0002952719530624316
139553,0.31324435970066844
139555,0.09697500538018075
139556,0.04282044982127997
139558,0.009946481399346098
139560,0.00509222750579213
139562,0.1152787716160144
139568,0.10055095966523621
139569,0.003881443285369709
139571,0.007625738677436749
139573,0.005468294555787669
139574,0.026633523991786867
139580,0.0043047089452250675
139581,0.1126849588821178
139582,0.14370958275607626
139584,0.03736533954939179
139585,0.11713745795200876
139586,0.01598822395907307
139588,0.0034566756517224115
139590,0.018608253973091838
139591,0.08988098005517356
139593,0.055249543692279586
139594,0.00015183602930748217
139595,0.00013443965448674272
139596,0.04197712336412448
139598,0.05184636905118146
139601,0.024145187050732545
139603,0.004402578629312554
139606,0.049197515643225324
139607,0.001015517596884348
139610,0.010928859868135783
139611,0.002482909048239174
139613,0.00439747672216346
139614,0.08053850968429688
139616,0.0168496810952362
139618,0.00028280005749662106
139620,0.1348608084687236
139622,0.005213192773268602
139623,0.002272946076913473
139625,0.005540341916008889
139626,0.0033737301179503037
139628,0.0508077777106197
139630,0.028090906431212558
139632,0.00522400756587133
139638,0.00228252787604657
139640,0.01685313609964375
139641,0.002920187714464771
139642,0.02363668955345881
139646,0.026641216573712566
139648,0.0023006106751751803
139651,0.06625104285932204
139653,0.02101382027827324
139655,2.912886848633911e-05
139656,0.0016415100939879686
139662,0.005020197122053551
139663,0.04352487177282211
139664,0.0033835649956597356
139670,0.008475613791596713
139671,0.0012554069118177736
139674,0.004749955579169554
139675,0.0027593603900074363
139676,0.01809576210764747
139677,0.00035806071227778634
139678,0.006724020673663676
139679,0.2406507764450211
139682,0.0035956984408621632
139683,2.7271312010414867e-05
139685,0.008397973634935286
139686,0.12942785549481065
139688,0.01451767564680563
139693,0.003056106885913415
139694,0.004068165043424549
139696,0.006902187376251859
139698,0.02849435729848162
139699,0.004296184132650823
139703,0.18192801143194617
139704,0.006581653912888759
139705,0.018052224324887445
139706,0.11604318573023893
139707,0.018940447556958142
139708,0.0035132662295773096
139709,0.025371479150312508
139710,0.011887848102374551
139711,0.15203952761886344
139712,6.408254578990958e-05
139713,0.012028189056622193
139715,0.018102873033380196
139716,0.007347024559274051
139719,0.07594530949913805
139720,0.003641218924835277
139721,0.010069562765858898
139725,0.006327636501374156
139727,0.04213784959360748
139729,0.003381562871450103
139735,0.00537872656438014
139739,0.022396728800589596
139740,0.0033151694768689052
139742,0.05955442144046074
139746,0.0032308966654542456
139749,0.021342105478776123
139750,0.0005103293209069709
139751,0.02821271443776207
139754,0.10101648984530996
139760,0.09224572681452917
139762,0.014418555165080223
139763,0.0030310782127319588
139764,4.495055230934079e-07
139766,0.012783050640425644
139767,0.00194908717443652
139771,0.01306239113100789
139772,0.00011298677669471694
139773,0.02253800022146402
139776,0.10172624040769432
139778,0.11541458371495342
139779,0.04452974342959995
139780,0.06677657802293811
139784,0.006408297723840212
139786,0.00364692817232203
139787,0.014917554144551454
139788,0.00342687936908344
139791,0.007352397634921219
139792,0.1330552219630942
139793,0.003947490888916572
139796,0.028504647563003388
139801,0.02571941488500062
139803,0.00584690165586144
139807,0.3794361435216909
139809,0.10834012348868492
139810,0.02050971270439186
139812,0.009039178241489563
139813,0.31173073654628874
139815,0.004192350322655114
139816,0.008437327164006341
139819,0.002948917551429254
139821,0.00904665381647476
139823,0.006706516895721523
139825,0.10592686489591646
139826,0.018052224324887445
139829,0.1161209520543998
139830,0.043066099338428906
139832,0.01766185262115572
139837,0.08703567879180343
139839,0.03153870021312773
139840,0.04421474435020712
139842,0.020157952771906764
139843,0.032857619722395794
139844,0.003882958088100654
139846,0.005801041659624801
139850,0.004296969365286271
139851,0.006398588530212099
139853,0.0003132350721680787
139854,0.018052224324887445
139858,0.007239469502466882
139859,0.009071557619020083
139861,0.004993797290605983
139862,0.0038827062273182294
139863,0.005688582117764722
139864,0.028302406744594374
139865,0.0888133064881087
139866,0.0019359565200622166
139867,0.052400082090799244
139868,0.007722622658006715
139873,0.005251631108569955
139880,0.0343571356116456
139881,0.02183432414995858
139884,0.020607128085141698
139885,0.006644043156208206
139888,0.0028706511552185213
139889,0.009542109309840808
139894,0.06846655688836327
139901,0.12774948338559444
139904,0.013799914078144643
139905,0.004553222043334875
139906,0.016608717509093703
139911,0.013679937588369101
139913,0.12907212574092777
139914,0.023462498627104547
139915,0.008369693994164826
139916,0.01604859038082963
139920,0.0031007303157041585
139922,0.025692711181541553
139924,0.022780156529306404
139927,0.007403337869048754
139929,0.02349626035587316
139930,0.09457692968734434
139934,0.019339403236928728
139935,0.009340846156593629
139937,0.07925135412914369
139942,0.145697080825516
139945,0.004630337862843434
139946,0.14641612825206662
139947,0.00010927949221248539
139948,0.018052224324887445
139949,0.0049263550126709505
139950,0.008362126424871047
139951,0.036198388701803134
139952,0.12234315465331465
139954,0.004119929681799732
139957,0.0035456190873088037
139958,0.006402397927546182
139959,0.0033485440064696735
139960,0.008535745719933277
139961,0.007036885071017383
139962,0.0027239276680311123
139964,0.016291129213456462
139965,0.012573048003480166
139966,0.11899083659247833
139967,0.003929788009951146
139971,0.010911142677440722
139973,0.003852231368562933
139974,0.059071373389090236
139978,0.10436881222432182
139979,0.0012124403215995553
139980,0.13151102449372853
139982,0.00017300838281250532
139983,0.005199779470788507
139989,0.011086155443754995
139991,0.002532200978352684
139993,0.009555842900151684
139999,0.02644435216171388
140000,0.018052224324887445
140003,0.003612893551993781
140004,0.13116603075900377
140006,0.00572587790110827
140010,0.0010847414320694175
140013,0.019046523961445818
140015,0.007942220248695151
140022,0.003794056578632482
140023,0.00077938783573953
140024,0.018052224324887445
140026,0.004994734735845416
140028,0.06130434136702673
140029,0.004881293145854384
140031,0.002590185775258897
140034,0.055379739094381174
140035,0.02158630009309255
140037,0.13347133789602064
140040,0.028649007595187754
140041,0.00976713989037864
140042,0.005717634170953597
140045,0.057297365395075635
140051,0.10377727152781953
140053,0.005345576658710825
140054,0.009743715079027018
140055,0.015421107733142826
140058,0.004197085283060105
140059,0.011665401448398127
140060,0.08767443801239747
140065,0.023615302827513857
140069,0.006441292168886047
140072,0.00561592055038511
140073,0.005599365305787711
140076,0.027405058705194496
140082,0.003947450722052242
140083,0.00941304093409787
140085,0.025534144740948138
140088,0.0020909053473347557
140090,0.011598140554306876
140091,0.007579390548752251
140093,0.00885888114648109
140095,0.03787010952444248
140099,0.024665849995860762
140100,0.02571135904218548
140101,0.00031326760161606165
140103,0.006588718248210815
140105,0.03266080549551959
140106,0.024242044361005157
140108,0.0015758662939759514
140113,0.06408758162700466
140115,0.027054955333479153
140116,7.065285917865457e-06
140117,0.08972213567436345
140118,0.0031631026697361486
140120,1.4112472681349483e-06
140121,0.04200012555206439
140122,0.0015517324619167116
140123,0.005104189878390501
140124,0.010901386573803294
140125,0.02309811481225213
140127,0.017793587170700897
140128,0.0005269537087076972
140129,0.005058063465887807
140130,0.08079680285037336
140131,0.004008153763445298
140132,0.014565644998971776
140137,0.02527340153718053
140140,0.021553945699656615
140144,0.1432696320621227
140145,0.00620545803077194
140146,0.045120654837633424
140150,0.07580952669704247
140153,0.00012608749390387273
140154,0.018577110861514576
140155,0.0013584039102121047
140156,0.07075669349303923
140157,5.736679000910002e-08
140160,0.047167835856648715
140162,0.004343242099719521
140168,0.004686857826920479
140169,0.007230240469930408
140171,2.4376155165002566e-05
140173,0.0028174661404563512
140174,0.004481021854666103
140178,0.02714406748295622
140180,0.07442185068223546
140181,0.00016046696948645954
140183,0.0030365495410917174
140184,0.003597304631534062
140185,0.006141839141035357
140186,0.02762422272786744
140187,0.020273251912548043
140188,0.002001708271114986
140189,0.0010911624545556686
140190,0.000966342059648142
140192,0.006422885200342398
140193,0.003368082118927792
140194,0.023886179027354053
140196,0.0025613806081174664
140201,0.030059646132613846
140204,0.019340332136075788
140207,0.0003899339031845505
140209,0.018052224324887445
140210,0.004269656529571656
140212,0.005798579254242205
140214,0.008543082977014034
140216,0.004340949896562946
140217,0.12097211694111572
140219,0.007024097903406609
140220,0.05887616192888188
140221,0.024394911909636594
140223,0.09281975765060191
140225,0.0064079712284114635
140229,0.005913578150397296
140230,0.009226088879740288
140232,0.0022122872566974114
140233,0.004116870105579144
140234,0.005615206712060402
140235,0.009331608851123213
140237,0.11626441349017774
140242,0.009227515629775005
140254,0.039304484074288125
140256,0.01990170664871838
140259,0.0017322826655710461
140267,0.025513085050794092
140268,0.007112839108603932
140270,0.11269620983950147
140271,0.006859765658790719
140272,0.1466234420973426
140273,0.0074905827569483234
140274,0.0011607970114152267
140275,0.01441615455142305
140279,0.008908589387209651
140280,0.08693220770695603
140281,0.002647136600325031
140282,0.026056991114344334
140283,0.022113561941042574
140285,0.0051690411104888135
140287,0.03982589122276501
140288,0.0038490839102617975
140290,0.004205700753274737
140292,0.012353495521767593
140296,0.010445750539435252
140297,0.0031517773490341225
140298,0.01813302602022776
140299,0.04704852509363686
140301,0.02017677449578739
140303,0.015244860751626054
140305,0.0024146169180662954
140307,0.024482489988182067
140309,0.02849219125171652
140311,0.0030839578524920626
140313,0.01043190341656576
140314,0.025355552908132364
140316,0.004056116425152488
140319,0.03460874160824596
140321,0.01970572927568139
140323,0.06306063445844814
140329,1.4088946070040578e-08
140331,0.003036546104449166
140332,0.012551746036512225
140333,0.10658877940027761
140335,0.01599273372043391
140337,0.004703508722938965
140338,0.002994174428405382
140340,0.1033948127929465
140342,0.13606668694753069
140345,0.041400831793874646
140348,0.007061230545999194
140349,0.004934382266617411
140351,0.006655459623559339
140352,0.03212833116091294
140355,0.007414963681516788
140359,0.0023804600943285272
140363,0.1309561075249084
140364,0.018052224324887445
140365,0.0004805191125122321
140366,0.004027201419936578
140369,0.00719022348516315
140371,0.05710385493751954
140372,0.009313086889181029
140373,0.008018286695534746
140375,0.002615888625267375
140383,0.006923017454053908
140385,0.034051788103699195
140387,0.0015516484096627264
140390,0.017944465552893987
140391,0.005286715379282156
140393,0.12097599004774014
140395,0.0033626863099577597
140398,0.00019552759866238868
140399,0.0005668145974914258
140400,0.024020397685035548
140406,0.05093240390666473
140407,0.004946260891349588
140411,0.035255812728987264
140412,0.024648822977030894
140413,0.00217512161419892
140415,0.0035838721593284065
140416,0.0077388416687511315
140417,0.004104586555946209
140418,0.11613280240439915
140426,0.007590227963659032
140427,0.0040408435406860494
140430,0.003673427405092448
140437,0.004115180443227265
140439,0.19791467277249758
140440,0.004377858376732484
140442,0.02125692498548709
140443,0.004274734363696019
140444,0.026749541912567898
140445,0.003187135707500918
140446,5.257174140912656e-05
140447,0.025604810630302403
140450,0.07196206754337206
140451,0.03942118401130429
140452,0.055361049617442946
140453,0.006425925383539349
140455,0.0641500571074311
140457,0.0056946717908523395
140461,0.018052224324887445
140463,0.009518943995334685
140464,0.019731904128287722
140468,0.004904528220927519
140469,0.09972560219985512
140472,0.0017768008919410005
140474,0.05000716886643644
140475,0.05723673766255507
140476,0.014956726231337846
140477,0.0003673517093912511
140478,0.12417980392263123
140479,0.002780201441972603
140480,0.06260843245563882
140482,0.004094247574586266
140486,0.05337879950219894
140489,0.026598200050762324
140490,0.07969642090330152
140491,0.002637955343533655
140492,0.0024178999322849414
140497,0.09675853817996659
140499,0.00024913575990780735
140500,0.09819433264577303
140505,0.026023779436265566
140506,0.000404313143205963
140507,0.0030252170499766237
140509,0.023647404149387416
140510,0.02134206967350079
140512,0.017704584975354844
140513,0.004929311203421756
140515,0.061412137325020315
140518,0.006837959877762217
140519,0.00854356514188889
140520,0.0037682409331803914
140521,0.04964965980585527
140522,0.009542193869023146
140523,0.001388061448162763
140524,0.006572959463258056
140528,0.0034797365514580196
140529,0.0029672045357067444
140530,0.006371710178425063
140531,0.11815301760717349
140532,0.01928425908058829
140533,0.008754340684062181
140534,0.006191934649641947
140537,0.04335817296461585
140538,0.004046469610163166
140540,0.016874978063761654
140544,0.0032030006202350856
140545,1.6490299408540078e-05
140546,0.15140498857500148
140547,0.08956052272335265
140548,0.004252623556723567
140549,0.06531323618074093
140553,0.0037648853581974053
140554,0.0020962782922514527
140555,0.016058628745739715
140557,0.00034817412711816027
140564,0.006831774218934698
140565,0.004930398264500844
140566,0.00754697723336789
140567,0.026382853506069337
140571,0.04969708227045705
140572,0.006433566798340856
140574,0.02408985150791424
140575,0.010376621119455837
140579,0.07148306532332066
140580,0.002588574820883219
140581,0.003999066381458264
140582,0.0056352157001021376
140583,0.026357261712807924
140586,0.0023006045711055946
140589,0.04574086177671161
140590,0.13151167077096645
140591,0.013946121510199598
140592,0.0030631350571354242
140593,0.0035822931903507337
140594,0.024057058924291157
140596,0.011081547780508077
140597,0.0020435712431351796
140598,0.0008325329888442055
140599,0.03016863345496117
140603,0.005699939181898997
140604,0.012944635818595476
140607,0.14644080994431083
140609,0.0008207305472869294
140611,0.001953543229857592
140612,0.10490313470161726
140614,0.00308593944854515
140616,0.015186794591611437
140619,0.0038861654106347302
140621,0.007698085224788283
140622,0.005780498973871126
140626,0.008626183424638239
140628,0.004603411307893322
140629,0.018497936675012948
140630,0.00457469021551315
140631,0.017909099065729503
140632,0.01488214506246993
140633,0.003562626356749404
140638,0.13792358427742588
140642,0.12856174454322486
140644,0.013385477758942587
140645,0.0027790039998674917
140646,0.034022291588916204
140647,0.0023006045711055946
140648,0.021711919256232753
140651,0.003977993544919796
140652,0.03374312611380123
140653,0.019942244638873945
140654,0.03203390921806568
140656,0.0017778417272670585
140659,0.016940847339468674
140661,0.007405153435650367
140663,0.018302426007349406
140666,0.004856789007368784
140667,0.05504308535993667
140669,0.03938273733316222
140670,0.012948396475058821
140671,0.0036276314397778826
140672,0.006158503056545331
140673,0.003276615428121578
140674,0.018052224324887445
140675,0.04371682796357771
140676,0.12317120323386636
140678,0.023202248401773103
140679,0.02029148937170964
140682,0.12822425367368373
140683,0.029658975716183658
140684,0.023062905235122902
140685,0.1194504849004303
140689,0.16445567759950205
140694,0.13593048428896493
140695,0.15658300287146532
140696,0.09251834284640911
140703,0.0028205938527212765
140705,0.016679013638466657
140706,0.0678980598348785
140710,0.004959977906488171
140711,0.004835660764331524
140712,0.0029092156987379878
140713,0.00354436174470033
140715,0.017757615193095405
140716,0.013747487289969804
140717,0.024051331428905195
140719,0.0038191359582072423
140723,0.004427024048827294
140725,0.3192878827900964
140726,0.04808956034091799
140727,0.12878087584898668
140730,0.01271018592830256
140734,0.005296574862049326
140735,0.02330228451404469
140736,0.0008257343320573269
140737,0.012283849984622976
140740,0.16333062082458705
140743,0.035886743290437166
140745,0.0036906584039915367
140747,0.12406481695607564
140750,0.011630815514044488
140756,0.001963704123038901
140765,0.04331843020004441
140767,0.006973731438103498
140768,0.004575505008319227
140769,0.029373654122235044
140770,0.0043739718142914285
140773,0.021849890610116565
140774,0.004390881218231131
140776,0.007724992393419944
140778,0.025561161267257486
140779,0.0006237770222687712
140784,0.0018677216858790202
140785,0.03136996611612037
140786,0.007717559687085108
140788,0.029221648945404813
140793,0.10956414900296367
140796,0.004489904047597543
140797,0.05599865267393085
140798,0.09143511344377266
140799,0.0028849008427524517
140805,0.0656191059160019
140806,0.003333873974352422
140807,0.003802738013855875
140808,0.004532515667126983
140810,0.014686346811416107
140811,0.003770690432867624
140813,0.011294171444575658
140814,0.01747746523846908
140815,0.06305885238552822
140817,0.007974434494128553
140821,0.003387630336886106
140822,0.12663348331004634
140825,0.0028285663825690236
140826,0.06766048663955619
140827,0.005202594267654102
140828,0.0033632431147758084
140829,0.0007799572374106559
140831,0.0017709325924704
140832,0.011860685631387027
140833,0.0011101040137308314
140835,0.007530444806618256
140837,0.013621237168640485
140839,0.08683357817312498
140841,0.003408970958928327
140843,0.01583727989102773
140844,0.0029671145187747075
140845,0.004925902033627463
140846,0.004882227671719575
140849,0.0006972226029469416
140850,0.011513753763944605
140852,0.00204314653185834
140853,0.005635526808443331
140856,0.005182306558722994
140859,0.004635837603953253
140860,0.004551216386922969
140861,0.09395313914827211
140863,0.0627236103439897
140864,0.024482489988182067
140867,0.007464172772641377
140868,0.0028809381526979827
140872,0.004949798871382648
140874,0.001963764192632316
140875,0.004677215549788484
140883,1.1529155106455394e-09
140885,0.0042377457716473044
140892,0.031494230896173835
140893,0.10303862830587882
140894,0.0039035352192647605
140897,0.004101342355945274
140898,0.01023137800017515
140899,0.018504857651389265
140900,0.09528874585300176
140904,0.10266810738109945
140906,6.119404224226527e-05
140911,0.006165399985476374
140912,0.029132747405385823
140914,0.030059646132613846
140916,0.022533648522191713
140917,0.003070341776321858
140918,0.03290696462997316
140920,0.12333144576817405
140922,0.030400179486851225
140925,0.011133327467673742
140931,0.01740248329475273
140935,0.03221929727325966
140936,0.037271669040773496
140940,0.012864778694141859
140942,0.0036768927292453128
140944,0.004154407341364405
140947,0.10976054069729177
140948,0.002959601418978877
140949,0.022642646410947334
140953,0.02416331075225093
140957,0.003227974534906033
140961,0.010818433519194834
140962,4.407734388970509e-05
140970,0.029423452585230766
140973,0.001509208334581722
140974,0.0030365724005506846
140975,0.007932472596214473
140977,0.005910507293495995
140978,0.006885824820425871
140980,0.02100563184619806
140986,3.474337565624997e-05
140989,0.08184677035415128
140990,0.0074256510597742655
140992,0.03307362488654048
140993,0.025982430816796694
140994,0.010597501016844488
140997,0.10072161147018682
140998,0.0022654389147451844
141001,0.002264011655229223
141003,0.0034390381160210913
141004,0.004941919644087724
141006,0.02254600909468519
141007,0.01018250575244628
141008,0.11523590612115774
141010,0.024670986813387735
141011,0.014063430978596808
141014,0.01651786453454082
141017,0.04428678576999036
141020,0.005199489452814647
141023,0.06711453955999758
141024,0.003823635572054347
141026,0.002451630267295666
141030,0.01336948378432857
141035,0.018964727765579687
141040,0.10941769240018046
141041,0.10944450158146805
141044,0.037432527822886474
141045,0.004239252411234571
141046,0.00478447806864635
141047,0.018052224324887445
141048,0.03174604909308122
141050,0.003555271494323982
141052,0.00623573751755537
141055,0.02923596029820765
141057,0.13685985241280837
141060,0.10362676884423554
141062,0.025760713171143895
141064,0.015668938610599974
141066,0.004441414456605054
141067,0.009988409763640875
141068,0.021451338318599824
141071,0.00703392707228944
141072,0.007165535974431329
141073,0.003908397005550543
141074,0.014478573115597757
141076,0.09412262085315691
141078,0.0027520741028779537
141079,0.026665274292483634
141081,0.1348608084687236
141082,0.03461890701744302
141086,0.001543408338568465
141087,0.02034225930341351
141090,0.016653992338384736
141091,0.02312809315667992
141092,0.017401624386023305
141093,0.0030308363238865815
141096,0.004499964592278033
141098,0.015398547396932725
141100,0.018052224324887445
141102,0.013997123073054788
141103,0.00334817898220741
141105,0.14818887442471884
141107,0.00674185312332197
141108,0.003462265757972438
141111,0.010360852971010852
141112,0.003288723899924782
141113,0.006270030711402215
141114,0.007188260015059009
141115,0.003912615833661649
141116,0.20767797719978762
141117,0.0017440811350724623
141119,0.003462333077080764
141123,2.4785330902668385e-05
141125,0.00013161524727262216
141126,0.03409588609097219
141128,0.10902030043213579
141129,0.0029906697313377877
141130,0.014343179147405155
141131,0.018728232161677412
141133,0.01959674316299331
141134,0.0049659591783715595
141136,0.02510345865000668
141138,0.003997397920441573
141140,0.0027329933837162805
141144,0.014633918561784821
141147,0.0014600429176495856
141148,0.00346223232630371
141151,0.07677229511672035
141153,0.006514427813426544
141154,0.058539920663099036
141155,0.046918063049048726
141156,0.002388318496422945
141159,0.024482489988182067
141160,0.0021203503278021895
141161,0.008600245584301978
141162,0.003878632623937604
141166,0.018052224324887445
141168,0.007960616352061698
141170,0.13870922790921209
141172,0.005920413892683085
141178,0.019213151567604336
141179,0.0407192482619449
141180,0.03740866200872514
141181,0.02725590281297027
141189,0.009234347111173564
141190,0.07727587418536698
141191,0.0015885880613429073
141192,0.03834725384949471
141193,0.001954427260237747
141194,0.005765781523330993
141197,0.05934598568353854
141198,0.019106170474748545
141200,0.08008123405954916
141201,0.03560447601433364
141202,0.002405783793017864
141204,0.02966881490273351
141207,0.0037936234782574288
141208,0.003625903239143973
141215,0.023209333659746426
141216,0.03194002738971636
141219,0.03006966043921193
141222,0.059970067243835426
141223,0.08660999779104003
141225,0.020258462831929083
141227,0.005986497713233277
141228,0.0057188956356324285
141229,0.0030654222772135654
141230,0.001318574323339629
141231,0.08469939730196611
141233,0.035798790910592106
141234,0.0034096282285037333
141236,0.0001581567597295135
141241,0.019570486211534042
141242,0.0032981005335126694
141245,0.0793800361528653
141246,0.12250801798144567
141249,0.14772503273148127
141253,0.020317498343797223
141255,0.003528919022654045
141256,0.004990078870578875
141257,0.016745450084864364
141259,0.0046176636386538565
141260,0.017218908412257306
141263,0.018052224324887445
141264,0.004923200279736489
141267,0.00014320293786848265
141269,0.006401292048257379
141270,2.4436567924622624e-08
141272,0.08746600881689819
141273,0.01749274858056048
141274,0.004879151994789226
141278,0.0017355329562502475
141280,0.0042469928359390235
141281,0.020607128085141698
141284,0.0014358017108786743
141285,0.009246864755108797
141290,0.044873557428519284
141291,0.003342006823879193
141292,0.011524415850538969
141293,0.013270400275941589
141296,0.003036524963495455
141298,0.05679607801489027
141301,0.005729568533572074
141302,0.0506592109757214
141304,0.00250632968587266
141306,0.0036761272451158685
141307,0.12614250998650986
141308,0.0001524182298839069
141309,0.06688236651385772
141310,0.041754908430636
141311,0.00623628518851136
141313,0.0011919365885045322
141314,0.00894412106472194
141318,0.002637432034374111
141320,0.0056367685087954774
141323,0.08120665299991815
141324,0.11424605174970669
141325,0.026319214320395266
141326,0.023462498627104547
141328,0.0058125324775576736
141330,0.021317037250081345
141331,0.003708725525362472
141335,0.0012585199434320372
141338,0.0039085800200314115
141342,0.01056991576506745
141345,0.004929311203421756
141346,0.0038500663079723664
141347,0.0030365495410917174
141348,0.02210454337337406
141351,0.007945562005263907
141353,0.001955022558054697
141354,0.021378390607981985
141355,0.007524136389522155
141356,0.0035143175556141214
141358,0.003342017634587878
141359,0.022974798880357482
141360,0.04423070549869048
141364,0.0029160992114862054
141367,0.13633783077961353
141369,0.0032683192913935725
141370,0.008429296750963891
141371,0.009061980679247097
141374,0.005692326911797506
141375,0.008056196639721664
141378,0.002040937906460099
141383,0.01839782874707639
141384,0.004004872525709471
141386,0.08258879531958467
141389,0.2587035768489188
141390,0.07196116173925289
141391,0.10533436873389712
141393,0.003584584079641366
141396,0.0031131215216865784
141398,0.11617044249441283
141406,0.00748937946394206
141407,0.003534934078614088
141409,0.007968325325405088
141411,0.011938487240534956
141413,0.016777702375171347
141414,0.1396011788537798
141415,0.001480643866168196
141418,0.12054992809888987
141421,0.030341788819390012
141422,0.04132105874928499
141424,4.206272880771888e-05
141427,0.004259078091286013
141431,0.0056354990334580145
141433,0.008128389886140907
141434,0.018740069538486368
141435,0.018600370309860396
141436,0.0024475017451799736
141437,0.002656856084759452
141441,0.007333341077580968
141442,0.0011091864059519195
141449,0.015090197883969978
141451,0.046772301626773094
141453,0.002810584366160744
141454,0.011478146361962352
141455,0.0030165102672048906
141456,0.01927549501481883
141457,0.003265087104267428
141458,0.002942349735340065
141459,0.0394120476000444
141460,0.03595166717985534
141463,0.03823540581137884
141466,0.022053771752782236
141468,0.0076354983575032025
141470,0.010832909176682452
141472,0.011170509718481957
141473,0.02512564978610117
141475,0.004106936983462667
141476,0.03956039213472439
141477,0.0032342505656801695
141478,0.005598223050793725
141480,0.0035948912597964042
141484,0.003819573229730533
141488,0.006719931291244014
141492,0.020540634462230818
141493,0.0038335301414573228
141494,0.0035340971434465076
141495,0.006542928454162435
141496,0.006255677139606649
141497,0.0006337954052480878
141501,0.0021402059899955626
141504,0.020647562420085322
141507,0.0023340872162984343
141508,0.008525604504276287
141509,0.007116278535262986
141511,0.0030840195806851388
141514,0.014463669737511828
141515,0.006942836332820318
141516,0.018052224324887445
141517,0.00417268395826794
141523,0.0023104681250146544
141524,0.010281568286810991
141525,0.1294655897257845
141529,0.010636611052000493
141532,0.0025348920696949802
141533,0.0036909436290090743
141534,0.09971623581250327
141536,0.004111001390534718
141537,0.017193560878668242
141538,0.027825043255515155
141540,0.07256299474430478
141542,0.0058467508484422665
141547,0.0009525411636796848
141548,0.015955957381242166
141550,0.005151036627977738
141554,0.0035900039064917693
141559,0.09143646445797854
141562,0.03633949742840266
141566,0.02092430832429616
141570,0.003897544079946313
141571,0.02321708079282863
141572,0.00431760722641971
141574,0.005393808855818331
141575,0.005015195806331972
141579,0.03179024442999421
141580,0.018052224324887445
141590,0.002212168109656774
141595,0.036545287929609704
141597,0.0032521323974928256
141599,0.010805464653892845
141601,2.5138830084379617e-07
141602,0.025196000317588427
141606,0.07878592392405932
141609,0.0009660228830384406
141615,0.006703592646695038
141616,0.006998627966390373
141619,0.002945645933230075
141622,0.01185456610950527
141624,0.0038611294604663964
141628,0.06155442537900899
141629,0.004064664353589347
141636,0.018052224324887445
141638,0.0025620402663906684
141640,0.026735726364414937
141645,0.0015056481824765522
141646,0.007331029033536
141647,0.008727504820883969
141652,0.030813970954366207
141654,0.00548328403591812
141655,0.11301169013452173
141656,0.009836805269430624
141658,0.004837640984684718
141659,0.02521474729303391
141660,0.12537284646246766
141661,0.0028127321977246987
141666,0.038195808343455255
141667,0.002986311351637136
141668,0.004366912315320379
141669,0.007312326580216675
141671,0.014224801764053167
141672,0.15849819011050847
141673,0.0024361244455657445
141674,0.006493418868938801
141675,0.018492945629228794
141676,0.024752380036156846
141677,0.03313611118494374
141679,0.018042599907549986
141680,0.014045788129207147
141681,0.14885721496745175
141683,0.006881652829575229
141684,0.008079189138819626
141687,0.024482489988182067
141691,0.007178676830757829
141693,0.023132410419916705
141696,0.0002952686195423745
141699,0.003288045609149554
141703,0.004785786941132071
141707,0.0005488000877765443
141708,0.014540628901876788
141709,0.004362637380526759
141710,0.004897767529914606
141711,0.004329444411473296
141712,0.02270921126796115
141714,0.02367779746403921
141715,0.003753325623235396
141716,0.009604634349538572
141719,0.023745385231643806
141722,0.02831796746516625
141723,0.16482133177572092
141725,0.0023034742423391503
141726,0.0030364840012757285
141729,0.030319492689169777
141730,0.01804011437377028
141731,0.116953991376271
141733,0.1595927440225179
141735,0.0013957227701250786
141736,0.03757869131873831
141738,0.018052224324887445
141741,0.009412436472448474
141742,0.008782581838926783
141747,0.0037050177079461545
141753,0.003107284635786492
141754,0.04537647857154161
141755,0.009453783005133602
141758,4.6244375972778676e-10
141759,0.2602551971262494
141761,0.004082716680638101
141766,0.019148551029772067
141768,0.005625479376489173
141769,0.0023433499900309455
141771,0.036343784273325956
141775,4.758638041146177e-07
141776,0.12004284340364489
141777,0.09723121537884301
141779,0.0027954078249988255
141783,0.07868170113223884
141784,0.007418485034273764
141786,0.00025714508472383924
141788,0.07563321794202749
141789,0.007579529160312148
141790,0.00013321635587174358
141792,0.028960065124402416
141796,0.04737725825166429
141797,0.0029863238347267594
141798,0.0017984555949040956
141801,0.01826464008381722
141803,0.025202282762356622
141805,0.00801857485606497
141806,0.09065089956032292
141807,0.004878322614497585
141808,0.004823368452850309
141811,0.002446976600102249
141812,0.009879248608920484
141815,0.03703295819412307
141817,0.01551684990527264
141818,0.005500980116775947
141819,0.004466038341677975
141820,7.684521414422814e-08
141821,0.006579563688924111
141823,0.0029617777413951676
141825,0.028746487297995997
141832,0.02815951735750485
141835,0.02684553920874768
141836,0.0062441005474788
141838,0.0622119635902778
141842,0.002787278571820069
141843,0.0022784484549610504
141845,0.009418597626827039
141848,0.08080967112582793
141851,0.0022226242941517423
141852,0.01196645916955816
141855,0.008779275548768653
141857,0.003947403890834815
141858,0.03361480825338526
141860,0.031420250460155265
141863,0.0935402293885377
141866,0.0043550845409121115
141867,0.21084007808205465
141868,0.010768792923096706
141871,0.004081572696233707
141875,0.14114056943464165
141876,0.03348607174262099
141882,0.00320424903109873
141883,0.0610356956448638
141886,0.003966911374584768
141890,0.0017565730700868903
141891,0.11039788613997802
141892,0.028812094207322066
141894,0.0033950750363773876
141895,0.038793760969067934
141898,0.005599611921528389
141903,0.003231093589053096
141905,5.265298812219689e-06
141906,0.011805232495892243
141907,0.022305604108217025
141912,0.021431527774145264
141913,0.09349909746370874
141914,0.005066691734175921
141915,0.00018344476568019498
141917,0.0013336357099100705
141922,0.0008573721979420048
141923,0.07830505131637178
141925,0.005827730486128815
141931,0.00424285411885066
141933,0.008280235954252556
141934,0.027581197246732376
141936,0.10823104128314405
141938,0.04416900646538604
141939,0.002691316130180809
141941,0.001383488981148216
141942,0.0049186150302076796
141944,0.009824712264561617
141947,0.003153614240024434
141950,0.0028638518309575373
141955,1.8552738193109573e-05
141956,0.0053450885202797555
141957,0.009752647580167143
141959,0.0825924056371227
141962,0.03497856941504715
141963,0.002002305210066311
141966,0.023028515912424087
141967,0.00516677135982149
141969,0.012502415457606397
141970,0.002629960068376378
141972,0.029753576830056448
141975,0.1123551859614639
141976,0.04950834084749487
141977,0.04729866268097462
141978,0.00362151235134026
141980,0.023757323419661403
141981,0.007148481811577535
141983,0.004211172012573252
141986,0.006203569491843384
141991,0.051251637739246084
142001,0.005056784257393419
142003,0.02822935484242074
142006,0.04435155341604186
142007,0.015662549106386245
142008,0.0012107799310587207
142009,0.002131580951694141
142010,0.0454892919791578
142011,0.030380429628121715
142012,0.09085916281042923
142014,0.020063385021617607
142016,0.006486193217625611
142020,0.07962038674329873
142021,0.005605299345109119
142024,0.02017086985523273
142027,0.045576571597390696
142029,0.00310040083876477
142030,0.018288107451190784
142031,0.0045000249607290085
142033,0.02483491652705193
142034,0.0009503681655331058
142035,0.018274849528804493
142036,0.004826627348577062
142039,0.022414110462939944
142041,0.024482489988182067
142045,0.0395153515712558
142047,0.00012324364056550427
142051,0.0038730496777827036
142052,0.005924075825652337
142053,0.0022628711918619153
142054,0.02269707349768667
142056,0.0033393931091232126
142058,0.012229675370205893
142059,0.020744052310640394
142063,0.00509340131297109
142064,0.00584690165586144
142068,1.3107526782773656e-14
142071,0.002527808572615257
142074,0.012192234435762221
142078,0.015580839552960952
142079,0.022898551574082642
142084,0.039827536783811596
142085,0.01989584347943358
142087,0.10907256310053613
142094,0.0017539750661842595
142095,0.05847888063995633
142097,0.020167893080909872
142101,0.01037516163375538
142102,0.001994361833263803
142103,0.00733082129720821
142106,0.014577816769823709
142108,9.95792776597068e-07
142109,0.0011158833374454215
142114,0.0610377072008499
142116,0.0033029064289055027
142117,0.0013087188005626528
142118,0.004063034095157816
142121,0.1374802378565769
142125,0.016064629003806962
142130,0.004427047401744461
142131,0.11408147782426566
142133,0.005303321415629742
142134,0.006161886849852923
142135,2.109467589204304e-05
142136,0.049388689818110176
142138,0.01842008852555232
142139,0.008712622116312099
142144,0.019095157287499945
142145,0.00950387486379623
142146,0.0031336460300327618
142147,0.006834382021766282
142148,0.0017937055006112784
142149,0.1384377157408525
142150,0.027457813761559854
142151,0.002176621847131288
142152,0.007007435708923764
142154,0.03175663336030249
142155,0.11032156438169793
142156,0.004207421581767974
142157,0.00853947893194312
142158,0.0032891251178564164
142159,0.006040230684914975
142162,0.09671597798635724
142165,0.008358077584987793
142167,0.006646945135619323
142170,0.05223091041202505
142173,0.038917139256570456
142175,0.006527000559018117
142178,0.060111434848259857
142179,0.031299847615609916
142180,0.0025951691507302534
142182,0.010361416329967026
142183,2.667412560999095e-06
142185,0.002273140338664703
142188,0.09676682192489743
142189,0.037103982021594144
142192,7.757877996240966e-05
142193,0.00971891085440615
142194,0.0024367995400750614
142195,1.6941411553414925e-06
142198,0.06659633874778838
142199,0.0034624844361372926
142200,0.00067983201631958
142201,5.198988838810689e-05
142203,0.12490099689566879
142204,0.0009686005088601844
142205,0.002273140338664703
142208,0.024783218986085816
142209,0.028081465261109658
142210,0.07049988284908774
142211,0.00917256453134798
142214,0.00016956001983825186
142216,0.021971900927250144
142217,0.0034362311868588943
142219,0.00619581504906664
142221,0.0024141187667324963
142226,0.021844266402966078
142228,0.03873216818264368
142231,0.005797366478855048
142232,0.023012517030227973
142238,0.1357515783731459
142243,0.021211842503227437
142246,0.01924587015814039
142247,0.0038827062273182294
142251,0.018894286580177708
142252,0.10043822843096284
142253,0.010269235717984918
142255,0.010268610027721684
142257,0.1302531319786064
142258,0.02874949998018655
142259,0.003529735763029981
142260,0.01659954718126553
142261,0.12220868270695467
142262,0.0062430374245931565
142263,0.09360485795901191
142267,0.0017001266489911665
142271,0.004316871652819323
142274,0.030289784857354753
142275,0.012771456835300543
142276,0.000781111265636275
142277,0.13920878017068192
142278,0.008258612649965032
142281,0.01568119526515573
142285,0.006183824516315961
142286,0.0033236856607364884
142289,0.02283534846608646
142290,0.11088304728589607
142291,0.03955333512472745
142292,0.018567555914298723
142295,0.0028702055130038068
142302,0.008590578828533976
142303,0.014565348289105481
142304,0.0037962397325754776
142307,0.1483530096461343
142310,0.02628217715709463
142311,0.008552912005114679
142312,0.020012393631194614
142314,0.0034203026025415397
142316,0.11056094409430339
142320,0.0227112620901135
142323,0.024246063774438515
142324,0.0024325805060177678
142326,0.03666083934524385
142327,0.003317825078843093
142329,0.0030365379119042875
142330,0.047608327068390945
142331,0.024002887516546043
142332,0.0038614913497527137
142334,0.0035603566089408884
142335,0.008327422520794915
142336,0.02323758065886313
142337,9.989294513631856e-05
142338,0.003462368468166183
142343,0.002180355637555139
142346,0.0007782208590945841
142347,0.0019945692419323716
142350,0.0005382721030972623
142351,0.0041938911562866225
142352,0.003987689056494534
142353,0.1325236206059584
142355,0.13760224963456258
142357,0.004713383466482008
142359,0.12028239618541313
142360,0.05602668328271904
142361,0.0017666111192126376
142362,0.09949686180172478
142363,0.016186606844868414
142365,0.00031355192914664614
142367,0.00253069047667534
142369,0.008814795358087855
142370,0.0037732140745438854
142376,0.08287714088433606
142379,0.06761975639322061
142380,0.004344438673225052
142381,0.015231686583443687
142386,0.003947319116199511
142389,0.1533816296427254
142394,0.004404280349049205
142400,0.08822610704751943
142401,0.008105967772258369
142404,0.00338812423480678
142405,0.007579544484641947
142406,0.10405451311343797
142407,0.0008861631134015324
142408,0.015139471583508004
142409,0.00228176601277265
142410,0.012642498437092201
142411,0.0007900047333312911
142414,0.013878396415599533
142417,8.101475649185072e-05
142418,0.03186125914677292
142420,0.02429397815384835
142422,0.03150123982716815
142424,0.017415543306103162
142426,0.00514359585530945
142430,0.00488441160227281
142432,0.1313634345787367
142435,0.004304920667872506
142438,0.004048076474650365
142441,0.0079429544445555
142444,0.0021576799378136015
142445,0.0057023532172519285
142446,0.06480052838768337
142447,0.006257544120597857
142450,0.028496906440855962
142453,0.03256980568582059
142454,0.09807648227464635
142455,0.10389464219077926
142456,0.010325897397204811
142459,0.009443242667072449
142461,0.005085514972438582
142464,0.004922830428547079
142466,0.1294470872434769
142468,0.01890136287724864
142470,0.1541242862085595
142472,0.004898304801669955
142473,0.06252363336407163
142474,0.01914668727521712
142475,0.03010549452602542
142476,0.042685794061087114
142477,0.02345962946553689
142478,0.0035608673368717264
142479,0.00909005114126464
142480,0.004475199644457097
142481,0.0034623124440477395
142484,0.012060463206586342
142485,0.01154359486052223
142487,0.0035205237122787883
142493,0.0030365724005506846
142494,0.13292239332934733
142497,0.003755829886087031
142498,0.014384188532619021
142501,0.0035181113397632206
142502,0.0066976589652258944
142503,0.15150313870383045
142507,0.09489406631733775
142508,0.008339426712186364
142511,2.04025639049799e-05
142514,0.024482489988182067
142515,0.010432308499570669
142516,3.2283690923925805e-53
142518,0.021424330869802125
142519,0.024474846726118358
142523,0.0035422430414896134
142524,0.0016488587705315546
142530,0.02170524675240494
142537,0.005802032174028711
142538,0.05508975767923864
142539,0.002899544290988348
142540,0.019190662776807716
142541,0.0008322973434013456
142544,0.00022716596330237763
142546,0.0023561660156505046
142552,0.01499132548053726
142553,0.00662734937536042
142554,0.09280924234888788
142561,0.013396627236338702
142574,0.0024848834981717966
142575,0.13875871975444712
142576,0.01861220716486855
142578,0.019091999355885483
142579,0.0016052576262261377
142580,0.0026947381003570234
142581,0.02434616228732891
142587,0.008860482269571198
142588,0.09382400337909486
142591,0.018379102120603532
142596,0.03195477937318392
142598,0.003177747046692662
142599,0.09820044916550408
142600,0.03114423101657257
142601,0.09088049756935844
142603,0.003205715446813958
142604,0.004630216860653473
142606,0.02002522500303369
142607,0.026464457757479496
142608,0.11190835597292437
142610,0.003235680409385387
142611,0.01885218992388396
142612,0.0036220169496893363
142614,0.054023245119573036
142615,0.17828964672978231
142619,0.005328102569386544
142620,0.003823672581047082
142621,0.018052224324887445
142624,0.007271356774508491
142626,0.00015773777459181807
142628,0.0005418970707928284
142629,0.14799000245394786
142631,0.06442184149858705
142633,0.0034624003974934804
142635,0.007294248525751109
142636,0.10422203786835468
142637,0.06638077688058878
142640,0.00673046088336522
142641,0.0043678089405656505
142642,0.024900836158621174
142646,0.0039472471613775486
142647,0.004724797428576629
142650,0.12391410799777307
142652,0.003817357323115853
142653,0.00452686364360358
142654,0.0025011808584398856
142655,0.03157479654636268
142656,0.005816155344702878
142657,0.005330175719030785
142659,0.004500000813251875
142660,0.13419245895092582
142663,0.006352043042129109
142664,0.025144251106065222
142665,0.13915750297172852
142666,0.02064722291533888
142667,0.019908711924731353
142668,0.10211480020820626
142670,0.031276450384755065
142674,0.01806195488839056
142676,0.048130311734842536
142677,0.003980031141103972
142678,0.08232286971929736
142679,0.14606023891215805
142680,0.00272826291522187
142683,0.14616093154410326
142688,0.015267891199282357
142690,0.030310596896323334
142691,0.05401834918553998
142692,0.040011994719756416
142693,0.12458340895158779
142694,0.0016338737906545888
142696,0.0042857336621206586
142697,0.006825671510108891
142699,0.041106914581731595
142700,0.01053446637797308
142701,0.026315715540443433
142705,0.004348768168170977
142706,0.03946877461165669
142709,0.022114164554719148
142710,0.0972976675429906
142714,0.0038211708626653866
142716,0.010879480015937389
142717,0.0062215591851718715
142718,0.004512888784201481
142719,0.018052224324887445
142721,0.017676696028890087
142722,0.013244537270412724
142723,0.03525777313045909
142726,0.04435155341604186
142727,0.08227205020876806
142728,0.07412276758906398
142729,0.004061781425503924
142730,0.001719360920633672
142731,0.008936206509490795
142732,7.3002991904807116e-06
142733,5.4718774848536035e-05
142734,0.002997966813047411
142737,0.014470132920759172
142738,0.005562266722933708
142743,0.00815905984581157
142744,0.0015121422420455407
142745,0.0036811755603349565
142747,0.0034860015224921913
142752,0.028578059220205725
142753,0.0022548108988631123
142754,0.0032703306886226187
142755,0.018052224324887445
142756,0.025573920122716517
142757,0.0017073031621944175
142758,0.06523958933913115
142759,0.015851499186006777
142767,2.995321706010315e-05
142773,0.02215719746808772
142776,0.01319399550286473
142779,0.0009334286095682836
142780,0.004936723919289114
142782,0.023757250254327806
142783,0.08600193766622005
142785,0.0021624036083954133
142788,0.0537842620879905
142789,0.004086668043758375
142791,0.003989600254735256
142796,0.003977908854015518
142797,0.04439977441728698
142798,0.020102206655610674
142800,0.0037068583197276124
142801,0.030310991798554645
142808,0.004403792733552063
142809,0.0029870132406929727
142810,0.00399524021102063
142811,0.043166232303285194
142813,0.003036524963495455
142814,0.0002487226477930435
142815,0.022307005702272217
142816,0.003760669222088512
142818,0.04123017768744846
142819,0.0067285081984285195
142821,3.7720849000309837e-06
142822,0.09403346340336939
142823,0.01184270815912653
142824,0.01754082471247699
142825,0.0043062213222239765
142831,0.015697063163994128
142832,0.017751135926218388
142834,0.0029459032128752536
142837,0.0037489364061170324
142838,0.0072308304636868785
142839,0.003955535142699499
142840,0.0057881906445659504
142847,0.020466319577761356
142850,5.476531221460018e-06
142853,0.005506559388638117
142854,0.004279561129599685
142857,0.08221436799996279
142858,0.02554148371337437
142862,0.06569893403011734
142863,0.1345819173108841
142864,0.024785044093263143
142866,0.009696596269713267
142869,0.00717327065924177
142870,0.03662775100380555
142872,0.008509422814559988
142873,0.0163833793655615
142885,0.01830304017778565
142886,0.005819494670099837
142887,0.005110661225217364
142888,0.009044078246097011
142889,0.0015258170523325932
142890,0.012636348062626823
142893,0.17825593157306618
142896,0.012585669272857628
142897,0.01360344278198405
142899,0.005129333274332838
142901,0.22750126706700954
142902,0.008810976947342092
142910,0.00462895550849372
142911,0.00029207354021881056
142912,0.005850490565423674
142913,0.0013511000938350854
142914,0.01866606687657654
142918,0.007932923031732476
142924,0.004677777036504647
142926,0.002441252408516093
142928,0.013710190001514655
142931,0.012738419047026437
142932,0.006379648155558622
142933,0.003911735983853045
142938,0.0030048274040903027
142942,0.005071824707924965
142944,0.037638053885919884
142947,0.005608250526770168
142949,0.0012134869669763427
142954,0.0028863372175971657
142957,0.0006422158537202792
142958,0.005540986034800809
142960,0.027959313148769174
142961,0.012168993706015771
142966,0.005223107057500052
142968,0.02523379673455924
142969,0.14333833472399427
142972,0.004591206228972196
142974,0.034122735438337735
142975,0.03473518479312329
142979,0.004024236228312162
142980,0.004333958457857402
142981,0.0030861471662450212
142982,6.087045522799258e-05
142984,0.023439923170323052
142985,0.006188298500399535
142990,0.016309397143719467
142992,0.029126820447665628
142993,0.006520276961715532
142995,0.005532970496834489
142996,0.06491204762500088
143001,0.0037583693665455232
143004,0.0051204329616118816
143005,0.03923157251461369
143007,0.00370530608405822
143010,0.04022968851902176
143011,0.0032460185025312703
143014,0.06399843387840963
143016,0.0187525347578863
143017,0.000295618523422039
143019,0.0008964165185067748
143023,0.08882105563862891
143030,0.002994109723193681
143031,0.003844003226067722
143033,0.002886175235529846
143034,0.014420449367123984
143037,0.019095405720289733
143041,0.029660598637810422
143043,0.01737487911353805
143044,0.05742260150406027
143045,0.0034317930967020785
143047,0.007158149230191799
143049,0.018914976679887906
143050,0.017840947248719624
143051,0.04191078155312947
143052,0.01151482933714374
143054,0.019591087202350477
143057,0.017796989069511097
143059,0.0028418052021060517
143061,0.026136443691403704
143063,0.0393455174493897
143069,0.10204777245362236
143070,0.10739869926364112
143073,0.003432026187297472
143077,0.02110897511653573
143079,0.004485680352958902
143080,0.0008007479242693292
143081,0.0029906272255760535
143083,0.016463238115128346
143084,0.08073453983203138
143085,0.007749335772627382
143086,0.00880204075962665
143088,0.005600393715338364
143090,0.0032370935424294437
143094,0.0017160747831415015
143095,0.004098727713696102
143096,0.006015909603129149
143097,0.005091866562648243
143103,0.018345700914401065
143106,0.007832416530627885
143107,0.022211665776387453
143108,0.0028407365697282905
143110,0.0029958781381020363
143111,0.002633602941734769
143112,0.0053035701550289424
143116,0.004844680402881496
143117,0.0047237119874676626
143118,0.003455989293238839
143119,2.9024897986689164e-05
143120,0.0034907968359081344
143122,0.010062423066836088
143123,0.01093551754123595
143125,0.04982517992884314
143126,0.00940683532159946
143128,0.00450062771826351
143129,0.021255828536703634
143131,0.020399331237689715
143134,0.0066971469438357
143136,0.005433033200134742
143137,0.017391199333926296
143139,0.004035103210859915
143140,0.002994174428405382
143142,0.0014209515973057695
143143,0.0047045833288870305
143144,0.007172282267140589
143148,0.00015022560862130107
143150,0.005955259245962915
143155,0.004152281755908801
143156,0.08813355208418047
143159,0.0032504128304613185
143160,0.002769497042299961
143163,0.003462387143073085
143177,0.006787221166331517
143179,0.0067737943549929635
143180,0.06260770230049952
143182,0.0460007770198221
143185,0.03141238623330037
143187,0.006663462261989239
143188,0.005609097765328659
143190,0.0226085015634375
143194,0.03430342135167554
143195,0.00801423221697837
143196,0.004499964592278033
143197,0.004119365769801127
143201,6.468897822054908e-05
143202,0.002984028546997812
143204,0.010386761111816323
143207,0.09797097922412834
143210,0.005633531562926992
143213,0.04860912656766764
143215,0.00516524512750591
143217,0.0023901645626401157
143218,0.006692652328382281
143222,0.006449000423792623
143223,3.642890357454731e-05
143224,0.00394267838386813
143228,0.0033941794880625775
143229,0.011834531469629159
143231,0.027571543800029047
143232,0.004187169242161275
143234,0.003036467616542098
143242,0.005840789654216029
143244,0.02034460269654608
143245,0.13968263855044796
143247,0.02132564864532146
143250,0.005160744639648305
143252,0.015813106497626864
143253,0.0027584269616990086
143256,0.018052224324887445
143258,0.018052224324887445
143259,0.005991724815850624
143260,0.020699171168509386
143263,0.07503722194253118
143270,0.005207674412830822
143271,0.009365519834032226
143272,0.008961834338187681
143273,0.028292652177384577
143275,0.050251888926462165
143277,0.0498478829409805
143279,1.1980240364754207e-05
143280,0.014180147676323725
143281,0.003030431253796491
143283,0.0036906351501649077
143284,0.000725547722869412
143289,0.10456880579861036
143292,0.001460430073281407
143294,0.032636348936596865
143298,0.011339690147517806
143301,0.04583479809091137
143302,0.026235561428363897
143304,0.010604994459373438
143305,0.03930795760322828
143307,0.03254791468812727
143308,0.0034464437482374234
143309,0.0037276204925398245
143314,0.002722333125817826
143315,0.0040944049237739265
143318,0.003913569126409937
143319,0.028409479829710066
143322,0.0063652416708818264
143324,0.030289784857354753
143331,5.990864228761581e-05
143332,0.00152414829019587
143335,0.003957496587862756
143336,4.668846266807971e-06
143337,0.00779104770597661
143339,0.005329663530601251
143340,0.09876895913400134
143342,0.03315934462893152
143343,0.016922276877811206
143344,0.005583748636435214
143345,0.05782074076221381
143347,0.003064141728217825
143353,0.04241515807322779
143354,0.003924495196032997
143355,0.047059469422537456
143356,0.004172084878521745
143358,0.003462239705003003
143360,0.02775958497321741
143361,0.014241010750162646
143365,0.005437816441854587
143366,0.005941277439939135
143367,0.04384147413210574
143368,0.06568564836711487
143369,0.02471358045516631
143370,0.003341208694655329
143373,0.110218776041675
143375,8.548578349131603e-05
143379,0.0027624904153145794
143381,0.00829064883342109
143383,0.08083897207277568
143384,0.004169946158400813
143385,0.0506335548982136
143386,0.018052224324887445
143387,0.012018362234940029
143388,0.024099000216766253
143389,0.0004829227713738961
143390,0.0073543757659312895
143392,0.003125234392655472
143393,0.0030365396302204596
143395,0.023118367345984308
143396,0.0032588754306156938
143398,0.007519086498558345
143399,0.15153718900667554
143402,0.0029191095009308073
143403,0.03791962798582088
143404,0.030874596759293504
143408,0.011799719100887016
143410,0.002711691719422973
143412,0.020179849266403958
143413,0.0027424669868215843
143415,0.009511762556661703
143416,0.003113640291009177
143417,0.00415979026561585
143418,0.05287345105868817
143419,0.0057995236913978825
143420,0.019660113736984803
143421,0.014970902129901877
143422,0.013200415018263438
143424,0.00016578265799374224
143425,0.007728360429486889
143426,0.00806597137615499
143427,0.003898082465695413
143433,0.023813276241498392
143434,0.007368087266705245
143436,0.0032626178709389718
143437,0.0027036197510307567
143439,0.04328485680885085
143440,0.026735452616242203
143444,0.002684904607201905
143447,0.02590053933635867
143448,1.118887390295073e-09
143449,0.003462265757972438
143450,0.030361335764101202
143452,0.004801401829347143
143453,0.024957651260555495
143454,0.03310010480122812
143455,0.005959382318426929
143457,0.06659633874778838
143459,0.004422028829732867
143460,0.009018561862625864
143461,0.0428594284851066
143462,0.0023006045711055946
143463,0.07974580738825207
143465,0.005201788226899149
143466,0.030557815910714266
143469,0.14898297505905447
143473,0.004045767417044539
143476,0.07532401934510811
143481,0.0005494233342362007
143483,0.1309561075249084
143485,0.0048697557151606554
143486,0.0013160729979857795
143487,0.02284760311811032
143488,0.008810391752403236
143490,0.0014689081684693562
143491,0.1070708489767916
143492,0.010850257738850412
143497,5.189320199025109e-06
143498,0.009662811371867381
143499,0.01007763757325362
143503,0.12851081789917146
143504,0.08313757792261349
143507,0.0116587756479843
143508,0.012962578149644065
143511,0.005599256110834631
143512,0.003462303106782492
143513,0.016937585890934463
143514,0.00020229709394317642
143515,0.008178925058320734
143517,0.005784065542551039
143519,0.25025517244864576
143522,0.01991445516212244
143526,0.0029862527054209916
143527,5.910594147415196e-05
143529,0.0007095596757422577
143531,0.003636500598048612
143533,0.025443370728902813
143536,0.0055876207347673795
143537,0.0023132123020725447
143538,0.0023436674274305075
143539,5.177506096956859e-14
143540,0.0015601901882173197
143543,0.0026576649740149387
143546,0.004963015234156208
143547,0.1373419483259572
143550,0.0034048553952992556
143555,0.005375955563814581
143558,0.00018054427970000134
143562,0.00394353709390564
143565,0.015090393797104758
143566,0.03162004442971118
143568,0.010989423761173924
143572,0.00013145595789801072
143573,0.05115083568911049
143574,0.005129602521620704
143575,0.016980805651394405
143579,0.04547151113983846
143581,0.010739479221342949
143582,0.03894097428243629
143583,0.03801641058747218
143584,0.0030394256124821107
143586,0.005766059299900077
143587,0.01755676763130398
143588,0.004189485363482221
143592,0.004908810568343683
143593,0.053163922559518205
143594,0.0006695038583209927
143597,0.004380623532358857
143599,0.0009013819280370531
143600,0.048163747211620304
143602,6.508268598113165e-05
143604,1.5824784085850843e-06
143605,0.020607128085141698
143606,1.7579376540790815e-05
143608,0.0137219347326893
143609,0.12505054936757157
143612,0.0030497129084441806
143613,0.004980887377942679
143617,0.005019305405507636
143620,0.012029216675111108
143621,0.004985093069180502
143623,0.0423064181000017
143624,0.006600653023264334
143625,0.0030364723723385373
143626,0.0035585903356453166
143628,0.07033641732558543
143631,0.003595019121701234
143634,2.9493732431074697e-05
143638,0.12532461055627545
143639,0.0049747009926728696
143640,0.01333340200664094
143641,1.2147869345600574e-05
143642,0.03292646933190783
143643,0.02376876076095864
143644,0.012311456293480858
143645,0.12744386981789146
143648,0.022582201625418366
143649,0.0879134971632662
143652,0.13949132348556303
143658,0.002511125307712646
143659,0.00027932273544752377
143661,0.013862250337807478
143662,0.0022700175991081477
143664,0.023349360259732086
143665,0.0008538716767292609
143667,0.05669280782833173
143668,0.000545434790599493
143669,0.002474557811202175
143670,0.02666188441109963
143671,0.08532175458013315
143672,0.0034456136531691196
143674,0.03479200007740514
143675,0.025919513467989385
143676,0.04721680726953165
143677,0.01881840452527276
143678,1.480752127787939e-06
143679,0.052533351131520044
143680,0.004300198382515723
143681,0.015644180812634283
143683,0.004652249923950077
143685,0.0030886706860073173
143689,0.00015809242431013757
143690,0.058350898662417
143692,0.15407686018121947
143693,0.09554292793686302
143697,0.018052224324887445
143699,0.004476040272692547
143701,0.0034622416633787443
143702,0.015460093551069915
143705,0.003846770068135322
143706,0.05285188672296575
143707,0.0026932349241779972
143710,0.0056740471398768885
143711,1.954037758902391e-05
143712,0.03498908506799952
143713,0.003205281230264906
143714,0.027523544664997728
143715,0.0034052872372718956
143716,0.001996313031583123
143717,0.02772257281120077
143718,0.06061368288165433
143719,0.05772929666254515
143720,0.011321873567972252
143721,0.07274091977099585
143729,0.023843937136528905
143730,0.004423680920908106
143731,0.004419478276005702
143732,0.006370580973563601
143735,0.0010667858871605547
143737,0.12645438950687252
143738,0.008233845786186059
143740,0.0017538399153232541
143743,0.03727027144883574
143746,0.03460451225141278
143747,0.001651165729699114
143748,0.01208248737186818
143749,0.010977522691278501
143751,0.005771255759065563
143752,0.05962726491681974
143753,0.007907062910837126
143757,0.0023312086812567025
143758,0.024156216643079147
143763,0.00477195985174272
143764,9.300988541076714e-05
143765,0.004131174674031342
143767,0.0034237382353803124
143770,0.0027874329766172014
143771,0.018052224324887445
143773,0.03648246648334737
143778,0.0038719181300498457
143779,0.04477149486518176
143780,0.021647725421920956
143783,0.02368841329436216
143785,0.02189494411150213
143787,0.0035974937956354163
143790,0.005129701660817364
143792,0.007994530820304121
143793,0.004160825226138493
143795,0.0024711784535764933
143796,0.02030041563684339
143797,0.005583037324449045
143801,0.003918022353487174
143804,0.00356110090634085
143805,0.010301519146329161
143806,0.019371805091842182
143807,0.004914488592722724
143808,0.03568000440174751
143809,0.13457636819304972
143810,0.006946512115309743
143811,0.1166563323050737
143812,0.0001985568396103943
143815,0.0004298499901088193
143816,0.03412778622953884
143817,0.00278256032785262
143819,0.010755093113285282
143820,0.13407063281062082
143822,0.011204629588991285
143823,0.02203997799510688
143824,8.551950986471007e-05
143826,0.003683865340306738
143827,3.451326412429609e-25
143828,0.038463975408530617
143831,0.0003786210107373883
143832,0.006189108941760962
143834,0.027783900325564517
143835,0.04838682325949393
143839,0.03687372306666748
143841,0.003947329712929751
143843,0.044303527012436075
143845,0.1276381729695185
143846,0.018052224324887445
143848,0.04003317318426629
143849,0.0022167312169511684
143854,0.003278533950226722
143858,0.000476341631911883
143859,0.0023066026878713277
143860,0.003036496949510424
143861,0.006152091545991134
143863,0.0040801896341270015
143864,0.00307991353149999
143865,0.003461499664489261
143866,0.003911795925864104
143867,0.0070108465927241495
143868,0.06095675422947482
143869,0.003429682011973772
143870,0.007478631032988294
143872,0.004136710469041102
143873,0.0023892133725242834
143880,0.012798258842372439
143885,0.005576486212080635
143886,0.003993851093235303
143892,0.006514838382540203
143893,0.008600385601689511
143894,0.0922245552278341
143897,0.027523173030126923
143901,0.003906525342522162
143902,0.0024736404559170576
143903,0.006070525259088047
143904,0.003866981051249812
143905,0.10003343828142586
143906,0.004338654573348194
143907,0.0029565961654529267
143912,1.2280930170838578e-07
143913,0.0034624844361372926
143916,5.666687392049244e-05
143918,0.006629624384191906
143920,0.00364699170752762
143922,2.6194547602529613e-05
143929,0.10191609397087231
143931,0.004535973069315234
143933,0.04290196340208726
143937,0.10490313470161726
143940,0.00291638077313034
143941,0.055281301131091656
143942,0.10972174282992775
143943,0.013832242181109664
143948,0.015796413155858554
143949,0.006907750916631144
143954,0.003498134478016666
143955,0.014190905003056638
143956,0.10384323623322154
143958,0.07765425153126
143960,0.00493002041667113
143961,0.19057104271963657
143962,0.09209891180777108
143965,0.0005408538295081355
143968,8.116578522952176e-06
143972,0.022231646879811585
143973,0.02878185833755787
143977,0.002287774128627317
143979,0.0023224301205721793
143981,0.14481535652765087
143982,0.026087997445121355
143985,0.005992395224290945
143987,0.0043759500667954225
143989,0.008451849211621482
143990,0.19932993444011865
143991,0.0065523549006758375
143992,0.001749491015868498
143995,0.08110231756010658
143996,0.004045831844986316
144001,0.005901274210651567
144002,0.029000007197521827
144003,0.0014345338931792157
144008,0.0227658902152691
144009,9.068559634254538e-12
144010,0.005786911985340906
144012,0.025576628280584247
144013,0.008566372046542158
144014,0.0500396532003569
144015,0.05718005036909201
144016,0.011383545737131778
144017,0.03985101671915392
144018,0.004553643953408089
144019,0.0034707488315856567
144022,0.04618933613562757
144023,0.006989045575074387
144024,0.006347204004665464
144028,0.00946961545093972
144029,5.092081781519048e-05
144031,0.13491800420633898
144033,0.018186556149512666
144034,0.07069789700171303
144035,0.010878438378079777
144036,0.004308270453731909
144039,0.13880915668425922
144040,0.00036680711181727373
144041,0.018443441775285025
144042,0.03596385883328113
144045,0.019586872028531592
144046,0.004025135158902971
144048,1.0342217143768676e-05
144049,0.0022890985353027286
144051,0.008085340346663122
144052,0.0043567804332403145
144055,0.0037679793708881824
144056,0.010001537262741
144060,0.03275857239263836
144064,0.00302242750204163
144066,0.03562293162471435
144067,0.056608439596459496
144071,0.004084983257144489
144073,0.13012374404070998
144074,0.044343373619011694
144075,0.02421046456160215
144077,0.003080061963947042
144078,0.007955334687600676
144080,0.010421124500498884
144082,0.0005847312582772758
144083,0.017440422838612205
144084,0.01328212036583318
144085,0.10297073090955826
144086,0.08640387240507008
144087,0.02694577641979449
144089,3.7884198736085796e-06
144090,0.018052224324887445
144091,0.006486778837352756
144092,0.00533094228852384
144093,0.02265920684684791
144094,0.05809003289130619
144095,0.0027563791723076367
144097,0.007097528739349895
144099,0.0031996276316464517
144102,0.00558780473305812
144103,0.002281563328743224
144104,0.006612275616343863
144106,0.1405267512773748
144109,0.04599769808177184
144111,0.0468282262903088
144114,0.002372746451430085
144116,0.06965057008738387
144117,0.007520376477432784
144118,0.0037760167747085795
144119,0.0029951903265344063
144120,0.0879134971632662
144123,0.13463021856004653
144124,0.009790437627707286
144125,0.003403382731043541
144126,0.0059819196734093175
144128,0.009142240368940012
144130,0.050249593212385306
144133,0.01863454915162982
144134,0.012124289257565347
144136,0.02301712546675639
144138,0.024289527819434335
144139,0.01593159786550627
144140,0.02001435498921763
144143,0.0003667392565684953
144151,0.16582431813416093
144153,0.0032390734005425547
144154,0.02545101387642981
144155,0.0020670801105815537
144156,0.018789288630032507
144160,0.024186941172667932
144162,0.004572549455310298
144163,0.002899593555955977
144164,0.03926159142806484
144166,0.03279471192002344
144167,0.03802156128542224
144169,0.04545894001599357
144170,0.028026988784136255
144171,0.022514647995413247
144172,0.04527864730870242
144173,0.0030364840012757285
144175,1.7010709555119303e-05
144176,0.012120765811412703
144177,0.007070212157622144
144182,0.04654567708863812
144184,0.027915032296698995
144185,0.011969956739706243
144186,0.05575863579865443
144189,0.03182576626415426
144190,0.1072632276656284
144191,0.004584725487286038
144192,0.013895711523306544
144194,0.0030641230867171957
144195,0.0026056185108236326
144196,9.345098524622052e-06
144197,0.01878096076805556
144198,0.04140923815557281
144199,0.0033827309837302535
144200,0.05565240914818552
144201,0.024482489988182067
144204,0.00512724742007757
144206,0.060021730326575866
144207,0.0006335373638231822
144209,0.003149776259862097
144210,0.006711742617942825
144211,0.004412987388085065
144212,0.0004945635611733943
144213,0.0036259137318641853
144216,0.005885034011980946
144218,0.003648868524266607
144221,0.002986232319508815
144223,0.004356021470206974
144228,0.02543404646571802
144231,1.0356104255957297e-07
144233,0.003405397233447251
144235,0.014273541460857896
144236,0.0015105207816482975
144237,0.022303395347950616
144238,0.003309005177361448
144241,0.0005023793355079006
144243,0.012099950540555793
144244,0.0028786474811672152
144246,0.002877543687500718
144249,0.004365095620589597
144250,0.039692802334003165
144252,0.042039004069607165
144253,0.00644726498290818
144254,0.005979539920590353
144256,0.002310965498534032
144259,0.028059232156311276
144260,0.23499940072166162
144263,0.011764169247306968
144266,0.03378159088963494
144268,0.006512692023890069
144269,0.0012846218735622268
144276,0.004866989558211891
144277,0.0056032758603888405
144278,0.023619074214704716
144279,0.033978681249931066
144283,0.004425075250498819
144286,0.029307574252565236
144288,0.08721589984297116
144289,0.011518443105243224
144290,0.009888561114945349
144291,0.006832936143370463
144294,0.005181993507199568
144296,0.03243280274347857
144298,0.1360093605147045
144302,0.008520467864107937
144303,0.11520315576029454
144304,0.005819460474528012
144305,0.032531309895046955
144308,0.00020377755987527972
144309,0.0005594227712624129
144310,0.00011924594536206611
144312,0.014640692842179814
144313,0.02328889126905589
144314,0.04931819378591554
144317,0.004385499021200482
144318,0.019004049663510793
144321,0.02918618798552297
144327,0.008187004273721224
144328,0.006927327311188054
144333,0.01763581257590066
144336,0.07389638920408362
144345,0.005032048333401759
144346,0.006370839730394311
144348,0.061729039199826856
144349,0.009850465976227133
144350,0.0056069293038495584
144351,0.003036598696879222
144352,0.004857871510177804
144356,0.018052224324887445
144357,0.00021702184430005911
144358,0.005108876723620461
144359,0.004500005875613489
144360,0.0034748971931676115
144361,0.009497013375590372
144363,0.06310527330062962
144369,0.02404630207083518
144370,0.05493398305789391
144371,0.01990750615935372
144372,0.0071704786386708064
144378,0.001124016124255057
144380,0.018311569660003954
144381,3.97521265609926e-09
144382,0.02166791047917325
144387,0.022050854416630877
144391,0.020274741923944645
144393,0.004123410147922869
144394,0.002250461032918085
144395,0.007167147526920783
144397,0.0007008035603479725
144399,0.012408949165649533
144400,0.0036174524056407516
144403,0.00936246428337958
144404,0.002657060972971609
144405,1.1423142560038084e-05
144407,9.011144984901079e-05
144408,0.012539330319863052
144410,0.007221014854064667
144413,0.1462204244425107
144417,0.007464636302043852
144418,0.02536198156232684
144419,0.003249089003857643
144420,0.0045528709419057544
144421,0.00781886389987428
144423,0.022933917117947733
144425,0.0037994224441375347
144426,0.037926953254489706
144427,0.05682710611272277
144429,0.002483243686722147
144430,0.004386614726506055
144432,0.022356149240115575
144433,0.003036531437692984
144435,0.0002989693805961168
144437,0.024789802245268742
144440,0.004167813031859019
144441,0.009229450425702952
144446,0.0041549017217083406
144448,0.004165305640418713
144449,0.003462353710236332
144450,0.13904833965441377
144451,0.004845414300883398
144452,0.004702323679755226
144453,0.003098146479175745
144454,0.008589856536616276
144455,0.016601862196055334
144461,0.12417980392263123
144464,0.025942074187562312
144465,0.00010028309150393772
144466,0.0045001336259724
144469,0.016698656457165756
144471,0.0029852742009263463
144472,0.0035504278119370615
144474,1.270652812456127e-06
144476,0.03225528040702291
144478,0.03444839830173176
144483,0.0041473429982591195
144484,0.06320928094659145
144485,0.003036449513630299
144493,0.0021457166850643713
144495,0.018242769557259213
144496,0.003405357410703311
144497,0.0009129664881594668
144499,0.0034584555319922936
144500,0.005840988054458794
144503,0.13347606697014944
144504,0.002702786623112542
144506,0.044358890400481014
144508,7.530766472656264e-05
144509,0.12446312449186156
144510,0.06688518375342017
144511,0.07432371892122203
144512,0.02532539406044024
144513,0.0030363856941960123
144516,0.003004147947201606
144518,0.06959267628815918
144521,0.003462323739760075
144522,0.08703702122128652
144525,0.004773752580671685
144531,0.026665274292483634
144533,0.007249103320339646
144534,0.02350644967701935
144536,0.00014754217564644565
144537,0.004500061182186564
144541,0.0009254568212757826
144542,0.0006911496152982322
144549,0.003597319902009633
144553,0.002858377323676044
144554,0.019057303327268724
144555,0.002853213554722706
144556,0.002375725871034463
144557,0.0035105474840689743
144559,0.0036704184007071232
144561,0.005721880838999402
144563,0.015920512756405294
144564,0.018788976919144208
144565,0.03228002588379402
144568,0.003165233190231452
144569,0.00219188797195971
144573,0.0049263550126709505
144574,0.0026672545067135682
144578,0.005425523156009057
144580,0.01831598134120569
144582,0.0034954873321763075
144583,0.0029718245501492327
144584,0.003845458573108166
144586,0.047649644459084275
144587,0.0021747431502100005
144590,0.0024475337203037845
144592,0.002993786218046158
144593,0.0026747797562561
144595,0.0041410722685918736
144598,0.003506956112699672
144599,0.15998931283007678
144600,0.0008424866018833202
144601,0.022800937091737895
144602,0.04329390371709318
144603,0.01711887803821735
144604,0.03563906966549
144606,0.12111959711249559
144607,0.004798831374962248
144608,0.008391552293219747
144609,0.028715407273210387
144610,0.012323952595451063
144611,0.0033489647989527814
144613,0.005274047654557079
144614,0.0059800835360379065
144615,0.007088201367963018
144624,0.0031036529601169765
144626,0.02942918228623454
144628,0.024583567016531988
144629,0.004239652025476848
144630,0.004140670827978567
144632,0.02335145738605177
144633,2.172054216060062e-09
144634,0.0031599306594744868
144637,0.002986406192943805
144640,0.00305917113530662
144641,0.0879134971632662
144642,0.003153616616684083
144644,0.004460066671471343
144645,0.0889152183166894
144647,0.10039204659723776
144651,0.018908248917610216
144652,0.000244342187852128
144653,0.0037676805768409195
144656,0.12765873455616933
144657,0.012112527894990519
144660,0.09353096028552196
144662,0.022218259564922637
144663,0.02214848736297789
144664,0.004926664113323877
144669,0.005521866329520248
144672,0.009522689549603803
144673,0.0037866677304422298
144675,0.019502442172247895
144683,0.08211318055909324
144687,0.008604873841806727
144688,0.02476934284000711
144694,0.003268636549828247
144695,0.001102898312662247
144697,0.012580897065245641
144700,0.020155087954354247
144702,0.0064758543454290695
144703,0.06534319011794339
144704,0.03806009616275339
144706,0.008391104426219941
144708,0.11101993799809502
144711,0.003914280249829297
144713,0.06677029220153839
144714,0.004541851459887556
144715,0.1468101341055716
144717,0.0273488683513845
144719,0.003507635025377088
144720,0.006153000917094157
144722,0.004970175473091867
144724,0.11764165115892458
144725,0.006429193749266582
144729,0.0133742724429315
144731,0.003154081818593125
144733,0.03304348392340709
144734,0.004171231579132814
144735,0.002825929684404621
144738,0.01738694020638726
144739,0.04646481755421255
144740,0.00522527958442124
144742,0.01593573068354851
144748,0.006431957911065417
144751,0.005625226554737779
144753,0.004008000830402442
144755,0.014008144965286568
144758,0.0006714552967647055
144759,0.006162646593521301
144764,0.017007240765083354
144765,0.018845777406432028
144770,0.001974310154755602
144771,0.010191736836298322
144773,0.00474738122934231
144774,0.011810985812552225
144776,0.03930744151841299
144780,0.04435155341604186
144782,0.006078088089987779
144785,0.002287571688574182
144786,0.005457617486494608
144788,0.027423969933090302
144790,0.010852781024782564
144792,0.0033403958237457703
144793,0.0036599839634572488
144796,1.6873385982594054e-20
144798,0.02449506985701206
144807,0.01404939491307166
144812,0.05002052572642379
144813,0.004446211578288265
144815,0.003752851270395155
144816,0.13457636819304972
144818,0.0029862764150018974
144819,0.0035060515518350864
144822,0.003985957467519281
144825,0.01720663125558699
144826,0.04035314146741081
144827,0.003731325690970163
144828,0.09588161360830337
144829,0.003492136955805982
144836,0.003843155990497473
144837,0.012272507819336555
144840,0.021668301658394066
144841,0.008346887315020897
144844,0.060846505402176725
144846,0.12523299660083903
144848,0.024000819188373428
144849,0.00883011961807131
144851,0.004512835707807155
144852,0.003405420471070725
144853,0.08179224751745288
144854,0.01754321452688749
144856,0.0001396510121063489
144857,0.05090687869096381
144859,0.008109502649784784
144860,0.12717258945461177
144861,0.02897281977961723
144863,0.006927034106448385
144864,0.00043743253503152556
144867,0.005905307065215375
144871,0.014994046013212704
144872,0.08038465314069518
144873,0.08367873430081815
144874,0.006048605824353049
144875,0.005481102290044969
144877,0.004978455061558734
144881,0.06165953765347995
144883,0.007746673329142463
144884,0.00023648367352740538
144888,3.6015326825096344e-05
144889,0.004038519633938169
144891,0.029719983699992562
144892,0.0030365379119042875
144894,0.0053811653680286625
144895,0.06226628532549724
144898,0.004500148231310803
144900,0.09671597798635724
144901,0.0034651309222103457
144902,0.04928561804888893
144903,0.006127168849356339
144904,0.08022348856058331
144905,0.009822945892470968
144906,0.007496295939298571
144908,0.0032458505296803827
144910,0.005304023203595096
144913,0.12208788900375286
144915,0.004126298908378931
144917,0.018535713381637235
144919,0.01140125569065932
144920,0.0018729477507229318
144922,0.0879134971632662
144926,0.004057218174627637
144927,0.002978891010913215
144928,0.0024605573026516363
144932,0.0034624544645333807
144933,0.0033131593069458845
144934,0.00725977824872552
144936,0.0031468013081976387
144937,0.033628657810103144
144938,0.039729573720250405
144941,0.009654277253088034
144944,0.04288087275483792
144945,2.5383739866895645e-10
144950,0.10014814101630498
144951,0.003951493405953617
144955,0.0038914260396158648
144957,0.005404070087062449
144961,0.003462314402464476
144962,0.004249184718863388
144963,0.021979676733156105
144964,0.012308351740367157
144965,0.004422819028231743
144969,0.050983474723417854
144970,0.004649498032152508
144973,0.000898727546764012
144975,0.005356067513140255
144976,0.13173947329526314
144978,0.15546731019871865
144981,0.014437222100911985
144982,0.0022392483187804917
144983,9.844201476430132e-05
144985,0.0025283865624896474
144988,0.004689745336123536
144989,0.0019187292684979384
144992,0.00565577816448948
144997,0.005529177506075068
144998,0.00650512447995476
145001,0.0042494940334850085
145006,0.013744555790330291
145010,0.015075475939606252
145011,0.09685455195215663
145013,0.01571187176386823
145014,0.0013268079842437804
145018,0.12497990211865717
145019,0.03589681154754993
145020,0.0032061950230793837
145022,0.005923951410820055
145024,0.004174917013990921
145025,0.0022825738223775
145026,0.007328441841557454
145027,0.0013950157067419901
145031,0.12023932784238373
145032,0.003691732738668205
145033,0.004241077879358874
145035,0.013949947827552545
145036,0.001952869258315271
145037,0.024482489988182067
145040,0.0032606298536456742
145041,0.005129478764951613
145044,0.004569125089968027
145046,0.002065584966781741
145048,0.017989005049074348
145051,0.1068854674475533
145053,0.007659712880467035
145054,0.00456235001181416
145057,0.0031687143989508107
145061,1.5651648989371034e-11
145063,0.020921006817274775
145064,0.0047360800498010575
145069,0.01342259033868042
145071,0.0026511971775727288
145072,0.0017351271421508856
145073,0.040482211094431085
145074,0.004899625657137449
145075,0.043455200007171804
145078,0.004428257171619032
145079,0.025348181092855943
145081,0.004314441248100779
145082,0.0038882432152287784
145083,0.00546086971362834
145084,0.00552009400184727
145085,0.012242107807572098
145086,0.002245543935509569
145087,0.03067445264734345
145090,0.0036896826272425905
145091,0.02516667495476498
145092,0.02239094859801684
145093,0.005110131936126178
145095,3.6993225292051273e-05
145096,6.719699178869289e-07
145097,0.10010035354183767
145099,0.0029212875398181323
145101,0.08672119743199011
145107,0.0003171687473615773
145109,0.005060964531046641
145110,0.00865900844940941
145111,0.057134946730812465
145112,0.010776665991324307
145113,1.286284528022408e-10
145118,0.11442870587686965
145123,0.0007376983441592218
145125,1.8955334471649423e-05
145126,0.011868099030444761
145127,0.09148311635135778
145129,0.001472675156747705
145130,0.003288913904131878
145131,0.0185218709802266
145134,0.004751455492441672
145136,0.10394118290492556
145138,3.369763466342345e-08
145140,0.004388294334780737
145141,0.03729237020833778
145142,0.0004159096790581029
145143,0.005415337815907405
145148,0.006892973723967682
145150,0.019836928910320097
145151,0.007917034420790774
145152,0.0039048266325678238
145153,0.013341822504121383
145156,0.011203199046549843
145159,0.015210493995408818
145160,0.013418652739649765
145161,0.03187384058973837
145162,0.08075853167374174
145163,0.0075844065959871304
145165,0.030224789876834943
145166,0.006105480449551896
145171,0.0032225174362362557
145173,0.0030179692435934502
145175,0.018769072333035774
145178,0.0061719667094344375
145179,0.036811607707197484
145186,0.0060743773881753
145188,0.005674020704282248
145190,0.0034623217813380814
145191,0.021088821120525875
145192,0.006829844786437424
145196,0.011212518444700208
145200,0.019149932117910863
145204,0.07900739631414137
145208,0.11303232511341602
145210,0.0020286948577780822
145211,0.010266217977396647
145212,0.003375555993277096
145214,0.004583115458360376
145220,0.002995999532959665
145222,0.002511489494546154
145223,0.008001838808014842
145224,0.012388591399555896
145225,0.003200510680284266
145227,0.005957765617474252
145228,0.020246524631344368
145232,0.03460494573351292
145233,0.004989605420480606
145234,0.02886603466843106
145236,0.01126776344617966
145238,0.02106560427374412
145239,2.9364144845980575e-08
145240,0.13999874149295433
145242,0.030059646132613846
145243,0.07702476759064832
145245,0.032133785403165006
145249,0.00012648023390649137
145251,0.015131355843115006
145252,0.0922245552278341
145254,0.0031793574033056726
145255,0.006396640120381591
145258,0.13578790526782566
145259,0.0015171850612060239
145260,1.2769208442658829e-12
145261,0.0054925867208395485
145263,0.017827272748891194
145264,0.0031922189417785763
145265,0.005797487294389053
145268,0.004735850655286763
145269,0.16617564124182763
145270,0.028882264423343053
145273,0.00409532103548328
145274,0.003710691189920426
145275,0.0031045033894618467
145276,0.09811453213676971
145277,0.0030565627210465732
145279,0.011167874517016554
145280,0.0035647595544496097
145281,0.007284359336136255
145285,0.008722048352539
145286,0.009901314355047446
145287,0.02515604709880452
145288,0.008124070581290443
145289,0.0023005971852195443
145290,0.0028306920289755083
145292,0.0028649885495987243
145296,0.017831219171017938
145297,0.0005698061438848227
145298,0.006934509435776177
145302,0.005461213934629931
145304,0.10951086422346001
145306,6.967511219209827e-09
145308,0.035574747593335065
145310,0.02274663764964463
145311,0.03124562392070029
145313,0.0022254554055889495
145315,0.007925064816744229
145316,0.00046698965333698554
145318,0.019918368280055873
145319,0.15310375390569717
145320,0.10160235358995387
145321,0.003996109593528439
145322,0.006683487152332078
145324,0.04676306565924146
145326,0.0097794724492788
145327,2.4989805213133374e-07
145328,0.025678090483864144
145329,0.01492350510975951
145332,0.03590089850304707
145333,0.010503333881932217
145334,0.0029319437995719926
145336,0.011795734406323295
145340,0.023278789824453906
145341,0.005674317618337864
145342,0.002936442745782433
145343,0.020385312925324677
145344,0.05102718687880305
145347,0.15760032304384855
145349,0.003957260691084827
145351,0.01085186267820129
145353,0.1024997244981213
145354,0.0026884002901431765
145358,0.03621255187566097
145359,9.159357910845563e-06
145360,0.02463036851714467
145364,0.004332175950595968
145365,0.07733388912914431
145367,0.0222427655234643
145372,0.025900394799936128
145374,0.033357499686922504
145375,0.019250451733361162
145376,0.0035401163109691496
145377,0.025544604718068843
145378,0.04787062291961365
145380,0.005453842425635107
145384,0.002394187027976461
145385,1.4292342642009327e-05
145388,0.014734274071553394
145389,0.028141889714505704
145390,0.023200016386566536
145391,0.016394991083689765
145392,0.08863209291033981
145394,0.01773770626584658
145396,0.001804047663644606
145397,0.002467324059187512
145399,0.016202384583584372
145401,0.09814280278527819
145405,0.00494321191759485
145406,0.03142421103378348
145411,0.007521217883979322
145422,0.0011070360609390952
145423,0.00011926576898736327
145424,0.0056874879712894505
145425,0.0704092762828094
145426,0.03403577186828381
145427,0.025846042882877618
145428,0.06214677859267639
145430,0.013652543311276012
145431,0.01963877896472956
145433,0.06071416031858749
145440,0.025938813211039913
145441,0.02959342199434942
145444,0.003878008638150093
145445,0.00041719263569702815
145446,0.003044916074636713
145448,0.0033260824321867427
145449,0.003921774660044074
145453,0.004299249152912502
145454,0.06309459667347657
145458,0.1193194806569565
145461,0.0033625970697735773
145462,0.00741767344149794
145463,0.03721483696307951
145464,0.07886485370210217
145467,0.0076142579190428125
145468,0.10498630699226469
145470,0.017592782298844582
145471,0.02577305187976668
145477,0.02760632082344946
145480,0.11609864349333825
145481,0.10668338047655027
145483,0.033418192199139836
145486,0.04912950855233089
145487,0.15273423612922005
145488,0.004206305312674313
145490,0.017686596316312572
145492,0.0034466455420938363
145496,0.017702258290593523
145497,0.02202938566152544
145498,0.0039753050678124294
145499,0.055643415664349494
145500,0.11717691849520273
145503,0.029638570090978412
145505,1.5859873394801287e-05
145507,0.024758862631138894
145508,0.0033329684566444613
145509,0.0050909621382483165
145511,0.08418494455807048
145513,0.0314070250264934
145514,0.11745947909463461
145515,0.004142241639507986
145516,4.592694347043292e-05
145519,0.04192966243049412
145523,0.016974877248248026
145527,0.0037533920938422703
145531,0.03658526364993143
145535,0.14639157918210974
145536,0.00011494957179516161
145537,0.002187793070469138
145539,0.0025210627272856737
145540,0.0009822638474331822
145542,0.02415440699650334
145545,0.04190565715931016
145546,0.00011828884658157197
145547,0.04985246456248522
145548,0.03534245318152627
145549,0.00972869453931425
145550,0.005040915440166868
145554,0.03425970197920612
145560,0.03690574760000459
145561,0.007476612732921612
145563,0.047311729626408776
145564,0.09350306927885947
145565,0.0044995853885363
145567,0.003602905503402534
145569,0.01072917521279417
145570,0.0041994882877395045
145572,0.0031959599026745254
145574,0.056761514079949976
145576,0.00794912664627876
145579,0.0028351318776184357
145581,0.014430713463447676
145582,0.21258625602950434
145583,0.0038531991561427067
145584,0.11300907439580599
145586,0.04609533868109093
145588,0.12885286562837286
145591,0.01563951789124205
145593,0.02378825179449322
145595,0.02667904838578308
145599,0.021555835026341424
145600,0.05733909114518371
145602,0.0032471094484725106
145603,0.10624435683425666
145604,0.12335054816675621
145605,0.011713327990118323
145606,1.1597916451474404e-05
145607,0.001383347460395296
145609,0.0015980458869944538
145610,0.0030628034571958227
145613,0.00037561353289392046
145619,0.0046795476371491885
145621,0.0003326638007564373
145625,0.0003490530874343205
145626,0.006680530544723894
145627,0.037962881969840656
145628,0.0046572259888068455
145633,0.05343442237437224
145636,0.014394656378758947
145641,1.0115229077404002e-05
145644,0.005033049150287946
145648,0.024482489988182067
145651,0.14999046045920297
145653,0.07293433538139898
145655,0.01111257607894306
145658,0.006663378229116092
145660,0.007049786197824422
145668,0.05766372862685867
145672,0.0472874145526782
145674,0.00655617415624494
145675,5.372475948739076e-06
145678,0.006714360706868491
145679,0.006561125502461143
145682,0.08277111513903061
145683,0.1143155195794125
145687,0.02625565323752353
145690,0.0014048560196173467
145691,0.07565277326375056
145692,0.025786145120116986
145693,0.0039326637933248315
145696,0.18293805057432933
145697,0.009795075798746302
145698,0.08093585115818355
145700,0.018251021602507064
145701,0.016427378381355554
145703,0.012947463022437355
145705,0.012668504829885343
145708,0.003838690560416657
145710,0.026781402399380087
145711,0.02704772121414228
145712,0.04251419433366297
145714,0.014276265587238912
145715,0.003118923501629864
145716,0.04733975734766273
145717,0.011969279371538749
145718,4.965386985208979e-13
145719,0.028613615279645555
145720,0.012233368246124098
145721,0.017624370026886032
145723,0.0021548523453051144
145724,1.3554622551159129e-05
145727,0.023245720685858295
145731,0.004886509803061766
145732,0.00432296688952963
145733,0.011900207534660893
145735,0.0018862515337107438
145736,0.0013081324974057163
145737,0.04401200713742703
145739,0.012105217628068479
145740,0.003802268205410207
145743,0.001565488294303419
145745,0.0032201883824784653
145746,0.02297583396044725
145749,0.004780989158990976
145751,0.04238806569111966
145752,0.018822846846654685
145753,0.0054316744249278594
145759,0.005862801663129117
145760,0.004730325793468324
145761,0.024007524571909158
145764,0.0023365554284666902
145765,0.008811942997977988
145766,0.04588997725896787
145767,0.007511155832861601
145768,0.04156169970429492
145771,0.06659633874778838
145774,0.0017114544432937384
145777,0.01977348479932211
145780,0.0009761596778425118
145782,4.0449521716912465e-12
145784,0.007614093312040267
145788,0.003831406694312645
145789,0.0036639715463370423
145790,0.0055933928704324405
145793,0.04009443138188352
145794,0.02832807077505062
145796,0.004056027387542029
145797,0.125143672939887
145798,0.006476119593496952
145799,0.00139167282874068
145801,0.005755991475649904
145805,0.05002965686488717
145808,0.14445238924730078
145809,0.003591286771310782
145815,0.004777007841379936
145816,0.007092247138404419
145819,0.002294649003634376
145820,0.03612226264832384
145824,0.14541613084423782
145825,0.018052224324887445
145826,0.006574870699423974
145828,0.0922245552278341
145829,0.014005312781562224
145830,0.008273929922156078
145833,0.1043952946350425
145834,0.024767844600797246
145836,0.0011262331876002178
145838,0.001577137604071948
145839,0.0032785566838312015
145840,0.008560679111887267
145841,8.717649099177265e-06
145842,0.024339976089604684
145845,0.04156395030247447
145853,0.006650633448968084
145854,0.007394551071092469
145856,0.003602563988410069
145861,0.003935968913273442
145862,0.026017280835880084
145863,0.004140694037472291
145868,0.020487590969271302
145872,0.023090606210050824
145873,0.024624892547036807
145874,0.0005998377042764777
145876,0.03913062581457461
145877,0.003393006915444478
145878,0.13292239332934733
145879,0.009827312210022584
145881,0.10925038746568166
145883,0.06893220304169367
145884,0.006755560897702457
145887,0.0037701905425961495
145888,0.003647211589692246
145892,0.03913273532814496
145894,1.7274365070416937e-06
145895,0.010215710004296248
145897,0.0039906341619818314
145898,0.03833016019377046
145901,0.026453382378861995
145904,0.002774541114442232
145905,0.003921729352243702
145906,0.054804734407753145
145907,0.00281615878981677
145909,0.0023563382748414113
145911,0.0002366556028219577
145912,0.12527080264983337
145916,0.026945379312971203
145917,0.13457636819304972
145918,0.004370169246284567
145919,0.003036506860242808
145921,0.00037624000022005413
145923,0.0011255608753419019
145925,0.015002001105937083
145926,0.00697577440310072
145927,0.007092839577923565
145929,0.018052224324887445
145930,0.025101939148881522
145931,0.018052224324887445
145932,0.0011419640845958267
145934,0.010866546611004195
145935,0.14204164995617338
145936,0.1097999561501508
145937,0.0212558262398082
145941,0.15407719231529926
145942,0.0029872012413348897
145943,0.03323675295497408
145944,0.009713065627229815
145946,0.02297269534764207
145948,0.03997880759499508
145949,0.005627874084832007
145950,0.0034929906625927737
145955,0.01161048965318332
145957,0.018052224324887445
145959,0.004188927197983025
145960,0.018052224324887445
145966,0.011832754435624798
145969,0.02905416194083915
145970,0.04676606205652082
145972,0.0019987402930187075
145973,0.08073453983203138
145977,0.004796008132865639
145978,0.13360738486382798
145979,0.21788581560941397
145982,0.009785028598762445
145984,0.0029785168680215896
145989,0.12028239618541313
145990,0.016437056004820323
145991,0.0026874021182248017
145994,0.007890562916529984
145997,0.029674105318742188
145998,0.04742418861566121
145999,0.0012084391743342512
146001,0.006360778893146407
146004,0.0030315392102898252
146006,0.006998620978096227
146007,0.0389130120276463
146009,0.14003644104587104
146010,0.007127399900510462
146014,0.022866072299055136
146017,0.11167924970372027
146018,0.0668559418362877
146019,0.026455491342691782
146020,0.03989596915516783
146024,0.01321679232163625
146025,0.012107302352444609
146031,0.010997415531606845
146035,0.006152905468611711
146037,0.025963043564647337
146038,4.6071158407474285e-05
146042,0.008887381961492462
146047,0.0038712542596551795
146049,0.03638828904107416
146052,0.013151214836663271
146053,0.018052224324887445
146055,0.0024800277591890195
146057,0.14163754610314674
146058,0.025420173624089767
146059,0.003165233190231452
146060,0.011677139796430655
146061,0.040235544483370494
146062,0.019115147347931842
146063,0.049748808667565876
146066,0.002807051004965947
146071,0.015014401785277891
146074,0.12689770603141945
146076,0.01052170706339241
146077,0.004111963449735228
146078,0.0024186020880698315
146083,0.041172689661627924
146084,0.028909348331489223
146085,0.025456387032520674
146087,0.13944598304626368
146091,0.002801348498645823
146092,1.6290988090719903e-05
146096,0.04053340856980273
146098,0.004023401111760794
146099,0.00018261824238834196
146100,0.010106599661743614
146101,0.006911529775667081
146104,0.005749203081569196
146105,0.13042008547591108
146107,0.0011835328661815758
146108,0.02819168468408977
146109,0.0033287693114491474
146110,0.005129522898700642
146112,0.14709120215606933
146115,0.01930074748925157
146118,0.12412733677468869
146121,0.12357097732276666
146122,0.13174976109592218
146123,0.006445936012614974
146125,0.00010588056298387368
146127,0.2154196095757659
146129,0.004365587451723414
146131,0.003905678655848224
146132,0.004989573317416145
146133,0.005952091127568666
146137,0.020966663710352017
146138,0.0034623124440477395
146139,0.00018143804699544044
146142,0.01584153264339862
146143,1.1656163210902155e-06
146147,0.12926198647837317
146151,0.003958118105340897
146153,0.002841948771594309
146159,0.0037853252613261764
146161,0.002669663266381349
146162,0.014914133003979816
146164,0.0031830921137889602
146166,0.10055095966523621
146167,0.0057410352922589005
146169,0.020607128085141698
146171,0.025502767504011554
146172,0.00805802459044693
146176,0.055744216242592126
146179,0.003710442105636865
146182,0.01963863883917346
146183,0.005587904071247432
146188,0.004435781310532959
146189,0.002986214851601166
146192,0.00520037020559154
146195,0.015595821880284253
146197,0.058929028059006384
146199,0.003617632326050495
146200,6.513844548970621e-05
146202,0.025841800289800432
146203,0.02275538683796063
146204,0.02770329199025811
146205,0.0045323533161746605
146206,0.017697680981003588
146207,0.1061616975844368
146208,0.04692771767276558
146211,0.13985118118034573
146213,0.014827590205292463
146215,0.004380643762228425
146219,0.03634797343672236
146220,0.001869394559691089
146223,0.07088963558862715
146225,0.015007850866828666
146227,0.002875961759892313
146228,0.004795705789911501
146239,0.001756568375307741
146240,0.0001592211593032444
146242,0.0030365495410917174
146244,0.023338797516621254
146248,0.00026201289140123147
146256,0.045707891425042904
146257,0.01824286489855647
146259,0.0007091641706389667
146261,0.016364391825495834
146263,0.03765473376698765
146264,0.0031013353032469724
146266,0.00012746190798390618
146268,0.000273332361123747
146275,0.005339319553703892
146276,0.015001113134647748
146280,0.01745382465690035
146283,0.12643607665947018
146284,0.03890579129064791
146286,0.00020759580180741374
146287,0.08267374921527074
146288,0.0009197321964589612
146290,0.003039442227659592
146291,0.016898109267467612
146292,0.03808101545497082
146294,0.018376763186231965
146296,0.0034979261576490814
146297,0.01263055604484367
146298,5.193380062396076e-07
146303,0.01417191902058622
146305,0.002072424576671265
146307,0.11936883447464727
146309,0.0034865129158398664
146310,0.06263163212096415
146311,0.022264635836382277
146312,0.028012408479290575
146313,0.0021390189599768245
146316,0.0024786678668320982
146318,0.019567761784333386
146321,0.11279199023332258
146324,0.002713145139393602
146326,0.00626978941071047
146328,0.01094015990291021
146330,0.006067933687716238
146331,0.014312869227574632
146333,0.0053109830724406846
146338,0.0220351155067819
146339,0.01778652261258398
146341,0.02259965996590116
146342,0.012016007735938515
146344,0.03400339339078959
146345,0.09731126229308984
146346,0.05181077893623481
146348,0.02493094370658508
146353,0.010225451974157966
146356,0.003034900232205264
146359,0.03483513674787527
146361,0.0050176543323134275
146362,0.0004255328472910125
146367,0.00017857787999687192
146369,0.00048762757682345795
146371,0.02423311629592343
146374,0.017936119865288536
146376,0.003972824838504293
146380,0.007873869203148413
146382,0.006460968315643203
146383,0.004427047401744461
146385,0.017118276434257985
146386,0.0023749885646349796
146387,0.016229627943092448
146390,0.02217000469345277
146391,0.005889720316134676
146394,0.0021779589225939563
146395,0.0029394312827197675
146397,0.016995814585738577
146399,0.003946584138033095
146400,0.008816847124647496
146402,0.006104547890202082
146403,6.974231725290858e-05
146404,0.003371183514734902
146406,0.00699754544313738
146407,0.0013698195783285049
146409,0.006462923385075962
146413,0.0793633832687564
146415,0.006643135274712801
146416,0.0077482919712315145
146418,0.00903110603389877
146421,0.02090504652899296
146422,0.07769740780060601
146427,0.0023777316402776656
146431,0.13906325295008973
146432,0.009784980729518541
146433,0.038118758327317884
146435,0.034264494416428065
146436,0.00417996694894291
146437,0.019422209298103475
146440,3.027190618720255e-05
146443,0.0031246135001771007
146446,0.003036465898266548
146451,0.0009206030137742592
146452,0.004305370584057916
146453,0.11199796103874705
146456,0.0019421481100983956
146457,0.00033813759472081585
146462,6.635891004433227e-09
146464,0.003402897403845792
146465,0.03173390847626712
146466,0.008512718397377057
146473,0.019850735097673416
146475,0.0010210321910076633
146477,0.02094179753775824
146478,0.006068602573318004
146479,0.00251114377758504
146480,0.004858255423610815
146481,0.02547882113202077
146482,0.027529920348025604
146487,0.0044827666048859235
146488,0.005058538594369613
146489,0.06806933582264224
146490,0.1160887090061014
146491,0.008268058972509549
146495,0.009352252649621227
146496,0.008418964753162282
146501,0.006576980751143966
146502,0.003391746984452331
146503,0.00400205795798003
146505,0.011233825966346504
146506,0.09417109302575383
146509,0.004181912901182085
146511,0.020324735218924743
146512,0.005338684161393686
146514,0.0013862628219579944
146515,0.0022572348162826455
146518,0.002660239825488624
146519,0.0076608855779364705
146520,0.008968181107271227
146521,0.08392016717018581
146522,0.017956372818699107
146524,0.0036430612045942174
146526,0.023020588307003678
146527,0.00024953397508666915
146528,0.0018044571241921576
146529,0.0012437323549715177
146531,0.004690811600090155
146533,0.0019550162318941553
146536,0.004785637571395122
146537,0.1340617499430338
146539,1.922857907602009e-06
146541,0.07978486451004653
146542,0.01421085789807319
146545,0.00471299076262866
146547,0.02645472082848894
146548,0.0023800744088541934
146549,0.005129512029875279
146553,0.009401515303706844
146554,0.015506220599987132
146555,0.005214200026336728
146557,0.038356300777653424
146559,6.208838508252658e-11
146560,0.005896232863669912
146562,0.0025908609932271667
146565,0.002285923408524321
146566,0.001451326695868094
146567,0.14875014906399162
146569,0.02512672217952342
146570,0.008821768225332753
146572,0.019868614183021348
146573,0.00776987803538371
146576,0.003162830231981421
146578,0.10408816163937559
146580,0.017958637300802348
146581,0.003482926650885746
146582,0.02365567553506326
146585,0.003944843022044149
146586,0.04234179392367444
146588,0.03504643099341749
146595,0.004817427710719201
146596,0.010753497104567007
146597,0.20563907076747467
146600,0.005452458193331818
146601,0.012197766962228768
146602,0.0051327342180976275
146603,0.003320584228783385
146604,0.0076196474638640065
146605,0.003405226073464265
146606,0.021530173300169864
146608,0.11950029518378989
146609,0.1381583861261141
146611,0.005098701810167039
146612,0.02113516608956878
146613,0.010860709655368705
146615,0.0865063379808531
146618,0.046936586990827936
146619,0.023261304855716605
146620,0.0024723355638740854
146621,0.00360721826544332
146623,0.0018612182032310476
146624,0.11249728981006984
146625,0.0022588286705242937
146626,0.015716679961132914
146628,0.011273997996623665
146630,0.04729878263180532
146636,0.013927482165797797
146638,0.008361225159616625
146641,0.0390283058135252
146642,0.023232158792721905
146645,0.02571862354948948
146647,0.0038736457618048616
146648,0.02163776927135299
146649,0.023338137325904795
146651,0.00246910944445811
146655,0.012936221234035157
146656,1.9831831329415945e-05
146657,0.0026815643766126425
146659,0.004857411064310568
146660,0.07188290574944692
146661,5.89035020279138e-05
146665,0.012645202663694441
146666,0.008942158548576409
146668,0.020607128085141698
146669,0.0041881358564413145
146670,0.002245567264540474
146671,0.13347606697014944
146672,0.0007130933923741704
146673,0.04049351768620837
146674,0.011101254667769688
146676,0.003697010480056825
146677,0.0001662763259386976
146679,0.019127585704389882
146680,0.013322830913430827
146681,0.11094823426767719
146682,4.395865414103511e-05
146685,0.10949258451949653
146690,0.03867258744587246
146691,0.038642490778920964
146692,0.01750243393498343
146696,0.003186169766907546
146701,0.003113545632824481
146702,0.008006409385668095
146703,0.005129327510834316
146708,0.022826980329278004
146711,0.0030073112352407816
146712,0.003092521438165514
146715,0.00781816549668706
146716,0.0044998730666462265
146717,0.04661566814871457
146718,0.08332516104452183
146719,0.0053112341241616625
146720,0.05621919092691242
146721,0.0029534293399865233
146722,0.12021084496046805
146725,5.712152859221571e-10
146726,0.023894687948131644
146727,0.00148379440695276
146730,0.005083938219497757
146731,0.018052224324887445
146732,0.007208376201983989
146735,0.006405275446311423
146736,0.003894129189072804
146740,0.02469126144616109
146741,0.015423825084363364
146742,0.001836241322826258
146743,0.06777967239926966
146744,0.00472865550031202
146746,0.002716874658267189
146750,0.003910652134881118
146752,0.0038836068885691162
146758,0.00340568036826401
146761,0.01883538337601382
146764,0.016737432656320033
146766,0.12848356930764845
146769,5.083947896150133e-05
146770,0.007281222644285843
146773,0.004121709654555052
146775,0.022133394922507894
146783,0.0038034359107812685
146784,0.021369227799270765
146785,0.00012105328130749886
146788,0.03920897255441377
146791,0.004012898959306013
146792,0.0006101020561876039
146793,0.00785493511858994
146797,0.06239813588240525
146800,0.02895012553199313
146805,0.0058467662506762694
146806,0.00607264276340587
146807,0.059816833883650354
146808,0.02252913546717311
146811,0.011677797736030655
146812,0.0045287813187423484
146815,0.0025917394799678728
146817,0.0032820375130698915
146819,0.13321312311275163
146820,0.009384327881951465
146824,0.017901652198126863
146826,0.008151191454999355
146828,0.007579386630997275
146830,0.006306901985854688
146832,0.11216637517081837
146833,0.005673800071497312
146834,0.045900534520090526
146835,0.028035572911202237
146838,0.052200315168049675
146839,0.023356867062996677
146841,0.006217200583325831
146843,0.04995163418037233
146845,0.006905032620962001
146846,0.039049379295765935
146850,0.02562579777066269
146851,0.03231777159719117
146853,0.0038306327376193814
146854,0.002927445003011032
146856,0.004372872279753232
146862,0.024089956980038327
146863,0.0299691119702473
146866,0.009578766277628853
146868,0.01617710900558333
146869,0.022340549996968575
146871,0.016267746128520656
146872,0.00512706076924313
146878,0.005215015254274901
146880,0.006095550946654206
146881,0.003729189317814863
146882,0.03320999188002099
146883,0.0037687346388384133
146884,0.003718795034544712
146889,0.006863173082904123
146891,0.01769431032960287
146892,0.03141903059189402
146895,0.01077395636596087
146896,0.003492602599076131
146898,0.0038080305661348985
146905,0.0544165137744227
146906,0.022602750730216125
146911,0.00391244152935189
146912,0.08534674304486807
146913,0.33145391976238797
146920,0.014884220539755246
146922,0.0054930041313653874
146924,0.0002547084764568397
146925,0.01466905422458079
146928,0.0641500571074311
146931,0.05287345105868817
146933,0.0477541333797285
146934,0.005893568663840287
146935,0.07693082116269039
146937,0.10800624816585487
146939,0.07343414969155779
146940,0.026799348593289172
146942,0.02812749358598026
146944,0.003416210840216818
146945,0.10000122070584244
146946,0.008988019342376159
146948,0.11450226892722691
146949,0.016682796833098763
146952,0.09710320331883703
146955,0.00029018060919549366
146956,0.0017243522665693894
146957,0.007888305644055973
146958,0.10651878635089346
146959,0.008183126940082094
146960,0.0031048855781234223
146965,0.0055824601414312955
146967,0.08460201096720006
146968,0.0150224134918757
146969,0.012213994615498719
146972,0.10381018872838074
146977,7.4581539010180075e-06
146980,0.003541997309766915
146983,0.06672282637886344
146984,0.035488469152874694
146987,0.0019975137322505933
146989,0.011472199473072911
146991,0.0018080823728857736
146992,0.10574682664303348
146993,0.005984099170764225
146997,0.023866667399598845
146998,0.004247109761586892
146999,5.508872160225647e-05
147001,0.0060163097400516745
147005,0.020607128085141698
147008,0.025793103783550642
147009,0.003956478835046105
147014,0.006462443873551996
147016,0.01351149523760965
147018,0.1339906957364991
147020,0.0035543690458544404
147024,0.022947957699764338
147025,0.004960781292944144
147029,0.03407768636314643
147034,0.004862106973985618
147039,0.011714157636643295
147042,0.029614555235955606
147044,0.01346983655700839
147046,0.016379712650744567
147047,0.006880314804328707
147048,0.004256337111818214
147053,0.14012198133418774
147054,0.02028394661316713
147056,0.026327654299178
147059,0.0058983890023689605
147061,0.005469690765527837
147062,0.017016502330630998
147063,0.00023555242923616604
147065,0.005118519987606831
147068,0.006541420730780816
147070,0.006135861404729065
147071,0.0035008667337422536
147072,5.510783703796134e-05
147073,0.01920400328390623
147075,0.006957809267010087
147077,0.0037409317443934604
147079,0.0034481821084675754
147080,0.0036855670674819977
147083,0.11739737372966112
147084,0.010307021327762988
147086,0.017369746658140277
147087,0.00445268994088112
147088,0.003846596470225185
147089,0.032069250976116966
147092,0.025544357539845106
147094,0.12268583737221843
147099,0.016057571622021066
147102,0.02404296841099634
147103,0.01957593928228383
147104,0.03124894213459536
147107,0.12837564331482684
147108,0.0060196152152118465
147109,0.004045492365456488
147112,0.10586044027053332
147115,0.0025036536660443917
147116,0.011287786427753532
147118,0.03440527244408891
147119,0.001122771244305134
147121,0.03907148059159583
147123,0.004658162629786796
147128,0.006475687841535768
147129,0.04839094829190237
147130,0.0033536713972597545
147133,0.03164576833477404
147134,0.022177345255579017
147136,0.02630381095272892
147137,0.0304034367301506
147140,0.021998028068405617
147145,0.0018000573318500297
147147,0.0005909562187035914
147148,0.01072197313726913
147151,0.003767083751874229
147153,0.045338356980667495
147154,0.004604148193637507
147157,0.04934633380202968
147162,0.34105155731205866
147164,0.0406560786931619
147165,0.03596136867406354
147167,0.007859333853887795
147168,0.13562726546873383
147169,0.008626905671676038
147170,0.0031625344136086853
147171,0.002629386708453627
147179,0.0029385129256508896
147180,0.006897939765560454
147181,0.006529260829052764
147183,0.08547899894746637
147184,0.014830285074441292
147185,0.0036874049280386464
147186,0.0022075567780533104
147188,0.050251888926462165
147189,0.11107603504347
147190,7.955178895621496e-05
147191,0.038102791171373364
147193,0.009862228233833713
147196,0.0034913871220417702
147198,0.00347785950525175
147199,0.0001468090994039524
147201,0.0030363986420127863
147202,0.003548914780003227
147203,0.1962728883575266
147205,0.006492067072181294
147207,0.005498284958506486
147208,0.0038029400090811485
147209,0.003169917493270754
147210,0.005477110771316818
147211,0.01190075740252645
147212,0.030476382721988552
147213,0.05628369114707299
147214,0.0080101203320929
147216,0.013694049465812236
147218,0.10603711414414704
147220,0.02763650349056749
147222,0.022739713372711922
147223,0.011412657660123482
147225,0.003947499264467173
147227,0.04433147373179317
147228,0.057016922498941545
147230,0.05967756853313747
147232,0.015635498814662162
147233,0.14924083922902326
147235,0.00254392908961018
147237,0.003365865273837167
147238,0.00985723004324198
147240,0.008444023073834845
147241,0.14640614801512677
147242,0.008033067699974267
147244,0.0037142172417251435
147246,0.04702548618971034
147247,0.030059646132613846
147250,0.11624210740015374
147251,0.025743161320931716
147252,0.05514236422088087
147254,0.004460130193121766
147258,0.01281197879051136
147259,0.015841712400601473
147263,0.003993820049384464
147264,0.029150207062132113
147265,0.02017708501335831
147266,0.02612896521742453
147267,0.005931509230958319
147270,0.007024859351998941
147271,0.0037919354042826583
147272,0.05455328549012533
147273,0.10088618916646758
147274,0.038475037762463485
147275,0.015442263795296585
147276,0.034843529740289036
147277,0.004753124157428819
147279,0.008419559896495088
147281,0.0024250872930677426
147282,0.02263930541979479
147283,0.004540302052377891
147285,0.02348326784385994
147287,0.005034497807942553
147293,0.030916726506649776
147297,0.0431774069664779
147299,0.07702476759064832
147300,0.04532859460254993
147303,0.0038949733587715896
147310,5.795427959626045e-05
147313,0.005502830055241275
147314,0.007244850285906622
147315,0.0007426078623191388
147316,0.09305883326693422
147319,0.10958221386254785
147323,0.0026322094817610013
147325,0.008986030456331683
147327,0.00887716939552377
147328,0.004074307581466937
147332,0.0322271778253794
147334,0.004769703549062446
147335,0.004894803174430225
147336,0.004816060322359436
147339,0.003735627532615629
147340,0.006071972023064913
147342,0.0025757134814357197
147343,0.016819691876024452
147344,0.024131525015329332
147347,0.008103029682245785
147349,0.038963356948767014
147350,0.011400531975120488
147351,0.024482489988182067
147352,0.026824557273714987
147354,0.000930836377563446
147355,0.020345176738871873
147357,0.00014363619769576424
147358,0.09654987344344687
147360,7.0093464886005625e-06
147362,0.0029863238347267594
147364,0.003553416881910128
147365,0.01946960017523173
147366,0.0033280838776903175
147367,0.018052224324887445
147368,0.0038888267451759675
147369,0.0044937146207256395
147370,1.0768672767377274e-09
147371,0.1393655546129539
147373,0.0022793154097703835
147375,0.05874599059104657
147379,0.0024825558282938055
147382,4.041060563976798e-05
147383,0.0018125339561684297
147384,0.0015509264076256062
147385,0.09867559160222279
147386,0.0004550326565830751
147388,0.04768896715182062
147389,0.044736667571033326
147390,0.037022414411343484
147392,2.3780035707918257e-05
147393,0.002406567472650707
147395,0.003546449372751158
147397,0.009555216450099432
147398,4.637850224279626e-06
147401,0.09526394721551999
147403,0.0029862527054209916
147404,0.012211153553930987
147406,0.0335692808818764
147409,0.05312236397772205
147410,0.004649897582898499
147411,0.0043348452965404185
147413,0.01879418054902797
147414,0.004681220599975504
147416,0.009914027760535023
147417,0.0037021801828308796
147419,0.019962651098678383
147420,0.030040378958721504
147422,0.02881055311653941
147423,0.003923606268400696
147424,1.945529839384593e-05
147425,0.1316052044669508
147427,0.00725096830033978
147428,0.0036263183196327603
147431,0.01608726627928985
147434,0.017219450972727132
147435,0.004297004912553981
147437,0.014782226031787008
147438,0.005516754573095264
147441,0.029861330892595555
147444,0.00015545738178833512
147446,0.001024160377110006
147448,0.019523105528814585
147451,0.1298293181149718
147455,0.02580128147877394
147456,0.001142111525508074
147457,0.02784195710488379
147460,0.00639239622981154
147462,0.04605387504560472
147464,0.018052224324887445
147465,0.00723573887367938
147468,0.14520896111475842
147473,0.015785147527876818
147476,0.015160777228335929
147478,0.027214460678401824
147482,0.00982939356288966
147483,0.11805987418464008
147484,0.006917232024645161
147485,0.006275751399880432
147486,0.016819257961590107
147487,0.08422960309841628
147489,0.13597477812375328
147490,0.022749805809979966
147491,0.004223266396666673
147492,0.039184903888631134
147493,0.031325032800545306
147496,0.010294224526020206
147497,0.0041825453595481146
147500,0.03420313291432758
147504,0.02722980894910179
147505,0.018349858697472084
147506,0.035621797843829885
147512,0.003130629654692512
147513,0.0036659423261988845
147514,0.008755124085863706
147516,0.01114766007433891
147521,0.007393992673808516
147523,0.0033620439020130392
147524,0.004578507366498926
147525,0.006414009896506518
147531,0.01831897613108729
147532,0.008299247560192105
147534,0.034098576595870116
147535,0.017665855891836363
147536,0.002538918203656877
147538,0.0023063786122234147
147539,0.11372472019999166
147544,0.010038261627757544
147545,0.029047133865200754
147548,0.0038700421072560315
147553,0.005826902564854121
147555,0.0051352184211645715
147556,0.02270033141590722
147558,0.027298547890201898
147559,2.362508126236779e-05
147560,0.004597472605495602
147562,0.029283392266796972
147565,0.004520516962958344
147566,0.2718656190712469
147567,0.0018923461709422504
147571,0.014578420027152672
147573,0.003022857435700899
147575,0.007195042702395379
147576,0.05618510025750778
147577,0.0046487157472972105
147579,0.007783906488995529
147582,0.13999683400490986
147585,0.014959662252445481
147586,0.1300386225669817
147588,0.003742390287422379
147590,0.022685204849049442
147591,0.015034571827176183
147592,0.19757697680432584
147593,0.042795450962149796
147594,0.018052224324887445
147595,0.0014936251610326169
147600,0.003926728450922449
147601,0.007757905954246865
147602,0.18823959549635388
147604,0.005129344142781395
147607,0.007341404949129638
147608,7.78263903568402e-05
147609,0.017559652883288698
147612,0.0009002130684327174
147613,0.034306290862478536
147614,0.12493434240589861
147619,0.029872856680872615
147621,0.03526246701927428
147623,0.004940362475132823
147627,0.08073453983203138
147629,0.03909642639240062
147630,0.0016815053185843321
147631,0.0035743858647995608
147633,0.0035474266111111042
147636,0.004101135557215062
147639,0.03036235315789485
147640,0.001832727018450935
147641,0.004485955053076765
147643,0.0032642590368557518
147644,0.007273920390755782
147646,0.003688004173728661
147648,0.007664462697542496
147649,0.0034134275988349284
147655,0.00407698207335315
147656,0.004929311203421756
147657,0.010355603097145259
147659,0.15128660446533806
147661,0.016496845958741912
147662,0.08704121132522757
147663,0.02918000399514223
147664,0.04299098880209186
147665,0.023793971273768998
147667,0.011792657558146662
147668,0.007546286226753352
147670,0.11112540158905986
147672,0.0013750755212442527
147673,0.010526037124028557
147674,0.02796360666227832
147675,0.2106559417630685
147679,0.14864941056683195
147681,0.0037252727536408684
147683,0.00802590367680486
147684,0.0040403403401383636
147689,0.017407209223539263
147690,0.002459759205681496
147693,0.03723928819400153
147696,0.003934700301879466
147697,0.12380033123513763
147698,0.020401675130693842
147700,0.1378194657541508
147702,0.07702476759064832
147705,0.018052224324887445
147707,0.003155701651382704
147708,0.04547450646734311
147709,0.0035967346218919306
147711,0.20852243680423385
147714,0.036075679958673786
147715,4.36756208935834e-07
147717,0.028833387433945167
147721,0.013346444936751306
147724,0.006972518197988359
147726,0.0017690929315905748
147727,0.020282843262044232
147730,0.003139815586403968
147731,0.003952794346709458
147733,0.022811055774759368
147734,0.054346288368388285
147736,0.020607128085141698
147737,0.021936053567257023
147738,0.12084503636657264
147741,0.007172191869250738
147742,0.18529039134659384
147743,0.03148852408195928
147744,0.13820172786508805
147745,0.016150659837663627
147746,0.055113822561420174
147749,0.0023005531755135307
147752,5.1704807134529905e-05
147753,0.052404367386730544
147755,0.04073900628837791
147757,0.0034622510004788504
147759,0.003525606665203335
147761,0.013188314809324676
147763,0.026582505729462108
147768,0.004726397294892373
147770,9.964509635566216e-05
147772,0.0034651222795954346
147773,0.04126194518900149
147774,0.0011963990893370784
147775,0.039027006613776026
147781,0.003868325508499541
147782,0.0008387637658848326
147783,0.003820796762037274
147784,0.03465132863288995
147785,0.003099190442307249
147787,0.003989014908237813
147788,0.002272946076913473
147789,0.005704765412377894
147791,0.003947361503290483
147793,0.030289784857354753
147794,0.02893510017882624
147797,0.09575508417975515
147798,0.003863198466529309
147799,0.004207421535078739
147802,0.03567315549715952
147805,0.07217566325274477
147806,0.021038991461915915
147807,0.008940390276734978
147808,0.04614005480181816
147811,0.007005193740789084
147814,0.002248571034702819
147815,0.0031283767541175718
147816,0.005886572767256686
147818,0.0011615285494274844
147819,0.03328317339626763
147822,0.011819871044028952
147825,0.01227846052853444
147827,0.002794931208879606
147828,0.006069985022045369
147829,0.0718976715602021
147830,0.02107801363054811
147831,0.003551063421699143
147834,0.006868502737901234
147835,0.0013190438556785573
147836,0.0001236763201823051
147838,0.000273340829214135
147839,0.002361897775405109
147840,0.009990071943390482
147841,0.011484659892386118
147842,0.1613529520961708
147843,0.018732964538461003
147844,0.00683408200113167
147845,2.2274361394023391e-13
147847,0.0048780000086983775
147848,0.11805041897345454
147851,0.007551672429922254
147853,0.016484284813296772
147855,0.07617489072124346
147857,0.007146439462070556
147860,0.07523149727654661
147864,0.001303605861978155
147866,0.00846474280062421
147868,0.0629899934389492
147869,0.028677655433799517
147873,0.008082730160306485
147874,0.0031180569339612652
147875,0.01843158994815432
147877,0.024390086549301648
147878,0.00012895820471419057
147881,0.06928109750956038
147885,0.020914689744021046
147887,0.06095626739035595
147888,0.02274662483692878
147890,0.026845133762924075
147891,0.009803427029874731
147894,0.04772169505202018
147898,0.03970120986920697
147900,0.0050734845625198186
147902,0.05193177243217328
147906,0.11598573890569247
147908,0.0006053120670547771
147909,0.019346339459518396
147910,0.006222988905272289
147911,0.0015696920079617553
147912,0.01836309050467822
147913,0.0031117923646400824
147914,0.00616409668449832
147915,0.015319492086987557
147916,0.002081976136597836
147918,0.0654777797786813
147921,0.004701350713911702
147927,0.0026793462959015285
147931,0.041018576688013564
147932,0.025884841184680877
147936,0.10164392459164891
147937,0.03782240885517141
147942,0.0053810451233396745
147943,0.02025947155562576
147945,0.0038727640990135486
147947,0.07447598677596211
147950,0.008163272522565412
147955,0.0211499517402552
147956,0.009152747064155278
147957,0.08572468711432493
147959,0.0651133459661101
147960,0.009636146688652552
147961,0.022091100977136336
147964,0.0011238369168921451
147965,0.021333617794248264
147966,0.007874721394943496
147971,0.0036203610437127833
147974,0.046097657091865044
147978,0.027713513152748944
147980,0.004627755352900666
147981,0.010862570181873367
147982,0.04520144788469523
147983,0.013581396812664386
147984,0.006011275669132541
147986,0.018052224324887445
147987,0.0036424465833647854
147989,8.360916783013033e-07
147990,0.13297733046917623
147991,0.006311534767804708
147992,0.12024540655342453
147993,0.13237066554351984
147994,0.003928182853508104
147997,0.018240738664377663
147998,0.16158326249289995
147999,0.018052224324887445
148000,0.004500174910851593
148003,0.006883657335166587
148004,0.009700103068422582
148006,0.00234583912994716
148008,0.08817313921326907
148009,0.0030364068341830557
148010,0.10641939291266997
148011,0.004287308982432079
148013,0.004207519670036735
148015,0.01195584827816231
148023,0.003740376220784322
148024,0.06713599088359114
148025,0.02361607034855313
148026,0.02782027969837294
148028,0.017622632713852504
148029,0.033573485573655165
148030,0.01641043521746268
148031,0.012019979705245378
148032,0.025435924619861577
148033,0.011624018220402366
148034,0.004635862690156946
148036,0.003703841731259374
148037,0.0030365413485375923
148038,0.009497556230581435
148040,0.004155165200067931
148041,0.000950674129141499
148045,0.0034483291879807017
148048,0.023462498627104547
148049,0.010635432397788446
148055,0.022588259340250248
148058,0.008895185407710721
148059,0.0383564770251797
148060,0.02178148477395865
148061,0.043204105305682854
148062,0.021489765790336037
148068,0.003864596304027044
148071,0.0051533743252602056
148074,0.12581710895679082
148076,0.0037736888876251074
148079,2.1500475074519838e-05
148081,0.041112162447410394
148082,0.007831271922997037
148085,0.002606875723265159
148086,0.0012876836879487476
148090,0.023462498627104547
148094,0.08301885899102945
148095,0.004073155828645685
148098,0.03348118233742546
148099,0.0879134971632662
148101,0.0643330488019959
148102,0.06077298053911909
148105,0.029797078153103906
148106,0.0034622416633787443
148109,0.020607128085141698
148111,0.004339964038140001
148112,0.018052224324887445
148113,0.04874074984422605
148115,9.907939585618903e-05
148116,0.15623922740079615
148118,0.0070603249737454426
148119,0.011839839631486226
148120,0.0024008194337783698
148122,0.04700168273649039
148124,0.005473053458190798
148127,0.07657868345025425
148129,0.003364774443499366
148132,0.003686972868838365
148135,0.015473399770052779
148136,0.01114243104647663
148138,0.0034623910599918643
148141,0.026264820529225127
148142,0.00572054515965766
148143,0.007025721239657221
148146,0.02171264784579993
148151,0.026784385908500574
148156,0.005582942525673744
148157,0.02403358022850496
148160,0.02646978858372954
148163,0.0017770061026008686
148166,0.010885800700906285
148168,0.040305964964762166
148171,0.007003574820328902
148173,0.001030888999640277
148175,0.008996487448201904
148176,0.0034205161880417963
148182,0.004277231187387782
148183,0.023004221003210926
148187,0.003203925575981443
148189,0.07419342433413774
148191,0.14844244132658893
148196,0.013273135212853743
148198,0.0027795729140994885
148200,0.033811236209284924
148206,0.032924893969368506
148208,0.018491539798938455
148210,0.10381020634451842
148212,0.04423646189537048
148214,0.0029649150721311112
148215,0.0001027378352947218
148216,0.004997197210766058
148217,0.004955367476680113
148219,0.02563915897863763
148220,0.08687241881382513
148221,0.004926805024081805
148222,0.07019245350899009
148225,0.0005752752934920854
148228,0.04116112922418567
148229,0.04090053000782974
148230,0.01610477574136628
148231,0.0016868017435458982
148232,5.196981041995092e-05
148234,0.00454869440726951
148235,0.004383268074621251
148236,0.0054534596199827656
148238,0.0011361496184239957
148239,0.06255585324395123
148242,0.011177678162793794
148243,0.0054318699281672884
148244,0.0007006743926927498
148246,0.004295395956801776
148248,0.025422153850553002
148251,0.005506880649545476
148252,0.008692772568825934
148253,0.09966341438246006
148254,0.000883264516770028
148256,0.048672831345501905
148258,0.015659996490624897
148259,0.07644050278975004
148261,0.010521106686217311
148262,0.010139058401920276
148264,0.003088163048400311
148265,0.004989112910523274
148267,0.004929311203421756
148268,0.0032213689270841144
148271,0.04435155341604186
148272,0.00572200634987399
148274,0.025846937587301902
148275,0.0019824038212084448
148280,0.01221680643754282
148288,5.160606423118986e-07
148290,0.10237144314528047
148291,0.1340316903781172
148294,0.0036550287799158847
148295,0.003369520025968158
148296,0.00879386191910127
148298,0.06756281285513156
148301,0.0033422136319375506
148302,0.012429036002090083
148304,0.024463154391590997
148305,0.034346025640712506
148307,0.004314320773918184
148310,0.00018114305464477166
148316,0.5387683918419175
148317,0.00270636841856102
148322,0.01753970366237954
148324,0.005342806256958252
148326,0.003036383975966692
148329,0.016349910302110908
148330,0.00835087081024806
148331,0.022683603680552226
148332,0.012455282786308768
148336,0.003358863886638346
148339,0.14156062950009166
148341,0.01592499912410525
148342,0.007078112833932888
148343,0.02248183392216271
148344,0.02743120538561619
148345,1.978133807573216e-06
148346,0.04668668265487799
148350,0.08340606421499662
148351,4.693992061303913e-05
148353,0.0053037455691977075
148355,0.002707310321896688
148359,0.0024755723764702977
148360,0.051318202010580585
148362,0.008797988376777545
148363,0.024089602779512487
148365,0.0038954755318346885
148368,0.022766488813314167
148369,0.03417096158198163
148370,0.0035093696423503214
148372,0.0035547327595586947
148379,0.016744377065211858
148380,6.080441221319285e-05
148381,0.044093655623910835
148383,0.0038725520149178786
148388,0.0023115924003574897
148389,0.004972854709896803
148393,0.0032194400420547035
148394,0.004965015985768658
148397,0.004118850759024794
148398,0.009306406642340831
148399,1.6132183876474035e-06
148400,0.0030980681611279077
148407,0.07347183598165204
148410,0.11333935043473004
148412,0.004888628939048083
148413,0.015657232693152938
148416,1.1335306625435272e-06
148418,0.03668635631004979
148421,0.005909952631450632
148422,0.010650322819908764
148424,0.0019379341347208136
148425,0.02164085758761401
148427,0.019426979399202383
148428,3.861383686392813e-06
148431,0.05075066464240227
148438,0.023570463425071804
148439,0.0030364904753861985
148440,0.03441150042217029
148441,0.0146432688902685
148443,0.0002832168879634938
148445,0.006713854088483055
148446,0.24882383027285002
148450,0.13530477105589286
148451,0.02167844090168306
148453,0.0055072861837656036
148454,0.031641507040581295
148455,0.040639824430304956
148456,0.003687562995934161
148460,0.09309163091570684
148464,0.0037816934503291672
148465,0.11747973431023294
148466,0.11742933565078711
148467,0.021341205499844022
148469,0.00340538443643256
148470,0.045693391718629
148474,0.0879134971632662
148475,0.003152968395417871
148476,0.04047368254881339
148483,0.008415675244437945
148484,0.037818972023351854
148485,0.14618701621195637
148487,0.0035643945403947288
148490,0.004402724007452177
148491,0.0018656130590938744
148496,0.009307992945649893
148497,0.012832308315786427
148498,0.06221713921905023
148499,0.0057865444817245155
148500,0.013694049465812236
148502,0.00590626118269492
148504,0.012563105540344831
148505,0.047521498189877394
148506,0.009422252967750495
148508,0.0023010301477453783
148510,0.0022437394162469503
148513,0.008431107578343157
148517,0.007666397157776982
148518,0.005137843435582644
148519,0.008901705076523228
148523,0.020677512294449467
148524,0.0037662949645270367
148525,0.0061665059334395
148526,0.017865225067533914
148527,0.05716297526414744
148528,0.12684085140801407
148529,0.06101822644516923
148532,0.004470782553625472
148535,0.14487271162314092
148536,0.013989986177919208
148537,0.005846065867989961
148538,0.0501078147100619
148545,0.004134692567479554
148546,0.014640094516139405
148549,0.003195876784747272
148550,0.12745529819117657
148551,0.01958285881296811
148552,0.012038070421506786
148553,0.00027555162512373296
148554,0.02091896206258054
148555,0.007639252430738592
148557,0.0009250223042921061
148558,0.004052446039587879
148560,7.542745061719838e-05
148566,0.034580479881602635
148568,0.003405240301679851
148570,0.024557895185618017
148574,0.00033115597387030197
148576,0.0793237654707713
148577,0.00868540080246422
148579,0.004091588450521709
148581,0.0057908703476431955
148582,0.0019879526548818712
148586,0.007488989226888798
148587,0.023279556390476033
148588,0.00231424887237193
148589,0.005409347446458965
148590,0.008208622865211943
148595,0.003882806539006848
148597,0.0034661895771077875
148600,0.0016523976691250042
148601,0.017803466004673748
148602,0.009595465304530947
148603,0.0030363740656341666
148607,0.12531015626264339
148608,0.001168602030898829
148610,0.08322296059338886
148613,0.014101900205980445
148615,0.013693590932799109
148619,0.0024813715750470803
148620,0.004030211807113583
148621,0.03207850446387085
148623,0.0033037149099199733
148624,0.0034351710009567155
148627,0.0037632865909341022
148630,2.699491727503229e-05
148635,0.0051260635682846166
148637,0.024027578818937283
148639,0.003036496949510424
148640,0.02217952491787878
148641,0.007093244869185768
148642,0.003162325557013261
148645,0.10676728054195328
148647,0.004248913856135076
148648,0.004676501242157533
148650,0.02236958415039355
148659,0.03592355574767524
148665,0.03448988903809137
148668,0.003800320365626238
148670,0.021153073875636415
148673,0.005635300817550307
148674,0.10841303365116445
148675,0.003231641864510811
148676,0.005614641180788733
148677,0.04363244753145443
148679,0.0002922080776160028
148681,0.003795250769018386
148682,0.08613988973022192
148683,0.03425081567403871
148684,0.02349311102125699
148688,0.01215767119663018
148691,0.0034288519016533385
148692,7.023160878731468e-05
148698,0.006467237501407943
148699,0.03337910507890513
148701,0.018160209361791975
148704,0.005017187578642042
148707,0.0030363938863314658
148710,0.004224494916591343
148711,0.004500172379575425
148714,0.0030491854733637725
148715,0.013694049465812236
148717,4.3581255876166734e-06
148722,0.03691204671162804
148723,0.007922521611956983
148725,0.00907827927689425
148726,0.00749094515351504
148733,0.006391620903752348
148736,0.018158367791135614
148737,0.029385495242545672
148738,0.015951607169674295
148739,0.014422899973823174
148740,0.0037216489920211555
148741,0.00303659697852973
148742,0.02818389591304619
148743,0.058174458465623316
148745,0.005808293509820238
148746,0.10628330877404576
148747,0.01133998580447113
148748,0.01626617955257613
148749,0.062471975564279386
148751,0.146119597343572
148752,0.022867917635106993
148754,0.020118428418209492
148755,0.005501358931514046
148760,0.02030955477012543
148762,0.004229160675116929
148763,0.07958783469650774
148764,0.13347606697014944
148766,0.027228955888407968
148767,0.018052224324887445
148769,0.0041541766389858285
148771,0.0029862685117874118
148773,0.004567260692793197
148777,0.0018323691883072642
148778,0.11691977887748228
148780,0.003783355470625537
148781,0.024482489988182067
148784,0.051575114066580365
148787,0.0031007303157041585
148790,0.03262050797956768
148793,6.6077760397894835e-06
148796,0.1463027886063584
148798,0.003538213383356272
148802,0.007201507118890723
148804,0.00035111959818870104
148805,0.038646675028961894
148807,0.010252793292726972
148810,0.0483384313586575
148812,0.006832532549531254
148813,0.0062302069469798655
148815,0.006827926793173924
148822,0.0006983990784931663
148823,0.004980134006202656
148824,0.1028588645797452
148829,0.028653301700977598
148830,0.11403487662988387
148831,0.30520766446610753
148833,0.02715550591592847
148836,0.00290388740445925
148837,0.005748694640261914
148838,0.0008169764987830935
148840,0.008328185027787502
148841,8.212867950950878e-05
148842,0.013104054132346216
148843,0.08491877838646947
148844,0.022153741823717772
148846,8.787565776535257e-06
148847,0.020550121185459617
148849,0.00949880511028947
148851,0.03072969211990802
148853,0.020607128085141698
148854,0.014156030340084499
148857,0.05861189713730493
148860,0.0077546806668641124
148861,0.004096462749661204
148862,0.1027535252093494
148863,0.005674061837321398
148866,0.018052224324887445
148867,0.028039558859079054
148868,0.005141434845637153
148869,0.11390157933444012
148871,0.011481044321111997
148872,0.09876951454842015
148875,0.13589167405884664
148881,0.018291930754528
148882,0.004972560703466521
148888,0.0036880906333185363
148889,0.01080528866905555
148890,0.019654810325627714
148894,0.03935244688699149
148896,0.0019371622666672546
148897,0.00820821515635515
148902,1.4284501144680308e-05
148903,0.002985739530028227
148910,1.907918031776279e-10
148911,0.004545398078441197
148912,0.0035645714698690147
148913,0.0041653010516702945
148914,2.6300958455766817e-07
148916,0.01895809430568258
148920,0.00019921175423964427
148921,0.002077446833265923
148922,0.007153647601456045
148923,0.007992355207773406
148924,0.03924111565082071
148925,0.021488017504139582
148926,0.006383345649266873
148931,0.003155289819638711
148932,0.0029943813380158505
148933,0.005862185947829069
148934,0.001007772237449007
148935,0.003513409411141795
148937,0.051357028134857076
148942,0.027718762585300535
148943,0.0015826607098617168
148944,0.012041663529288165
148949,0.054049630702168804
148950,0.003055394209228125
148952,0.019533412445998512
148953,0.03202405795399196
148958,0.01626838707032481
148959,0.03861990028402633
148960,0.002369780137284911
148962,0.060354458531556895
148963,0.003970634877211553
148964,7.3041288489294015e-06
148965,0.0003312687533297491
148967,0.033186727084352385
148968,0.10048640874418947
148970,0.0014971825562434188
148971,0.08279755420424308
148974,0.0026552513519613823
148976,0.0036828038142239575
148978,0.0027186600527361747
148981,0.002960899615183362
148983,0.0005163833331501395
148985,0.16768827101842215
148988,0.11584945538544257
148989,1.191800743788731e-08
148990,0.007301283459173322
148993,0.013244275105514677
148994,0.020111025427259312
148995,0.045371311325905696
148997,0.006135970534560813
148999,0.013688118978831812
149001,0.002666426868724367
149003,0.025521116001970545
149004,0.021828322186501558
149007,0.0025509069988085054
149009,0.03457213001710393
149013,0.10895119844532579
149016,0.03454628821009789
149017,0.036771324567102866
149021,0.0006721570271112917
149022,0.006375564622438735
149024,0.018052224324887445
149025,0.034966429504354066
149027,0.004202385114788663
149029,0.004480467658742904
149032,0.13875370531875245
149033,0.03686536961482923
149037,0.015103829916162714
149039,0.0064087006115202015
149042,0.010976214340886942
149043,0.03404260293116304
149044,0.0029510816229355486
149046,2.6713764102697484e-07
149049,0.003973929433211287
149051,0.000720489484321518
149053,0.009071450424060776
149059,0.00669375551061601
149060,0.000788916408240527
149061,0.004480831365120813
149062,0.004676922771893659
149066,0.012639864022496651
149067,0.013694049465812236
149068,0.004500027491922627
149069,0.08867759019388824
149072,0.002829644866249681
149074,0.0031498107582084824
149076,0.13204313928688186
149079,0.0600688675082086
149081,0.003202972776954081
149083,0.08904580357609639
149085,0.021894351014693524
149086,0.0038198648819403927
149087,0.13258233651296225
149089,0.002315209026249926
149092,0.13713588398940504
149101,0.00609651180878741
149102,0.005011231465996756
149108,0.013157969296917456
149109,0.0020126235982395307
149110,0.0021244532759471706
149117,0.014631893247716406
149118,0.0030374276908305
149119,0.02739812157732475
149125,0.0025625484445258753
149126,0.0002974965045184667
149129,0.004297413300370214
149131,0.008264216748898065
149132,0.09209680621109126
149134,0.23201525868714112
149135,0.03574093834804445
149137,0.015330318492994585
149138,0.020607128085141698
149139,0.03165872759503591
149141,0.002996029172618641
149142,0.04272822323003355
149145,0.003803794744278965
149147,0.0036192903810411924
149148,0.016937209847429097
149150,0.005995996695296132
149151,0.014145376085145173
149152,0.0051489549516578244
149155,0.020739201125938068
149157,0.06418872578741368
149158,0.01150379464361968
149159,0.005120716751114295
149161,5.516259854743525e-05
149165,0.10417810991064692
149166,0.0034572594144561724
149171,0.09201164993670329
149173,0.0002595771036408503
149174,0.12646407239670374
149177,0.024362798534050358
149181,0.000120054475404917
149185,0.002809303491757567
149187,0.03226267434247736
149188,0.03614691944626089
149192,0.007599415757702618
149193,0.00038140940990304226
149196,0.018308182391827726
149197,0.04020014881284761
149198,0.03861639168489511
149199,0.0069227479983967255
149203,0.10490313470161726
149204,0.008138955527665283
149205,0.003248362261778348
149206,0.0156874244354317
149209,0.014413139822948066
149215,0.0019112925102261538
149216,0.016951581680678212
149217,0.024257098496243835
149224,0.002351920319665934
149226,0.0010881184583123214
149227,0.017770434655065347
149230,0.057058155698231555
149231,0.11627055684435621
149233,0.029843064977787086
149236,0.003845993555970774
149237,0.016260614541912043
149239,0.007216676627297402
149240,0.012121914498596153
149242,0.006722417122804164
149245,0.004524780935104693
149247,0.04131269139506373
149248,0.010713280983916447
149249,0.1280131855433228
149250,0.004502290241710648
149252,0.08499895122289344
149254,0.0022987204757652538
149255,0.003540188856692544
149258,0.0912207118591281
149259,0.023660609864195735
149261,0.03490029703238103
149263,0.005635393784764981
149264,0.26251620664546155
149266,0.00817131378628852
149267,0.07347183598165204
149272,0.023463000490516008
149273,0.004413858826455115
149274,0.008180721848192202
149276,0.0023954369107330696
149277,0.014562354414535105
149279,0.14450383762340893
149281,0.00250904745892428
149282,0.0027653502249414203
149283,0.03884344086896267
149289,0.13128523155242353
149292,0.0001519897381483794
149294,0.02851231348456033
149295,0.004141718779604659
149296,0.03509714078392053
149297,0.00011095655918410915
149299,0.00047396845013767357
149303,0.0034964025728956225
149305,0.13205238439729852
149309,0.0006573976918731149
149311,0.022440474429890944
149312,0.13998152038296535
149315,0.00569080143985954
149318,0.003120713844534701
149323,0.0023006106751751803
149325,0.0070606765741591405
149326,0.014482731949819668
149327,0.004430752617953701
149328,0.008636325992594574
149329,0.13967275089185377
149331,0.05609974761838849
149332,0.002278244505892397
149334,0.05376274445257983
149338,0.04701983597675472
149339,0.01576620209852679
149340,0.009415944232790963
149342,0.0008051484387071853
149343,0.018039340198660537
149344,0.0327513937764791
149345,0.0067381308638737696
149346,0.003203875603417258
149348,0.02144090430093259
149349,0.006642499375518836
149350,0.08831731213244512
149352,0.03163399924223858
149353,0.004196111642871749
149354,0.046442280725827664
149356,0.07761222046590141
149357,0.005950665599976217
149359,0.12938854408515313
149361,0.031082445907550924
149362,0.007851466550560222
149364,0.046181020286981005
149365,0.006751559049970048
149369,0.004855707848121269
149371,0.09512802602803536
149372,0.0009533735005663576
149373,0.006546155724130142
149374,0.018167084114234275
149377,0.02226032768294162
149378,0.07185034431764928
149381,0.0030363938863314658
149382,0.0651840915943395
149383,0.006628943694607867
149384,0.003997861150236604
149386,0.1356021195089392
149389,0.05107187669965554
149390,0.014326523923767367
149392,0.00011151315391613789
149393,0.03177144522800788
149394,0.0021544183553689374
149395,0.005467194644772636
149396,0.0029862685117874118
149398,0.005846812457620281
149399,0.004157806718951219
149402,0.0030027397414666354
149405,0.004547857753242487
149406,0.0037685658266666667
149407,0.0014846586936850576
149408,0.021991704854051105
149414,0.004644922002561702
149415,0.04108910564124654
149417,0.005281242600591242
149418,0.007847127103306878
149420,0.007294986577711276
149421,0.016433172326665788
149423,0.008717313684285587
149424,0.03629805592933219
149427,0.003868156269930482
149430,0.024335256163897073
149431,0.0040629466033808015
149441,0.02753798097252998
149443,0.037404179825017606
149444,0.06843152958320073
149445,0.04604184549860884
149446,0.036070787186633535
149447,0.011831875954178868
149455,0.0023909715925318543
149457,0.0292728464246629
149458,0.03263697276391671
149459,0.13808854606074186
149461,0.00813207880722213
149463,0.011659178240656409
149469,0.0025147662837960516
149470,0.022711074178116686
149472,0.004874057797843163
149479,0.11344660624394456
149481,0.003502016710868806
149483,0.02461736575961806
149485,5.629023808938812e-06
149486,0.012155137392424974
149489,0.012921352403204836
149491,0.006404731390183228
149496,0.004905015069075419
149497,0.007667943317078369
149498,0.024355771972935064
149500,0.0313080977111125
149502,0.007581449850693046
149505,0.010477061336938053
149509,0.012880028180421596
149512,0.002790019206152709
149513,0.009150599399203044
149514,0.005002600356900449
149516,0.12260157559585591
149518,0.018052224324887445
149523,0.0008520019367826922
149525,0.058270492986854605
149529,0.005052559114580735
149531,0.002984869808651568
149534,0.12084783393078302
149539,0.028377345739364186
149540,0.1348608084687236
149541,0.014264197317579943
149545,0.00011768204508717527
149546,0.02880897280544229
149547,0.0039299888561231755
149548,0.020409334075619415
149549,0.15643319285834037
149553,0.007194968958414637
149554,0.0023006045711055946
149558,0.0018772309993820664
149559,0.012541536734001452
149560,0.06398851325368961
149562,0.13742206519920835
149563,0.003349810779068072
149564,0.005416635476463115
149567,0.01075611822382007
149568,0.030289784857354753
149569,0.004182479751937827
149570,0.09452488525826407
149571,0.013841770414858658
149575,0.051858833159845706
149576,0.008128139925705484
149578,0.03909301963347288
149580,0.00037711283629458564
149581,0.0992045229657848
149586,3.356554685738892e-05
149587,0.0036640858029689215
149590,0.0032698265897633198
149593,0.004948995208916864
149595,0.007387747781535307
149596,0.0013408223653852318
149598,0.001934621580566401
149599,0.004349914177042317
149602,0.0059910073489138045
149603,0.004384973379182221
149605,0.13946160184518738
149607,0.0030072695900740434
149610,0.0008189600365973574
149611,0.014491383704471566
149612,0.030289784857354753
149615,0.04331897008076027
149619,0.012117243128013478
149621,0.010135688897627951
149622,0.016544835256975
149626,0.12192286748777884
149628,1.0828903244713526e-05
149630,0.0250084198016146
149631,0.02091770559888652
149637,0.005986538258725787
149638,4.361390326779956e-06
149641,0.03141312435957594
149642,0.03614488426042236
149643,0.06518791291651307
149650,0.006908997479244678
149652,0.002273140338664703
149653,0.03450229603817622
149654,0.04903368463750112
149656,0.005960705653585161
149657,0.00012322849752013958
149658,0.1348608084687236
149661,0.007039694945021514
149664,0.024482489988182067
149667,0.04054222386801588
149668,0.004798778229754217
149674,0.0004886443129741927
149675,0.02129446412591206
149677,0.3338662549934431
149679,0.05178678629553064
149680,0.0032194894638307024
149681,0.0006701078444893019
149683,0.010657319351780868
149685,0.00251801926616214
149686,0.0992045229657848
149691,0.05252309164359952
149698,0.10063310865242243
149699,4.727577234778731e-06
149700,0.015445233932887248
149701,0.02296028494226418
149702,0.07696722033243579
149707,0.0008916656435325373
149708,0.14574977653498197
149710,0.0032753969324793705
149712,0.01895776703622136
149713,0.019735194781735202
149714,0.0021815796706129136
149715,0.012168476699585384
149716,0.030695456630189
149717,0.023726032981851938
149718,0.005328758423017071
149719,0.07957340483839817
149726,0.0008819503838557805
149727,0.000644136409248197
149729,0.05248797490912654
149730,0.0023006045711055946
149734,0.004991847645536859
149736,0.005176992220483723
149737,0.002996397820787777
149738,0.012146273152341699
149739,0.0031341490540856077
149740,0.019608486868546993
149741,0.014495081501425505
149750,0.031507533696581866
149751,3.57563265061785e-05
149754,0.05990517699780014
149756,0.016231153454380417
149759,0.23488438055146987
149763,0.025805197924379516
149765,0.014612760898909673
149766,0.10877711285682165
149768,0.028824694920203803
149769,0.008016411189534663
149772,0.0016064764426183282
149773,0.0018185971409428263
149776,0.004359338531760725
149777,0.040142907649570465
149778,0.0028572858095604345
149780,0.013789693104632397
149781,0.0007853896482600001
149783,0.004947994443545092
149785,0.0008004584599554572
149786,0.05568586858841759
149794,0.008269250801497504
149795,0.0015821303872307847
149797,0.006078301059392532
149798,0.0034624151556216427
149799,0.006019140176492095
149801,0.014263425074689595
149802,0.034761639750760624
149804,0.03470794243618549
149805,0.027558259024176173
149806,0.021451654498621183
149807,0.0025847915998091545
149809,0.026082633539903755
149810,0.0022125423571961924
149811,0.006850454163936147
149816,0.003405240301679851
149817,0.009787478329001858
149818,0.004443838710031216
149819,0.008819097893214856
149820,0.0023006106751751803
149821,0.10010035354183767
149822,0.006997328796803363
149823,0.008900514804070385
149824,0.004561501238186554
149826,0.003551138905379705
149827,0.03183456063217334
149829,0.09275552943819895
149830,0.13310834362652724
149831,0.40646661047825294
149833,0.013251499627573738
149834,0.07047944957131673
149838,0.037065219668359864
149839,0.08837372329242793
149840,0.01163717308434421
149841,0.005351917636618507
149846,0.005563348410676686
149851,0.0044215009690747155
149854,0.07651970479362272
149856,2.3575655189880256e-09
149857,0.005463330876711245
149858,0.005685405677573592
149859,0.12291932175860659
149863,0.004220511455285784
149864,0.0004027155281530352
149866,0.05243996570658346
149870,0.004068819255442889
149872,0.004337881550828993
149873,0.007067164031461931
149877,0.12529962810616038
149878,0.010136740243033153
149879,0.0737257539752891
149880,0.0852149987775038
149884,0.10417810991064692
149891,0.05875493019398431
149893,0.0032057278046615195
149895,0.14859794968639975
149896,0.003083496364719065
149897,0.016486371263262006
149898,0.05429981381216472
149900,0.0028288696212923335
149902,0.07252256234491829
149904,0.018052224324887445
149906,0.004686401660971592
149908,0.2303322754163143
149909,0.0021593212409876964
149911,0.004198063705413936
149912,0.0037710828103824636
149916,0.025836797708033443
149917,0.012390951981769193
149919,0.03195257863164889
149920,0.02061056966858211
149922,0.00028064819917220514
149923,0.05305329123842256
149925,0.046850606422312285
149927,0.005674038360848674
149928,0.0732875188907265
149930,0.018052224324887445
149931,0.01496921042614397
149932,0.005488455127514552
149934,0.01089946694486181
149938,0.014341823224202757
149940,0.003422063227038377
149942,0.006953919459800913
149943,0.13457636819304972
149947,0.0050606764221723995
149948,0.05306657830758201
149949,0.13916742593809822
149952,0.12882255773721188
149953,0.018161714216173668
149954,0.04614413302269535
149957,0.01042242562246774
149958,0.004106072240088613
149960,0.005361941911218713
149961,0.04684132714749524
149965,0.01467141197635918
149966,0.10642697280543698
149969,0.0036931142365951163
149970,0.0030444909034777297
149974,0.03288618594450722
149977,0.004932664700530466
149978,0.014264425640339024
149979,0.002840952505033368
149981,0.0016491577828027337
149982,0.03799533468507476
149983,0.005185524348078121
149984,0.04433406298203696
149988,0.0004048896406191974
149989,0.005543967950876216
149990,0.014825526286137996
149991,0.054146581601585905
149993,0.006394346422852717
149995,0.006312055992628846
149997,0.08890139873195183
149998,0.001386344289860036
149999,0.004521219087558845
150000,0.0013298437245112605
150001,0.05038370251467483
150002,0.14100001863768505
150003,0.003167542745753396
150004,0.003951890853645996
150008,0.004722302944719311
150013,0.006950162154657732
150014,0.00244525121523378
150016,0.006383542647436957
150020,0.007639271144110204
150021,0.007237857095145831
150022,0.0013864846670770229
150026,0.047700995239699374
150027,0.010288626952728069
150028,0.0027539734907613225
150030,0.1664381278621513
150032,0.01276356224715439
150034,0.019956044175842066
150035,1.0764331886696944e-06
150038,0.020602947045866717
150039,0.0047655893306465386
150041,0.004500136157226872
150046,0.02076125885270295
150050,0.006274418240456
150054,0.021398314032746373
150055,0.0551303072730104
150059,0.025019556200031216
150060,0.05177553590487211
150064,0.015503626935690682
150065,0.005057579086317268
150066,9.221669962916835e-12
150067,0.0031352349092588047
150068,0.11112540158905986
150069,0.02360017225053885
150070,0.01119250378264657
150071,0.041184311438747144
150072,0.014311244902340807
150073,0.01513191711078177
150074,0.10250059154444917
150076,0.04928979129228447
150078,0.0025206951759422984
150079,0.0001278579524056978
150083,0.00020729526119845948
150084,0.00141159288985527
150085,0.02446741107649741
150086,0.053464125500941116
150087,0.038854475284027946
150089,0.0009974877791114251
150092,0.002462436141925731
150096,0.4319296530557367
150098,0.0021915869409931655
150099,0.0671890469201894
150100,0.1076323497597091
150102,0.006433852391008858
150104,0.015697686425987893
150105,0.02294348228646966
150107,0.004624424662051899
150110,0.0054276563571053595
150113,0.022896347824257778
150117,2.981103080457578e-18
150118,0.028676788396201625
150123,0.004489569330766711
150124,0.039688601287876005
150125,0.11068223852101146
150126,0.01715112093552681
150127,0.023608390039428214
150128,0.013315504504955743
150132,0.005255713976624481
150140,0.0232796760999756
150141,0.1297056204178209
150144,0.021081938707693856
150145,0.04934070240588493
150149,0.02490748774119469
150151,0.003033222392171924
150152,1.0177697076411382e-05
150153,0.013991226780761338
150155,0.022573851246503802
150156,0.0031274492984340574
150159,0.003361058658621084
150160,0.017534264753858476
150163,0.007115607996412247
150169,0.00538460083762124
150172,0.002171958436554133
150173,0.006347669565654095
150179,0.09152719064491724
150180,0.004494055688190063
150182,0.05657926363925102
150184,0.0025045652777849663
150185,0.13414893710360062
150187,0.011247103901735132
150189,0.0038118865285429225
150191,0.004265208566534949
150192,0.01708090037816207
150193,0.0019847859341834717
150195,0.024790344464992436
150200,0.036107495858741706
150205,0.13170206763492
150206,0.01963863883917346
150207,0.0235387397647352
150212,0.12460501376924624
150213,0.11680787173805769
150216,0.006933171309119395
150217,0.013852426424043229
150219,0.021846656473958066
150221,0.01140132510487294
150222,0.0664695565537079
150228,0.0003392374061974999
150233,0.006604568226567888
150237,0.009526701397332379
150242,0.017491172380567317
150243,0.00588121670916605
150244,0.007346249267259582
150245,0.028271349541481076
150247,0.0024214814541124226
150249,0.0036433470963686864
150253,0.006233818256290591
150255,0.03349996109092921
150256,0.045226234615111084
150257,0.016175552686261446
150259,0.10809022226872997
150262,0.00520186748577742
150263,0.13243683615003668
150266,0.004741245889072221
150267,0.002738025904757942
150269,0.004761190586106831
150271,0.004073159027224971
150272,1.997159877379497e-14
150274,0.0033578732971044837
150277,0.0038828569646307577
150278,0.003988333974624218
150279,0.12069138562652457
150280,0.018744855212262403
150282,0.008479185713569745
150283,0.024674645248929306
150285,0.0404794681725442
150286,0.010245887613582099
150289,0.10427180656457201
150290,0.0036009517059721993
150291,0.016056783294545074
150292,0.012377307024666561
150294,0.0032297493775809865
150295,3.2206531513878344e-05
150296,0.12317082010283047
150297,0.04429497089606519
150298,0.020977620677928948
150300,0.030100060738528004
150301,0.07273013789026188
150302,0.16060798375113852
150303,0.00014494252441553813
150305,0.004863590132071176
150306,0.018052224324887445
150307,0.031718406704532666
150309,0.021607988331394292
150311,0.024239789541003934
150312,0.006358768680070135
150313,0.004390346245386467
150315,0.005841638968414903
150317,0.018052224324887445
150319,0.008184265870609162
150321,0.014393551899651682
150322,0.010304571924335369
150325,0.021476687749209876
150326,0.0005037756504434246
150328,0.0001836473885600526
150332,0.023324853368046596
150333,0.005819900632107051
150334,0.00450005417075083
150336,0.005478513718857545
150337,0.004623210941743054
150338,0.1076876787813368
150342,0.014292430661439244
150343,0.003912420631360723
150345,0.008530377472188242
150347,0.13711377512236372
150348,0.013702935960108693
150349,0.006906142147747478
150350,0.018964514588323482
150351,0.00303659697852973
150352,0.006881645374805277
150353,0.02410131859805596
150355,0.020677560560026998
150357,0.01981398895339078
150359,0.06908909297980849
150360,0.0067193933238036815
150361,0.029632450685152672
150362,0.05674312560764632
150364,0.03436360496393352
150366,0.003224003191051334
150368,0.1438997051834791
150369,0.027503571632301424
150370,0.1108311478649219
150372,0.0001605925647250469
150378,0.002996944584044197
150379,0.028624184199746525
150380,0.025717095305240082
150381,0.022382674670812064
150385,0.021699851138298094
150388,0.006216193719564866
150392,0.0037982540290601636
150395,0.038039264790966754
150396,0.0472758863522322
150398,0.004611460582340235
150399,0.009230067354808526
150400,0.008122550745749592
150402,0.0007104578720161484
150403,0.049572411211217055
150405,0.06582727839383215
150407,0.002036454728977958
150408,0.003161644623548512
150409,0.057333123273845515
150410,0.010026486185841543
150412,0.02748067712718523
150414,0.003923502122932028
150419,0.01147609698119535
150421,0.021841137359598833
150424,0.016480243077151367
150425,0.01055516092897018
150426,0.0025852373764454943
150428,0.06549215265884205
150432,0.006120152622909976
150434,0.002994174428405382
150436,1.509249581461879e-07
150437,0.0045423220237316864
150438,0.020607128085141698
150439,0.003799420866782926
150440,0.003842324581135311
150442,0.018052224324887445
150443,0.008378734288695459
150444,0.2958914625189763
150445,0.006334605551967456
150448,0.012254519785376727
150450,0.0077320551164040355
150457,0.025776265900289114
150460,0.002252617607471734
150461,0.005846655219284197
150462,0.08267083446398675
150465,0.004484549824751059
150466,0.0016936844399753916
150467,0.005974291915136747
150470,0.003175525942826061
150471,0.01022389786297276
150472,0.004844430173396731
150473,5.628959879432788e-11
150475,0.0007488698088762525
150476,0.002312375472732974
150478,0.006233138776213087
150481,0.005871740454333093
150482,0.014993866362671101
150484,0.0031861696695692173
150485,0.002315209026249926
150487,0.07777571001677747
150491,0.0034776684558573546
150493,0.005643103197797918
150494,0.023126035590098175
150495,0.006082933833557669
150496,0.12646407239670374
150498,0.003500588031127706
150500,0.0019733731337625874
150501,0.018052224324887445
150502,0.057465696988092514
150510,0.11417307984447543
150512,0.003919376885959436
150513,0.01835679750525276
150515,0.004897399965932652
150518,0.00650048622859136
150519,0.004229830015579049
150520,0.026661780573265542
150522,0.026916213141857413
150524,0.0038724251787525866
150525,0.003031040760705873
150527,0.020074592934162677
150529,5.37161969698085e-05
150532,0.016227930037551817
150533,0.049336704654959686
150534,0.020610865509578954
150535,0.020514639253713492
150536,0.012129953029450793
150538,0.017218607811660305
150540,0.018052224324887445
150543,0.0008256414436339434
150545,0.0004601756021267254
150549,0.04013789273965341
150551,0.1057687223132712
150552,0.03371011953051698
150553,0.08397081762995644
150554,0.10382186209180792
150555,0.0011780417142071631
150556,0.029196318101573415
150559,0.01097808159272107
150560,0.13067266355487314
150561,0.003980297224454381
150563,0.009164434556629611
150566,0.005727659354991179
150568,0.1268990599431178
150569,0.005807176528497002
150572,0.10241310316681228
150575,0.09291978862569074
150576,0.040292781659210186
150577,0.09472021971727437
150578,0.003567447122204594
150582,0.002986224416410667
150584,0.01662064181246622
150586,0.006419764810909002
150587,0.14666419873526634
150588,0.01790991131167921
150589,0.004213599664271145
150590,0.005991279520365307
150593,0.004935191499168308
150594,0.0038736389561399567
150595,0.06618044886800536
150596,0.006137902886824304
150599,0.006620148777305299
150600,0.023507523469960042
150602,0.003323365579100084
150607,0.0037707247196746615
150608,0.022024513581717392
150609,0.02556509305599108
150610,0.0013416261080517803
150611,0.006593564756001474
150612,0.01958186718420422
150614,0.019928902958301433
150617,0.05203259453937218
150618,0.0024644621799158753
150619,0.033574122171247285
150621,0.14270380158250845
150623,0.006748530160954994
150624,0.003923100893502056
150625,0.022637590611380445
150626,0.06303800662416076
150628,0.0567818906807038
150629,0.042066203152629995
150630,0.015484441138850329
150634,0.01465407603472974
150635,0.00671370073807052
150636,0.01777058651350805
150637,0.00011840000802795343
150638,0.00405449700950445
150639,0.01302172373825259
150640,0.006764132328730277
150642,0.05264428269454491
150645,0.05709216730709252
150646,0.02008429992305295
150648,0.00302212604115899
150649,0.001880902110812511
150651,0.019534028434236128
150655,0.004806763380566412
150657,0.012124832731299417
150658,4.809096220075131e-05
150660,0.005547127763637854
150661,0.0014519691072144754
150664,0.01674403556463922
150665,0.00014997471588652702
150668,0.12028239618541313
150669,0.01661518703821042
150670,0.13272808695668548
150671,0.004925335934199408
150673,0.023522913242235776
150678,0.006033558675846784
150682,0.14330270408282728
150683,0.15090400981221858
150687,0.07060616010618379
150690,0.003758753778633725
150694,0.008516178239129922
150695,0.03288038188466207
150697,2.5207715320761565e-05
150700,0.003288805315771781
150702,0.00047912869783052524
150703,0.016844976500112477
150705,0.05717007460908058
150706,0.0022085549653590424
150707,0.0040247993505903015
150708,0.004179163435932619
150709,0.008329900362582068
150711,0.005483433203742294
150712,0.0027748307532898843
150713,0.06215427648645354
150714,0.005860777087296971
150717,0.005045538706256963
150720,0.0034627765856614597
150722,0.13755956981072154
150724,0.07669874635086454
150725,0.003669199882239754
150727,0.02060952443337389
150728,0.08170393084050144
150732,1.684889050472768e-07
150733,0.004102053094889563
150734,0.005903721170687731
150736,0.015588035977947279
150737,0.003907747033060591
150738,0.0036434938273473337
150739,0.04725877205331769
150740,0.03137061837706657
150741,0.018052224324887445
150742,0.014751437407645597
150744,0.0840291925151971
150747,0.03663501840502156
150750,0.0031281266005326654
150751,0.05613708235370233
150752,0.04639860120241207
150754,0.0365385852606809
150755,0.02388032087101027
150756,0.0021949990632766842
150759,0.0040842138931582
150763,0.003844242702400133
150764,0.0038325419806838827
150766,0.004547479454207277
150769,0.1292647904225551
150770,0.0002706183324348582
150771,0.021176375503421545
150772,0.007535897702762079
150773,0.0013529338106101042
150775,0.0024382812637295764
150776,0.003683754310235546
150780,0.00045576365172204176
150781,0.022323472920442358
150782,0.02736418151922885
150784,0.006216761713416428
150785,1.5538704961628385e-06
150786,0.012505732950439327
150788,0.0020394646612891853
150789,0.027192556774368434
150790,0.0006896143173986507
150791,0.00035587111718971476
150795,0.03440527244408891
150797,0.017151218684178585
150800,0.005129368761517166
150802,0.0020068109305775585
150804,0.10785662848751945
150807,0.005534394931060684
150809,0.06340391636076989
150812,0.007082846827393632
150814,0.029745320498575048
150816,0.0846015700553169
150817,0.030814773726545328
150822,0.002273333350304531
150824,0.1078219513304656
150827,0.0055073295145913
150829,0.004409089761749416
150831,0.03646211246718369
150832,0.03412971233350757
150833,0.12566517150452686
150834,0.00192331472403519
150835,0.0013200453422608077
150836,0.004782331015189629
150839,0.007740960808602508
150841,0.08746492783775242
150843,0.10929519452644403
150847,0.0004892027498883384
150848,0.0012727414889043952
150849,0.05004568204824949
150855,0.0015846261719079766
150858,0.0067041321743505815
150860,0.02633709576748488
150861,0.03246057545355451
150862,0.0033643523795447417
150863,0.003705869391688369
150865,0.026665274292483634
150869,0.04428595949198832
150872,0.046659962163148126
150873,0.011247457031083733
150877,0.003943722972012141
150879,0.018052224324887445
150883,0.0034201281621093417
150886,0.02210978560669951
150887,0.005380440932254867
150888,0.021096086810991017
150889,0.12038652796544916
150890,0.001502104753899365
150891,0.004466145998344255
150893,0.005164876709868827
150895,0.15607065495588496
150897,0.0338212716333724
150899,0.004439202385578474
150900,0.0010017087174326387
150902,0.007278770292001269
150909,0.046739100264782965
150910,0.004966296449947722
150912,0.030289784857354753
150913,0.030898407049399865
150915,0.006104720121689401
150917,0.004402762953688468
150918,0.26289801475124996
150919,0.025343614657401564
150920,0.007224444363491646
150923,0.003344098404147706
150926,0.030289784857354753
150928,0.002525861286809233
150929,0.05693170298851508
150931,0.050605616363369875
150933,0.005156765478243075
150934,0.008749032443347
150935,0.004755018737899518
150939,0.008625795698679497
150941,0.004006874846372041
150942,0.060484495447813674
150946,0.27161305211780307
150947,0.018539309437522213
150948,0.03739800523889199
150950,0.008705894647064562
150951,0.019625381569111457
150952,0.027640921396234107
150955,0.03151531811565212
150956,0.012141011184874964
150957,0.02633119297323967
150959,0.0045767780821496665
150962,0.018128254617437382
150966,0.009043360961325356
150968,0.0016395725362248685
150969,0.004270950528451034
150970,0.05148629874779364
150974,0.012405226490183678
150976,0.038812394348585126
150978,0.009063501091811468
150979,0.0030297911979430144
150980,0.1136126667207343
150981,0.023438279161751435
150982,0.02337471821886929
150984,0.042993180642952655
150986,0.0033249268500102663
150991,0.013517989811191625
150993,0.0033005827427412806
150997,0.01567029075128302
150999,0.0005923613469182932
151004,0.018371963026758874
151005,0.005925023933984789
151009,0.05229019840415749
151010,0.016731100307519238
151012,0.0046202547666194934
151013,0.0015766365357057792
151015,0.0026665454310503558
151016,0.0031242283409084266
151020,0.010458791069140891
151021,0.005555307770268098
151022,0.03970792559188493
151023,0.02073529061995461
151025,3.527489294767255e-05
151028,0.049201938263889015
151029,0.0068440213464892015
151030,0.004888349660005532
151032,0.1212607422806987
151033,0.12971755654906258
151036,0.008959357400694054
151037,0.02041270789985142
151041,0.0038407852345305597
151045,0.004158951028839835
151047,0.0019821987932363092
151048,0.004022363693120531
151049,0.03385026600169704
151050,0.010247140168490132
151056,0.004612812696260553
151059,0.006541442718327727
151060,0.00356256971927102
151063,0.0030365379119042875
151065,0.012516216601673206
151066,0.027351955409106957
151068,0.01868634162038423
151069,0.018052224324887445
151070,0.003901806587620304
151071,0.006231460288451909
151072,0.007180223802450566
151075,0.004988686691157752
151078,0.13127450069819957
151079,0.10986087201272048
151080,0.04098724516723344
151083,0.02540582799808553
151084,0.10215481142996014
151088,0.0037792464478261277
151090,0.004348811382331931
151091,0.003921647914522935
151092,0.023462498627104547
151093,0.03119927337173251
151094,0.017713776193927194
151095,0.007490348819893189
151097,0.03015250575812275
151098,0.0029137984037931586
151101,0.0021359952975779327
151102,0.02083255811944886
151108,0.004414467974531449
151109,0.010323506793813178
151113,0.1245656563003673
151115,0.02193860966958284
151116,0.008789626619261628
151117,0.0007052743613142226
151118,0.006582857958778055
151119,0.0040141535460774605
151120,0.008810746257757986
151124,0.005737765409996462
151126,0.0033731641956162173
151131,5.2923005617650486e-06
151132,0.02714406748295622
151135,0.0036273036651815185
151140,0.024482489988182067
151141,0.0023142485409514543
151142,0.018052224324887445
151145,0.0032026790340604675
151147,0.0056072857938457695
151151,0.0030375625307390553
151152,0.004390240661047912
151156,0.037162636076597255
151158,0.005850450648948865
151162,0.02256306127949094
151163,0.0050985870656735256
151164,0.020519073642418388
151165,0.01524484896392867
151167,0.006055368963671471
151168,0.005844317286853197
151169,0.004366605225584705
151171,0.003341200925225449
151174,0.0002805588802952232
151175,0.0018720777840503847
151176,1.3571447171618525e-06
151178,0.0043174686387593645
151180,0.002721817129312886
151181,0.007074451434872965
151183,0.0031677903620719178
151185,0.013754575365333668
151186,0.047466075471709133
151187,2.206809537535711e-06
151190,0.11497641108013706
151191,0.003918399981727762
151192,2.833589662993439e-05
151195,0.0014858676015864936
151199,0.03199508923464378
151206,0.003462368468166183
151207,0.002901134633353876
151208,0.0021206200451948163
151212,0.0006733120627019665
151213,0.004242376886861641
151214,0.003882035202331224
151216,0.12028239618541313
151217,0.004251243937133755
151220,0.015189583323419588
151222,0.022892120504169354
151223,0.005153322249283845
151224,0.005790261092572136
151225,0.031722135841526555
151230,0.004125751065311189
151232,0.03616288631790743
151233,0.13572139721742804
151234,0.018527016207068932
151235,0.046445755484392684
151236,0.035919877916825056
151237,0.009908370381239222
151240,0.012375515190544717
151241,0.006332415933072859
151243,0.00030111629795400016
151244,0.022120847004165153
151246,0.14501754433210745
151247,0.004947947614402074
151248,0.13842824134217757
151250,0.09387304943131543
151252,0.033250303298445825
151253,0.10093646893242576
151255,0.002986301786550017
151256,0.008504843194837597
151260,0.018292605795518786
151262,0.02200119887286233
151264,0.0018401619030280565
151267,0.0001194166586137973
151268,0.0025530300612389076
151270,0.0019734132480882013
151273,0.010365990284241025
151274,0.00930674311621027
151276,0.025727190889655496
151277,0.1268976301782183
151278,0.05236617610763532
151280,0.023330560382562655
151281,0.0180703380245787
151282,0.07128805113684172
151284,0.0023005971852195443
151286,0.0178494772505006
151289,0.023286677239214446
151290,0.00707671599682811
151291,0.012063621023698538
151292,0.002272128348546682
151296,0.006153911173159688
151297,0.11112540158905986
151298,0.0064538013569729845
151300,0.014189025839272638
151301,0.018052224324887445
151302,0.06308924757322923
151304,0.0117941626804226
151305,0.018908911481530857
151307,0.0028036517818180056
151309,0.021213533561170117
151310,0.01747037975185293
151311,0.005435492236700713
151312,0.004145519175933616
151313,0.22256186960111138
151314,0.04941630656074774
151315,0.0032997168157140712
151316,0.06890251116431298
151318,0.0030569899056104317
151322,0.03484379747368604
151324,0.06683795529529102
151325,0.005726098662692481
151327,0.021190441819975522
151328,0.006341133890045072
151329,0.1093357224202284
151330,0.003950640051165174
151333,0.0016668670320152624
151334,0.08237991711727416
151336,0.010107743099681986
151337,0.10339246926931583
151340,0.12160195587601169
151343,0.06888150487831397
151344,0.006196295510525414
151346,0.030289784857354753
151347,0.004409183727558934
151348,0.024704324910725765
151350,0.002028544870720052
151356,0.007930655312803578
151358,0.05921396617115497
151360,0.001422509010054645
151361,0.0034720248127008383
151364,0.019226316898640794
151366,0.003701929766042235
151367,0.012388318324777393
151372,0.03661384038407662
151373,0.017055148117089344
151375,0.00572250025766267
151379,0.03349766729179581
151380,0.007026214990792316
151383,0.004135978558397425
151384,0.0032581387360822722
151391,0.0021470671415758625
151393,0.07811251567089193
151394,4.289452466714368e-05
151395,0.039375595261714746
151397,0.024832358621119974
151401,2.4395983201217477e-07
151402,0.018052224324887445
151404,9.451690860133281e-06
151409,0.010477427242927882
151411,0.09622069023113336
151412,0.01807301241756618
151418,0.006171026601457791
151421,0.002783599431004751
151422,0.0035470093798300757
151429,0.030631458166855068
151434,0.018052224324887445
151435,0.015790936852288655
151438,0.02295227539090418
151445,0.0030972132238670496
151446,0.011184863697623879
151448,0.004618599663467037
151449,0.006878313780505056
151450,0.014566337265870734
151451,0.13674023681165248
151454,0.056844584127204854
151455,0.045191869026474915
151457,0.031065023872807008
151458,0.1488213860785001
151462,0.0199894276106913
151463,0.018474676670985228
151464,0.009217915115046691
151465,0.008302501694660734
151469,0.021673809701713165
151470,0.03178950407815078
151471,0.00823002153538744
151472,0.11517538696454817
151473,3.572518489508135e-06
151476,0.004096335826783888
151478,0.0027421023822617454
151480,0.0034317930967020785
151482,0.0068794274799569115
151484,0.03849798571669837
151487,0.028114263251051243
151489,1.2994748272219252e-06
151490,0.00445838758523664
151495,0.004641464867344672
151496,0.007318867853381214
151500,0.029282416804224855
151503,0.013394888936799345
151504,2.712537546833391e-08
151507,0.012135358621440084
151509,0.00999844469172447
151514,0.04988438832056141
151517,0.026689790890907554
151518,0.0022939760032668556
151519,0.03409011542589576
151524,0.11193500706559698
151526,0.15232332457636633
151527,0.015972693367359556
151528,0.024657973820041822
151529,0.008656579041664267
151533,0.1433684543959514
151535,0.00038119724300129547
151536,0.0030677237494025917
151539,0.0047353773429143885
151543,0.14092909641207316
151545,0.0036271909601546066
151546,0.019620181006303757
151548,3.934261021152208e-05
151551,0.013832986458583045
151556,0.003035587861150584
151557,0.015310182005413743
151558,0.024012321872475994
151559,0.00016167544396719776
151565,0.0037515532912878492
151567,0.0038943466713494794
151568,0.002301374347456732
151569,0.06832735825485643
151570,0.14917636931025732
151572,0.037013434421510616
151574,0.043442966409353544
151579,0.0026161997389769283
151581,0.037037482702931314
151583,0.044907726048510906
151588,0.10774989230055143
151589,0.1459409011961272
151592,0.004572795950421677
151594,0.08381438063360207
151596,0.006175084505276831
151597,0.00931554287944616
151602,0.07196206754337206
151603,0.002279586274689823
151604,0.00437272943667476
151606,0.002998154781325634
151607,0.025557269961271098
151608,0.007628129488491768
151611,0.050852923698533205
151612,0.025240237732854155
151613,0.004261100991027444
151614,0.09536908392287471
151615,0.0022526855817852436
151619,0.016470345653553285
151620,0.013276423990600148
151623,0.004801602865781701
151625,0.04927454087762512
151626,0.004665428964402829
151630,0.005979769268956446
151632,0.002459427056765895
151635,0.012144921109640237
151637,0.01759046471219973
151638,0.0291531719622724
151639,0.007937605580126298
151643,0.015106907424617464
151646,0.00494421342213566
151648,0.14429917751544338
151650,0.00895621250042461
151652,0.0030075163655800007
151653,0.00020026006995253905
151654,0.07030355564614629
151660,0.1081094917817226
151661,0.03443213672526469
151665,0.00491909842997274
151667,0.004143296144942931
151668,0.004779145122277063
151670,0.15034480755155533
151672,0.019409087342959763
151673,0.002800627622239585
151677,0.018738839991271763
151678,0.03580644792272909
151680,0.17411623466040732
151681,8.914519859038395e-05
151682,0.010818121305806836
151684,0.10604775669912887
151686,0.03928652944501495
151688,0.020984795698583313
151692,0.0775593704005423
151693,0.0022748792094963322
151696,0.015614024664872522
151697,0.0017359017657992053
151699,0.01670030087389202
151700,0.10171913600565247
151703,0.0007563755100993635
151705,0.0005152528644010093
151706,0.02691839313681466
151707,0.0037854715361325705
151709,0.0023205582182363868
151710,0.027958858461784537
151711,0.029006144283083467
151713,0.003944173145869459
151714,0.1468166305470717
151715,0.025790753600265906
151717,0.07906059766287354
151718,0.003934427236911587
151719,0.018052224324887445
151723,0.004989921226377379
151724,0.005689009965778643
151726,0.0022033284443025063
151727,0.07196206754337206
151729,0.14891796064702595
151730,0.036110876746895726
151734,0.012467312442701809
151737,0.005911611245058489
151739,0.005436136640415736
151741,0.004984441232181464
151744,7.1230791440539765e-06
151746,0.1042728556058275
151747,0.04641093017491657
151748,0.004209928558967882
151749,0.011235322984288268
151750,0.0032739722989118024
151751,0.027591313355507224
151752,0.017082297875969744
151753,0.011153050854255657
151756,0.02479355435877859
151761,5.726137320502133e-10
151765,0.14889141031307282
151766,0.0034807740123726895
151768,0.0003111168139775576
151769,0.04311322659749414
151771,0.01500251794521311
151772,8.924954298628882e-08
151773,0.0039097019723853856
151776,0.0058074891528863545
151777,0.05709397735619421
151780,0.005377395874489714
151781,0.004981755994041268
151782,0.11569608269126806
151784,0.14554031762665504
151785,0.02714406748295622
151786,0.17243760349492632
151788,0.00016396354484617812
151789,0.0012683253106606294
151790,0.006526178887971133
151791,0.005045470808387242
151803,0.03789108866949967
151812,0.037154048817959986
151814,0.024330586607400354
151817,0.0072704746824456745
151819,0.22044533681073725
151822,0.008879780227264525
151823,0.03058264024524309
151824,0.07699862994031703
151826,0.0010188826395973122
151827,0.007396375966072737
151828,0.007162412162932162
151831,0.028194532673971862
151832,0.003928080084571179
151833,0.0026804664277921466
151834,0.01752404742918241
151837,0.002993532134529629
